1630
145467326 972586684
896583647 136351052
980729858 237333497
678990575 330891851
104733209 587573642
299035186 202273607
587209560 169235753
779363653 117963157
521168135 856959639
859294616 318932943
152349304 5136228
452862733 120757855
983263532 686940674
850626139 943207724
540803683 704096212
856769327 38345124
387936481 911745650
227552020 731604234
728786327 428142226
813617265 795263924
797932416 509768252
421150556 453213197
703814030 186686307
183810309 324176752
758111210 856072791
34180257 339893453
297343789 936763313
49576154 160109914
104294451 884181107
882511911 746066553
134413970 340482973
820070332 526765971
36986198 712541003
471098170 135180481
409695275 225710276
821967397 54993219
853839396 39128496
200652931 438871743
525880515 491762112
478444539 523523149
693973312 852524135
761674686 988781778
810338651 867079837
296379671 757819333
729825195 3026269
703406126 763112476
174603018 691447813
127772786 489661517
535114325 830987190
616064383 365486390
941411107 628426459
867771825 240316245
19084576 806666864
881806169 273906290
881371081 543267241
750627914 443097297
956600086 454370084
623797483 587568206
169713040 148846860
817902663 160303219
247128193 276497378
869445852 902713274
273033411 356963626
874331676 321941843
261482945 14537527
997789222 233257354
375792207 974275448
211092537 911035355
269599235 661472930
836335048 508190026
377591526 72579988
892095448 852118915
628422534 638343339
590261229 786836640
984829199 746500625
306917309 729950943
813037557 421250897
809310450 602967713
408500617 223411376
609693845 566260792
81447928 434015592
57928501 378775752
569939534 636539793
836624445 382622703
139485731 165826989
610769754 424029463
504004361 415855812
12779751 780561689
361982686 417223654
174141922 995887856
852856532 468277670
334164604 926293651
567508134 666106493
177863976 128362809
646373187 506759758
282363265 365308121
702312082 568913504
740038433 768907283
803321654 483765359
773623964 90002520
979872621 245862148
542774888 980688525
599436513 163614651
540296172 886714225
496577898 578040786
586898651 480590093
83940335 917459762
475322175 648788617
114517544 535307745
4975963 36847935
832053776 877572655
389968493 932753840
729628716 90662304
371765276 429263347
918988931 279033725
48382318 859066986
708797910 463227069
805242989 977800411
142803402 195256755
283256226 102386839
156271296 303518135
146102497 861260633
933395403 83276227
622453064 673648804
590407900 8690772
155644030 730452669
915935187 573306310
667926612 471014925
376832255 214266488
551097501 148177796
431438094 410526866
81568613 818643622
257608011 43455526
132412698 271609410
197469487 541993729
257647062 883265342
448037102 53316033
884178519 969284044
324084605 51479785
527061309 266124337
525331021 584175792
362623453 953188678
966425462 369194891
396475714 35721854
119403049 174882612
837789273 942062330
418478895 225809913
259514042 292866344
433697361 528755560
103567264 239895337
141705247 526457224
700046031 617625525
813363336 64187798
467341497 252093009
593651678 379201135
57072138 881750387
346293275 16539319
434845450 46196453
975423167 181451661
868804500 696982437
277343109 785680933
139421645 695511931
529705673 484175646
406411741 587346324
771451235 318172045
309028249 799607812
669408854 202888900
871743050 737419511
335552889 197043602
414153520 395657322
369291759 671752812
875925364 837762832
718639444 87108129
407397874 997920588
492307299 832915147
326003020 522688532
977711710 467999593
524649277 479730399
811523222 328940244
116030599 546007015
422613886 548436787
934355925 877921070
387471241 853443730
984747864 691831328
583906713 406528736
150478301 871427886
214611861 572117120
376590358 257779589
940536433 17738843
590725876 417272364
668377535 837185084
630334449 511786233
223061590 579968768
323460791 19811443
505650089 966564350
247484782 208837829
906569660 951333237
209126567 473760088
242581670 158730191
183296371 257163813
244452676 858621059
467827903 507896054
334043540 96446880
991471344 692080866
461931666 679746935
198445013 627475646
971608542 780239201
380789796 471233045
730581072 119313355
759480704 277094862
174298920 438859595
143598350 638764796
482707158 281547721
45155274 647297835
856163191 763662129
179911660 238098737
892509546 126076247
348926940 318553291
704138304 342285593
451175526 455445587
839568559 545308682
121539561 91821881
281838160 194962502
860082900 819191372
31375038 285530129
997349542 262141466
784186799 108167132
524639895 369719288
621186553 302395055
254781297 492685179
229536731 650610462
587128172 243257628
559565342 203909480
248672579 431184092
524949955 443767436
670079417 182699619
729216236 321104442
424681230 683402922
394532103 162751514
825968575 40521796
949154058 950441912
980634265 19398510
854895924 625826541
105991502 823403305
281182048 351970171
360086671 138583739
729852331 313490505
146622811 909577060
774412136 247781380
114634679 538990893
701966614 1715737
530615225 13463438
836500420 307719995
767765224 105977290
970362566 413127758
956620753 381552753
358804842 773062906
750272625 70271104
212396688 551752101
32793089 455243269
798943652 740668463
536895003 272669335
515312474 431128344
971438107 283979535
654839323 663214234
507370115 922819148
655966269 864887685
524417532 619250015
552461179 196411507
263087416 257625040
357561655 951884941
539407495 30788636
640012333 526027613
333027467 180310398
249537981 765249859
801982285 537377319
346317128 505827296
341699160 64015266
732261753 574152351
45560085 936093655
76713979 560117249
716308293 103863078
311051631 878480327
70356355 877834508
248988506 775713604
756691333 160916800
209494977 708245752
453353543 556837077
152704561 696849307
690610346 859348415
507592270 487261579
469153141 464276846
262336217 886173944
543226836 89625029
973823805 142991282
82145517 186174602
766548498 419766272
662718734 892687202
203027608 862605952
426255969 64930437
298139512 428699762
921377110 565728612
975963216 447535018
662798371 705297939
194152604 674281259
553002509 313515515
885441553 463481918
385821678 16629172
876298979 315023228
179495720 184810093
114048934 529128791
399871913 209728375
212728011 928043104
525798103 219255039
364528280 661717318
942799600 988199001
421410473 56561492
792269103 178990903
288964779 454016282
605552695 588271899
642493727 140898389
448549313 608572595
595261284 323684789
333386057 752799060
129545804 715475893
792196861 578882633
260622538 749585092
883538282 715678902
199153308 191268269
335734307 137454410
946745456 723930639
183739841 793814708
35004870 67155294
602583695 141263152
946896952 96586201
718521517 8927568
204476163 490174323
396121128 681078005
494700705 568828682
534583229 167938542
360560249 918610617
271467005 692310653
250907095 404019212
185932390 205002759
639929759 459833150
780495571 517567248
942286934 129505734
759306975 632978842
252077648 242867172
513244025 412981645
19554732 625976861
802440765 270374761
703004093 311858292
83823742 662596293
507631957 284843203
885167274 571335364
965762058 784098666
829896052 369235127
218785308 627139666
974000467 115716098
402451924 973140968
910628510 944520998
350790645 878063718
350830818 279954558
707822014 638185161
630034103 24172715
52595314 456618719
826744339 335779351
528014874 173392924
524183595 191948731
460771147 454070055
423835658 101177979
833710922 642659889
505651067 803701296
747269883 681291339
751498860 77502963
685617177 680068662
36081845 567924205
73879991 318007595
343167606 349318140
570011180 677659859
702705727 437677784
554102135 880448130
777876467 771332048
263683879 356846409
570515439 803812918
349122520 733329680
113418493 731509565
656011865 84656353
836232539 492779087
454679111 749629483
97520763 72890783
286121589 74238567
164987641 565907917
301727151 281372756
472537822 519020129
566015212 140451298
491155677 101405004
939923097 129258847
556254213 812051234
684734934 287952194
778361873 258457214
446421597 725980794
509725003 310380721
59529779 721348526
659002756 746401426
526798339 73006675
971172494 273578846
240561147 985992013
717079930 326229901
906659174 848365323
369863700 242909830
838076600 482058392
725132284 547725275
7210518 247639145
646575634 764376168
415292402 983538107
703529869 1235939
292773944 496551002
503601627 455641320
3222520 494905182
479344049 826952709
346251471 327129943
842607402 230971578
506115891 265842447
38399941 865920197
188843720 522236991
774981786 437551851
508401719 231530192
163983140 580091262
366279757 776341364
652179205 304614023
205884898 582893739
792879783 811667950
260757772 356457898
985076887 860886438
288902677 920274517
821949390 15989842
202574252 950199952
308698815 636822254
97832342 92575045
618700111 993077982
733755689 981098920
586899885 457122858
966391382 691965166
695374129 729088690
8938118 682670780
835149982 27873133
224342168 631228176
761585425 697696790
253650652 352441210
128200745 119270557
652087643 133436751
483331665 492552749
572550785 710757764
711139513 827087773
760485843 376043731
73807489 710827397
221143119 446846881
465391572 904014547
12017949 894337629
74370071 275351422
368359814 658698449
335254497 625185280
580614445 288905632
934092065 920267870
284304315 381834313
341529437 801836335
128005633 907157513
233150822 693156044
514819719 764711039
686461360 584884468
815935344 695045410
207511748 583993074
378590105 774217918
210775887 561025061
893426134 234802247
823957320 113600031
925531962 117786756
489265213 68280718
357216553 434414464
900074783 481436745
595184531 392792131
129778421 819806869
227830545 674198608
527464135 828907630
439863490 815519253
383394794 206188865
828698968 149115034
747610281 908559231
100738483 896168147
564148683 394272073
569452775 54359194
924641830 520607297
904723365 422470548
933575984 720943701
81065825 795919659
34763539 558402088
659204258 373353639
789930692 161058328
660917948 629311564
711493631 281476387
47732219 285494546
810603421 987182907
260688796 127127326
475025866 336151743
738515418 936426781
385718354 250873009
790639136 867646202
423813924 597571435
733812197 755965176
540847475 474921823
715559618 21021320
164245705 355255943
455598853 680502036
290200657 191823744
211584908 79610230
882316401 531475124
461624593 843939500
953236807 498946071
420029541 948148027
825830287 695107063
426051642 969847607
868135408 6414120
810757857 744706322
405225382 628235223
231948546 113130827
848693285 246952057
351720708 357457065
720764627 740219201
470991457 894964453
243308924 825550966
992396653 179587125
940862184 925544496
463582159 505611505
552357978 603552943
949489513 899382701
631388173 159245447
166164070 686419723
214601070 436964425
686544191 803916642
471929208 886463873
30481759 848216346
89282601 342012808
569477429 573446988
839667732 96583806
790966788 119943135
204183785 146343011
281134884 728697366
485594123 531692277
493950107 203700000
723312375 531508457
190001915 158493123
201681824 59028045
103601927 913445779
347757712 601896209
182886682 998159923
26558009 748040706
891896114 625767037
262882476 875526092
152508928 943833994
166904542 325355289
560897 36048002
929257610 439471128
657738236 840872612
476066966 566592167
18777824 514884313
306858626 860440433
244644494 183948107
534824680 101092612
967282998 294110500
617037785 216212880
907503166 808652529
793108975 859937731
629198792 629303105
264929177 533643803
715558965 634552690
89638988 610735248
672119205 198747471
709683812 968146446
783565090 26266030
956437808 283872078
840219367 825738689
643925248 624323415
597231778 996768561
103651248 622867287
995130007 18235291
427769420 129771981
42845457 926328584
628264357 520009422
443686159 907156879
139085445 224846999
653843246 593018314
59492187 676332130
910850635 34350096
485399937 660043508
520780224 389136350
72420509 53185208
237303261 525671770
691881357 206706457
132160164 220647684
790781316 157319186
451888126 203014702
736301099 45797674
736818910 682038576
248320262 302652231
578313779 467714500
746425632 798641259
535921741 362979002
575312005 389677840
478011781 133071268
778546873 526517129
899265920 915899793
427387283 938372407
914501340 290226336
184257228 223833680
606642194 376772405
687529590 413260286
447781432 429206849
221164524 771340078
897559613 88123284
113504635 68699569
152515496 713529010
178735542 189313071
666749268 398313193
616016172 180818024
55918215 121550465
999869874 163824487
782394521 424682915
792251443 425711928
68080068 30026651
923891018 483218468
105810583 983566636
922278530 500704085
843487542 804370919
551234805 783111351
190699185 790603564
427982214 704963357
143807588 231716992
33167401 55289809
63027079 323524924
452482132 317327033
870171558 357487614
340181948 501510643
949286182 695997738
439276502 27088553
216430907 904312466
27380054 600256629
71339882 917082837
726275530 373532441
87054139 478917472
353702942 58239204
396833264 190167768
855619200 711684737
189499560 355224933
99547085 964742152
64010616 126868181
308063653 768784007
579801367 529936523
759046798 971870060
434385541 309075881
72344755 445090185
402679652 499118085
911154300 820292667
391602334 878539904
153127589 107612064
452796450 191251618
933041442 386155048
60886200 573047947
560370478 423662398
360615089 356768273
188623187 46205024
224354779 919676334
971901237 194017746
725195759 357895502
503013899 463173950
979394792 351608269
111681578 271216759
800524005 141266899
790561162 97196953
603294108 197776909
300158536 641250805
620793416 322054889
379041585 144013405
340335750 228279160
834018348 960936312
397477229 76721877
205607036 260367966
11837554 57718338
421201516 474295444
973533073 14262726
963351874 761200752
211160127 684996579
100255827 666852214
330032691 993312947
489688188 945695878
109166683 20886771
773529181 356581966
634663908 319273714
60678388 66620548
685882941 320237026
318333902 49769293
498817480 542699334
817574824 592632964
677606250 540532708
96520431 143168952
86825364 765712516
834555668 993318698
971881025 970178156
573133270 683213721
117203443 367186456
886705506 712592380
363029664 708251267
315651164 290380832
801347939 689643024
11098857 460907746
52019933 861369319
717169479 356679385
647968811 762900678
564898222 702525599
783519556 258401632
759407646 986894625
838997222 648365369
309212927 411506703
743600557 837653374
597719688 531507294
425760957 950326593
66132474 427335934
837707098 298433409
362477920 260410716
652691054 1601264
795915479 424114317
112542366 216893021
137319101 829008960
590064198 653325455
521011108 836506023
956140983 536218298
857877072 412865762
788492730 891990528
55117194 137392994
78259999 268075792
95055638 540255992
857222714 137665971
734134004 780469985
141822996 239872874
776019561 732911493
118491148 481796574
126156989 721617777
687965629 976423828
353061575 900613989
702025320 227514517
804373781 626190905
942628948 794603660
761358479 252143475
789154652 454095516
899018694 930859315
100200834 92593621
723086346 393458327
105624636 396424197
748925905 735543728
231875962 642034944
835188622 847573084
86690272 394764313
435188812 221220730
222791164 93057498
91303135 828857734
557468002 220841331
416903495 178338008
592467683 986204464
245836681 327224861
689278496 623725218
520206834 906106776
163042891 416689407
839593064 6456992
108025221 10651325
315751328 213001196
254877341 422390791
570019746 211012380
98246016 896851789
435204118 837238371
112577806 82896521
120563992 312909717
842273037 295794624
313071242 667551726
648039096 989100036
242041128 464377229
305796901 745984494
90874805 814002901
351969429 464546164
55940703 703835657
655932086 117848590
584730539 373558852
201284506 565826056
285807352 856663716
918317013 523560561
969549627 825662650
138303831 425209007
661229621 293065793
891572405 39980383
722944906 693227673
461241327 805663173
485051307 813221904
654829147 715803737
63783806 579850116
339099949 784105021
829704068 837241374
747789230 524680758
134574406 637543516
139749050 99162572
84157383 8396981
37762586 454310242
399658886 703916343
83658886 776232146
842014820 570381640
512303609 116842371
473146915 678353982
302573066 135828199
554915154 144207077
394987308 105864602
126585022 152500593
642768695 180658457
17805535 210720677
502271924 340891315
114362180 339763053
363707620 233606825
93299556 269554132
220286682 958768131
555960996 755080185
511937774 596719074
37785209 198034140
916051105 227666382
83050501 915832480
981185717 758829681
925895544 598921340
881871701 336541809
986365184 178459720
642346452 668401337
887742306 577250192
182999986 980475005
276802321 180154879
426060026 20281498
79451279 919660019
734542555 903421369
432061182 846309318
783314562 431841761
788714347 666441431
629710266 165753319
604763500 409466295
992387122 173016282
649868471 814017026
108793833 935348448
664661818 376643658
787933363 736088363
312420409 315839692
342120843 569758880
616212723 893807805
688551702 641550213
59508569 360037800
321290419 850958182
485967538 686314560
453812314 348242780
386124340 599490674
542491909 797302011
989392318 455626007
611616023 461017265
479261019 134081102
26235825 129060268
311584049 340935129
246928211 701894439
641019499 612406224
821029908 491651712
442577709 258211718
60005849 820229169
543315198 815321569
184727909 795264806
568037314 798529274
573933305 113731179
733027385 731819937
507265432 497422260
355209284 227808505
402132376 105783695
148096793 884306359
783176259 187915275
353582541 175631850
709213744 715098334
68444146 960343275
974297951 554650156
112375831 754520863
106570389 164916415
421465389 714757064
580769860 532144733
729858720 496489781
39259241 226866991
868876022 439700302
803823398 115668307
129049829 525404534
563762959 120069046
349861194 385042482
586745624 312096369
428294948 351976398
445703129 278129989
194065692 585411789
274219429 74766563
22050128 18620307
991789143 144868378
701904907 962652373
797062805 175570072
648178430 989020647
853257408 981574885
619972298 260222914
472484623 968587803
276610645 475811061
807396292 604175500
245531992 377030553
68920365 39382796
823913787 605357748
720697860 372791434
767953587 828630049
689407563 676660769
449949678 958431292
419577589 925558522
876323764 362508211
340835572 712730401
874605417 734827456
847261238 429583751
915111390 19748374
542923187 4387309
682536223 419079847
476702887 214817656
64444720 674355746
930665609 987286901
677733744 915668162
381257428 888888631
991719943 240702315
296212776 700564004
692573918 649603759
449026123 415801612
152672298 505459190
26988486 725136442
452165835 197676178
613217157 779295264
470666479 397673907
343646925 903618258
982971877 788373122
613134365 300331049
189896677 21235619
361097934 284887361
951493633 992761181
119470172 240271647
335090532 401111087
563526388 93952790
128178043 687319908
816984900 193935907
335708859 48373261
310297388 776501610
349836193 373058330
442013471 709331914
282774721 412175776
522287746 673608177
243426512 23246311
999976729 977717085
47831945 859593311
800847640 840735142
873073238 483746236
411572028 229740623
662798531 110700633
617932897 585179037
569138682 575619229
295353898 717189647
266963317 86794123
484943433 694471863
244504789 156489809
863771164 432817057
986166935 32203610
454672230 575165043
689680971 93498449
661053631 861239123
858614503 475393602
71883000 751884441
879463353 19517977
284929079 734266122
59813205 841530634
759658238 573525845
859708112 950647465
965299159 672095409
45352389 148035699
991345895 233862688
67452948 195572489
409621332 44903742
137137222 114827734
471545057 661901156
9236927 938453904
380593940 952424162
440909625 556730153
328326309 425626392
726541692 432331653
241537482 823378932
591953372 361528087
306977665 711227107
398606840 262170485
53106960 317298495
874179438 730335963
667114243 566771221
333732211 441945172
245990850 647077859
462582851 805864770
777943925 626563973
925638654 592482699
732411791 626604180
619779480 549562452
861107021 88683267
179411188 772632552
684504318 380678307
976436329 508834046
371996525 655142078
951919222 964020874
488224892 765020236
443914171 456955717
233788030 566567988
134920588 245445807
331694513 960549431
779648699 116807001
840602481 744948777
427435262 10525091
30098128 905393426
480034149 990346446
221101849 827805785
956558773 45805669
406074278 81579689
756278913 148746304
783308668 551897209
240815668 931027136
288895316 865726334
722661708 901992482
512703343 984219763
669710395 885337242
253880811 704563661
190185181 970226486
890822806 299098838
823475871 885022793
733685234 115844825
769691348 195665292
838464562 106402746
711097032 525879874
806172975 207495598
217047228 961956251
610725937 106396699
696438703 47422419
749262770 598391114
684533130 829460260
868797008 334943081
847545841 192180974
778867691 363950890
29106743 225642156
547772098 146422934
973201286 224320425
675301944 140365430
109021181 935651291
419677094 954484677
58644152 6839236
538248430 746633644
463557080 880254782
702669457 871451635
494058920 521464506
787179387 960405964
608763163 147689535
476496689 418764592
564445248 995741162
607636015 985151499
688165405 766194264
639987420 663934705
823776032 368602567
728111596 144111900
133975108 269327665
784460063 355789367
694149863 196995405
894590134 639114057
427652282 831399946
805115472 369716045
896811194 317156354
346239214 970597813
592986400 511460709
616207679 589815546
292841153 354789655
170679000 665152519
747955946 387230570
207904700 812295941
149409173 444422551
114564215 528651533
324773816 745974870
316145304 4318300
351924214 148342618
899584317 798836506
793572761 185276920
698895757 34276664
863084145 383185156
557362406 711519144
95045945 302259995
748793221 247371934
928809269 763568467
488933679 670630059
954743822 634161210
571245807 709139866
347267401 51061448
194482349 374504833
600366825 484623261
267951511 258669769
405131176 767773742
109889541 919318734
302266591 272009858
784959850 448862147
147921778 468879100
898424241 786287128
148822462 412146571
631585018 317026829
393157871 911404011
866251468 136073300
540930497 512100096
525697917 843006556
941723889 379183133
853053117 482586351
29312646 45416913
360232954 50488229
203159300 650620702
716314962 629684739
742384899 724896439
724222227 387644473
215619832 666018890
224299079 870966625
927014290 20677560
929363684 90058490
774296708 21655385
699381237 402278532
248289714 336361485
433245316 535051230
131018532 782954674
288233992 767662195
276860222 135307910
356122835 859651969
163460032 355180323
373670382 444200426
130629776 353448777
949352115 660793800
101230649 337055582
998623518 841646816
428444425 719888487
50896936 577062022
367620751 774850022
790237641 783598169
853283467 686638443
585088256 683113476
736826835 109532487
959530805 123182726
58832235 597086133
326053923 501397884
49597804 798439118
209891577 98485153
773272140 855841774
774976675 585874591
942529576 625382634
220981344 75896726
967211780 990789439
789325315 859392988
848225739 307033102
426794524 583753946
976141470 123034546
768453476 160166456
900836750 230540432
465209989 140114955
505329442 74470496
602061448 96132575
288934841 640748549
804252456 541045379
129756864 694506588
918662182 330439297
882863279 148954446
506844145 510642551
722202307 389187689
176100182 846230350
822425779 837836262
259406838 717809522
576985926 143348674
776285486 23145458
220629943 601124383
627198926 323001963
155131827 490942307
447909614 307756297
425055650 859874238
484196390 962192240
670330189 641589276
601409848 949205737
840554661 323451335
589654005 865784582
782099395 753969792
619289506 368990685
27764253 22124130
479458989 415543592
693961447 340975187
559637412 144507945
399767675 467572501
801443657 890704092
10062583 911698585
400005596 302283172
636927087 936896182
845645176 717758053
165305220 222024534
416544588 702066724
985797445 77364763
540855843 436719700
493645634 716112282
127417748 643768568
870750962 911120085
520279750 163228957
812553274 688040656
447801295 761862012
87238288 773825419
927871346 3631483
417560769 922373526
488275313 264878365
207951543 842267885
361247233 947939663
659618308 981090448
977329476 599453873
27096190 643029732
131282391 159855167
167286013 966059994
800313427 483606425
108353136 220838999
123800205 965992890
818819989 537224255
947562459 182941540
305962966 919548371
722870903 356676443
713265114 565913421
131871598 478382289
437354825 338473755
295587116 164968121
769518274 338158738
304281658 915816720
962286193 432220301
887532327 418787778
439866562 534619211
825886474 746041397
389880365 895896896
688551068 654584896
933749372 617119325
995699719 350085120
443932885 490082182
998180841 766432175
470284124 949622687
868314803 774012887
378992703 19985316
360295538 724535713
349852149 470845265
104127282 470105838
773362229 125667330
6867090 874757801
440648112 348810867
967903476 264385426
66892015 367985520
960707087 403396361
493432513 586857665
362255651 603357170
454180892 425010881
233871683 427489781
104515469 553371337
266562000 706018044
483958569 463633536
775615812 447978215
429582355 473897566
893215054 164458739
144244697 10860697
64925703 804509571
90459578 175984480
976282787 348128491
79680618 323976662
551012003 12542373
96961405 579718683
34492334 102405652
126431562 157319131
160978044 677682706
915606429 922688271
264137059 980663365
612933091 848695475
594360738 373786074
553469300 737724138
355067167 630887446
461710917 446972650
528072942 76275495
7024285 953202728
606989984 69399788
798143116 468350028
801071085 887586675
296512322 423628389
658713639 867099173
879008795 548664908
951587625 447722752
999773502 167199974
204853456 277650582
307683300 964075941
288223452 637117448
840607510 540994173
65302804 657999286
762488678 879847936
671118750 571111646
941829864 216976485
369486514 487364400
770609084 459465855
477443070 194428229
665779047 645009441
746669279 451469453
773270868 11869895
372475874 316250443
555114235 687916008
597746311 749966140
168035462 807828848
603503083 476704762
746039349 935298004
457903150 103133914
897938523 919959554
785320884 331614786
386580390 513489812
487706824 622399079
414882996 334139621
832745457 24395073
788417599 581124827
462007313 831708779
744911153 316115429
776001707 842063340
599363845 757602012
793592259 117396746
237904142 418684851
946063574 634479122
407438621 493255569
350653170 54052146
695411642 245551419
895703687 534197656
16798364 117022896
927402477 83826004
993345248 718379010
403707283 537097823
499161953 234069061
414823899 613767711
131199606 239648990
720659253 968574892
643800081 11466224
60103943 715927734
60497849 163746316
18279705 21067962
2376197 467266186
26419477 893591007
649901517 662917649
109626521 558484711
417660023 927571445
186344369 104902344
650643350 975013626
662630260 115982047
293246106 555121048
273951864 153712615
36051329 600619582
362914737 4917334
774494445 823218521
911294599 115822547
984429340 940093951
482692360 542382538
280279554 291436747
815386879 108180034
864260350 545298531
259197803 628793013
373417910 819143783
787758998 89080465
292571485 710383504
954568543 555101986
834884210 183661416
312641097 158003404
634026487 492093202
473127885 783536560
844573891 704282100
771713164 485273011
296650768 901618241
17667459 571900133
409642332 594731712
578845047 730214804
363895747 394267157
897897465 256936333
531545572 621614361
905899533 930812884
977916592 436773221
600531318 120919586
393828504 476575838
845841380 322320548
334975360 430985856
609938366 894817317
90906779 433392983
78546079 418948217
387029050 568477789
150598045 709709594
279312665 685015817
93217006 638128031
461061874 276255284
886184478 319497661
660276401 456188241
795302834 127997824
559024086 531574059
773573815 758498990
131931104 261534916
732865837 842962578
770899537 79553073
724512647 422929111
715474149 3644411
507688727 236950010
61581255 1396478
403836377 203130121
670767456 152991093
122726806 287844409
573023296 187788923
702867471 148873200
643048528 967503555
963332948 972975843
237495008 155756065
518264447 404093896
403738861 732469290
562404531 572642645
284404777 768325829
73398006 884752292
468502637 4573442
186673279 731249920
28032296 795859177
985737120 462349490
623025676 22436472
818636316 898908809
7890568 641094834
730185930 295030648
758008856 338412813
692701765 6270351
593038183 517394082
234192465 180901639
829321906 402766198
244843551 551152981
398212956 956627538
180160357 919527700
930883484 432109730
780540834 341470429
441283024 653517320
730283923 977314683
390174470 976136750
317346260 635219659
495058634 357095829
741247157 915970099
163197796 475021125
81574523 971044302
634330051 35626118
518922481 571688579
867797670 769333165
192523891 111638456
361349479 749698566
201555248 508903395
345666687 116234534
433637846 235010344
589018579 455447343
52332666 203101536
593491612 115825702
295076503 414225503
259310523 89759797
261075149 594959935
165527456 18617488
879087934 690296968
781965204 648392468
188776401 778350040
386945391 832985597
202711696 211675739
1286775 108569272
339752870 244863327
751208021 412767514
671362636 755765487
583108575 362269098
471412607 308622676
866246759 538652361
577727042 817703991
867203472 818629409
125986803 618535320
321971899 802796860
406200884 693137399
792867494 132305949
853377350 541593080
847947890 372868993
446456669 98942818
961000267 158752160
735871039 212783097
38194741 721844669
937974229 463331601
618136242 745610527
77500633 275720322
716820917 10478268
876102004 571534598
483887164 299994839
856532289 397859755
973286041 850265000
421641855 652715457
26688112 16715409
720949776 356003124
898905124 674980617
222221109 61131220
570804679 483531515
10073353 625422727
565345379 737271742
451593576 772485034
539255666 697975938
892105070 780518560
508563299 401415876
351269861 624469004
917338209 124681303
61905903 398950368
360206071 305827145
536575312 638848788
649202695 593208900
199477896 457934694
207274924 551876042
366837562 547678317
35093610 419476077
180571785 293364205
858343330 163151933
894725470 426392373
689058114 402355190
155425059 140783348
93091034 467121415
798262608 98261519
413777925 659950671
936355479 11788709
883448006 615533655
208326385 847965978
298479095 252723145
578748023 481057511
43331847 611343692
836134752 65929302
86114749 532886129
711071745 689680729
478701797 237582271
624833060 898782513
351161654 302031051
908785974 28966235
543312781 363854182
299440402 990552963
801674138 214161246
254402059 912462294
655453771 665999142
871402089 644526571
402051041 185332674
57683934 97009070
994064329 274085703
948219355 921883094
35824473 978250796
751226038 718465047
778658625 82601308
246838302 218057650
618532696 122405960
870405301 544506308
433623519 399836043
761857092 96635491
504908313 344607813
240471316 549121162
909675226 65075589
883823356 779201476
360091008 597597189
83032288 568395866
435226041 891186856
330078873 922085496
485967091 847213353
443975578 341270644
380573107 485554060
30851251 807698640
83918636 117963112
579886720 117834970
405887619 289785383
179015044 563325061
561614348 739456760
762795517 740348176
334857069 313432216
312949710 517848462
913064234 870322702
978873967 686417543
55820271 274201770
202707715 95204222
644614979 900070084
475186119 627836837
640830488 388487609
65529315 234603432
627753824 463085224
306132473 527778786
888770649 765285674
205070136 160214599
475162931 106082393
422422386 594545503
887527051 527249696
726784805 333053566
222912061 644660502
341562352 654929389
143678455 468087556
720977789 496129276
613097000 920025642
182286000 957027470
158544180 511186705
142526438 975067545
144818265 592893420
584264424 35368942
607149599 57834876
654565350 864430062
465489164 484660061
509626799 410863259
600548181 847873467
900585398 391150048
571606385 833762069
764135575 206984789
935740789 269244698
352927779 961910386
698058915 322912768
81569335 681884079
630307029 964544458
444407242 409114381
331932709 861507568
283289646 668709348
814719080 195539894
919687991 200329561
367577779 838748349
194010106 210236487
172222905 795237549
861421803 166941450
455509964 171945634
782611618 419991120
535103084 630255973
