767
540385204 639261576
493689647 327534178
228458942 108563652
608521578 399366853
915381990 238537449
217931282 690659335
599605160 833928276
194698280 461745552
505276725 666859739
195422185 299654129
797645808 513299891
888842937 337951210
132032596 888166925
246229778 797963335
678469045 154952963
109362449 73299083
886067931 571377260
186932854 798815900
937879773 897362140
608512329 773805985
465347841 953077522
377312712 174862486
439126136 216079639
835469338 946998987
57506900 496024628
801152046 200843231
741338584 778336394
557660523 948707422
690680792 856858064
21254543 905134643
17284247 577722796
594201325 225044558
339682263 569561479
10742674 905489056
353987438 231219892
793526342 769578546
873631410 926283056
653796838 506016218
513660104 494462439
485088958 545126893
674677720 713419226
865851044 93131591
431150515 107012224
345094549 902519880
406739920 724743881
771987615 190452524
207300941 508176089
526119298 534179928
129676657 198075821
150237839 723107386
703164930 677470297
471002951 622813297
759953251 568703468
451551471 700538080
543569586 835569005
109439869 663591646
375430769 539112195
521164721 13163411
118272286 179878736
984137914 458758789
464520680 877479863
458485894 6221809
31445752 291584022
548066131 513737977
584655726 295655110
959690015 798231953
501204783 125415779
748255209 826062355
212510370 822185048
580643347 528450984
181804088 662305970
998709252 792213010
223562188 689686131
21217840 84231826
645975090 859178406
652159713 659654541
503429117 347976998
640286837 398274651
776807879 202056034
438205476 173840854
641682992 423889130
457102228 960791733
130826439 83133852
375759521 636749215
587063632 141988481
136471654 422218406
87506296 136710021
310802275 7114507
726725893 221138968
490745341 934279693
536028114 550895126
62790541 88526898
79033980 683132566
362792430 725106003
360853655 693045093
497075623 807092989
806070269 694207399
657928680 947969445
572131154 549637625
403944690 908260730
948932378 280292700
263884748 409861236
176097179 305291699
707170500 641047139
274467992 320338238
169225184 527889021
297003194 667446672
320736080 565983917
6339728 440889252
245513215 428788776
719533500 544080536
892641313 275037662
327176378 664831576
967743355 734747938
528464867 221657015
323225220 189144451
641127996 258597404
583452854 938285339
139340298 274182611
592941041 260769287
160056452 139521051
277614751 897624431
567700073 821932535
873356583 471335920
771520266 428081041
537750648 249402315
959905141 160930742
326197296 496450327
729456040 308805310
112586399 994679101
134733406 532928351
292176397 942025961
957908353 228962479
894536599 122837439
762696304 133482777
457633433 616438422
182876478 500763374
150007731 401620918
186772007 810261850
711961965 489199038
645473129 758092145
358291550 998051531
740472419 880968341
692628909 42785936
38939210 934622201
953448662 358317728
685878140 135560978
11761876 260495651
679937620 413957843
30303740 429130398
48572997 547917672
467443204 592308562
872053289 943209856
918480301 745992558
511858553 647092306
942547264 837617248
418628152 572439649
52787853 314948711
330105606 314925144
343822518 625395941
495312353 582958474
524129442 758857768
789167421 394382187
997520432 287182677
287964165 75028156
800362379 237920829
976110040 893138287
627658515 123074050
973350506 61644256
60862987 113961642
597791257 809568758
3179737 120464052
164450275 906372451
437540448 176236144
250660598 403671650
574788785 376568328
334584586 920702949
760890387 815321966
630351458 522096395
256829637 955048742
68782744 889223332
3617647 522790616
203015424 515365117
527425951 64258011
661928388 600847919
131829744 576849843
142841522 948475535
337349099 413191743
94333751 824492286
438938500 397382897
303137828 994958832
677091265 634096014
235960578 292572900
702499627 3300825
207735135 371226264
101576029 319444540
986081679 822203174
599405206 97716100
448438902 621393005
118591895 634160718
593504796 119486608
455253667 253427181
877131356 148878736
203687878 352445016
760144580 371989369
801378559 997244904
760916692 953822745
136543787 848303804
919776213 79961906
450753912 649211787
425979542 94441777
443380900 719334920
656025944 255437992
209156875 116583014
233002353 859024713
39888016 48117138
428875588 673955844
860758971 618481144
972915041 822216381
238435447 653084220
184688755 366643891
604040015 258312602
532455738 930084690
271701012 747279044
210411749 373042360
529069667 975967920
763306180 556003824
217622119 359295120
781658428 236400614
141733286 370741983
98361478 530888134
678176485 272749450
406076501 341259786
952798698 646357963
457980358 956461305
277836655 240764670
176305105 855696605
106166248 921572470
645733711 458591113
369604184 632283268
341976311 98461572
269061341 184780617
637557195 249795366
558967837 981458042
795651796 712205168
238577194 536497834
927261504 681614148
762988236 92728867
551621321 43816393
36477860 806985458
205749585 347631131
73577657 71393792
991339559 144061663
58369193 532978630
72952796 487738593
615827857 471585877
789438852 29386969
130798266 53364221
663032559 256144179
319920035 136688736
676810410 425183545
511545822 573308061
118108585 620701190
467541227 530816566
968384667 607559656
629857393 784522610
147478536 617007901
631584463 869541836
540265485 536520075
570794388 296098686
650995937 512788476
820679218 802553865
644915082 509317567
775870617 989939226
467308493 142287366
694200533 189725289
123024058 941109054
285288243 270250199
929784059 382771946
562475228 325715052
378486332 755419235
206471491 601113063
105081126 540651921
744951271 82392176
103105501 510277165
214089492 662370446
651820305 868635468
762046340 76308101
956196633 645769546
647081407 717959612
926052275 784102288
725803517 899476547
842885728 576221587
667774723 4775399
835216822 213257084
253626884 471077048
815492990 599460672
592472915 413529645
805796758 694559156
695675061 628862786
466537394 822841670
187512598 775314093
540215267 323716962
410894086 542800830
404393037 61755722
958569006 230392389
476236337 205915329
806945533 698981446
976464197 725261252
400846961 124866109
313571332 563844393
450953898 366280323
859873202 912039342
671059560 199964607
23431957 224138222
741956103 569545866
407642546 90500561
186077935 258524367
681345697 497829649
119266830 93773909
652131378 669389336
955369944 511820613
526869726 955826524
336626354 635291977
818342014 65209589
200187926 693512431
469838600 521107908
438882215 470494205
48699749 200126210
584322682 475811827
314471960 524114642
642275747 924632868
137604826 769288635
695982322 666077143
162645869 96393711
207628633 120002966
681336936 618034289
54737285 495700922
585671763 608804410
40815348 976880688
622003797 675359856
328023214 517465580
967345880 172364538
53840603 810008155
309539262 852009799
16189151 312855355
645783533 545040266
112138111 255542440
704332994 206893538
365764558 868331883
960091537 71589895
857403113 210305720
793355295 617498659
63307007 626220827
931500521 519556459
107416279 944916379
943533243 915763501
957187813 419727404
229820238 706303816
179263883 19183838
693771967 511025286
193642415 420224233
125144612 135702818
392274443 757864872
432046959 107710900
96432634 118791860
734190378 592173660
587223225 215875858
464777853 228438115
395518315 986758573
298701754 714211896
594935967 798303727
398954022 406365556
14310012 509778616
595864704 114097655
632206820 948955980
530157252 477925960
653330347 717504715
314143499 781915767
594030598 306707159
53417864 637466294
159352008 397853822
622668830 854309397
782022998 78957060
250764602 399945028
833255196 735973367
7913970 60360074
954501094 976487026
927847126 803242912
749035581 95844183
950253012 733526516
499982030 152995212
398957850 62651195
89143771 36887238
64863942 933972698
387469519 75448
241527675 730119444
836219170 703172114
494068809 442180888
924151787 511496648
351743137 416902818
289318571 485392554
883701196 28733153
892748639 456647782
561745287 113607568
860911518 46290369
1493543 597131675
202309248 656364465
479844404 793315090
544433905 275864976
470985748 779814597
530079795 765849508
213958907 540913035
603705782 958604040
887212829 836858496
437477693 531352050
817662089 413258892
716233795 765262700
667520041 125703862
700370596 933428744
206497596 609729893
515138111 129011438
319881018 2577869
901907316 553523528
66911992 740951914
298578136 795493166
439836851 39342257
673030791 579176665
986879440 124187669
445765734 728036153
763967487 4002722
412753014 467584527
685686927 682236164
961223506 968037367
234229852 935855857
586933480 153240064
994248779 215389984
799358640 666716366
317176473 832181254
747632691 265011309
671744739 396696289
275093120 366250604
470763381 490044504
112847124 183420561
80568547 800588305
540735621 105202986
756835490 955919504
985554526 88147940
595546873 839153558
686404950 911260882
612306645 484125897
632371666 649963059
146249047 380609306
539753850 815072544
523419580 632907297
685426934 656668245
232455505 905347596
357361091 490687026
209102325 947888235
554095049 529969596
696962978 668780786
603620192 60652998
774877468 302710519
587089717 759267816
842287559 232921086
479267468 979153722
484461066 92972140
17594113 301717688
781234253 272016968
599584593 153356245
570376027 899405806
811444846 778728408
732707703 448158027
697913181 293314785
769323230 337914696
222343510 624591366
921111705 740192803
287032330 927570809
179334339 226407839
192321125 544120401
456393685 277818990
257376007 318523980
813384398 588974242
850308943 62200412
414335378 503845804
341508286 264771045
516389452 99606613
299043450 556646404
169690049 392164865
424566125 12445893
306506101 173374731
260973641 46313545
689900232 554763440
752013548 200076255
388237216 976586345
903588562 610680401
202885855 207786734
270496806 756170269
570325484 699628114
382494304 356371611
579205546 560030096
26589539 517320692
23915367 857408983
35446423 115762532
438759350 739600936
622810367 832177500
266679244 849860152
658983482 761786579
538660904 147237558
319996330 82376170
896941384 595333215
952883002 704469655
374228887 499234087
241202388 740750882
183203531 713763794
587131466 488940934
187920633 229783586
58314715 879668837
287986627 776508796
586273460 656517931
832350145 140232639
648281752 526654044
339405709 375982867
465308769 23230668
904927148 987843596
672304891 635893920
292646248 28836132
552477134 67767477
953912780 344822495
187148841 33089009
880541657 391555705
194553298 363023707
104436077 157838749
33624024 144174121
10926245 717335571
530001539 953523051
573131848 53349262
107142021 719629211
542618862 463992807
236508949 530247086
90257236 313522103
385328294 491031871
787249442 830916675
646547437 449991117
484655714 602836292
980115451 410110794
3411564 272627385
547693935 977748976
155113736 497067177
541863702 804230983
610115903 689525032
271414919 222193500
579556625 365273182
375818731 351622814
97093404 660313492
133526796 634785152
134771963 738652884
51243012 178711235
278297546 700323919
714722842 825318401
771613618 424950906
191864903 425485405
609329284 743158437
397946607 255199435
560647437 760716283
145762978 259637987
549235569 199385631
44485941 144476900
335447247 325050884
345497980 22361793
293388382 222630958
85335303 525427564
519137811 477466440
485547247 881379218
728752397 18769237
827872757 846661937
203204055 580669045
191849688 48829951
575297861 551742720
237242140 478485050
78622677 527599073
558784294 708550938
755291212 542637163
448697330 796565793
468358996 761943490
858268800 306018941
470005168 200858229
96972566 149799682
843188160 406278459
555742873 814886648
805208450 863066607
453209942 863542129
273709209 639728486
805748906 348952117
589186848 803532460
544328231 511607686
950657865 553611203
64185497 515497703
128046474 455284611
188997439 711037745
301245358 191269143
942392328 597614999
938295169 998371611
525689719 753816532
650989942 770610882
212151524 150349084
907985473 626048965
285796643 209379715
508239289 68008354
702392300 68613903
125268744 747827785
558543728 896341795
161185845 536063877
694273167 949363510
626831316 335365839
131727587 721709287
589590863 426335864
438900226 235703250
898150463 258579342
944550667 414867907
56902180 35971702
228477625 372290746
641258122 592750606
35748705 599620426
351632938 71741799
693069586 624853048
750313706 510948325
758974515 710747462
785005372 844065852
508794746 204040801
845107769 83382262
574517738 890901960
981955697 557347451
693276386 69720368
164786525 249540877
56030000 904303745
16160652 242001936
210842715 786026185
566626752 158561544
748663917 78526712
598051641 595753889
383429684 781551440
174870804 379394162
168145996 918143811
175739989 84277582
241671753 771376919
351725961 479173711
581375208 547736384
252836876 649767991
948190743 749994049
130905821 974545293
311659215 228997114
66939267 135470103
154117489 189620787
72977246 198735253
822109344 825361032
889003484 963873468
148761646 556490031
962111917 906916646
231447667 245625499
969992196 459962060
261847588 395449608
458415443 747375663
748403406 612714830
233953577 544235954
808531670 852405371
558172339 465366756
816123795 954961078
945826430 385095158
254990246 679151399
867561393 29154256
526911749 602921330
659470892 956115862
802794164 179305393
895033427 456600945
888410053 351002030
279371366 609446160
316870495 887970697
162635783 420564832
394732312 667170336
694003288 919670878
889563567 927206338
873384031 58117086
196623315 263327007
719866927 261969042
789840722 475535250
879986589 583860318
731237517 831963810
354397922 672517629
37250478 444378422
129051921 683877068
304635046 367152845
900049028 103128407
967820050 758998434
483127157 188603359
188519234 36280435
397251348 922827863
723256983 567533589
417533119 391757203
941909432 142604951
173232230 192209689
379433806 62284343
987384909 476865968
230414276 473620638
367570664 350792031
291796887 981827717
270058777 531025802
280572785 762611602
598178388 713653222
912077239 893118501
19776037 277063341
705582784 825966707
249155461 440843294
931978391 59760972
593199688 934852335
395579083 981828518
125602233 236113143
545796937 199957657
811282947 941906739
118097269 36360694
820434791 473625024
830858767 139354048
760658 721502567
321920071 744141527
990904999 754277306
563347469 398693419
884484858 68833227
809947834 476152697
149737112 583028231
825079966 579994609
336269662 844266050
645758427 44724768
685898277 677765650
943644566 251344471
131733410 724222856
873540760 367168193
83423276 248295479
387023581 980043138
28469356 726244360
379679674 778533679
342120166 736360945
765837066 855470414
778262290 568682647
424535668 810287582
249582203 540687197
519273850 973927151
331417292 132725484
118520905 915069857
507976354 187953922
728790069 820516976
619426554 493204373
635345979 650755927
486186941 390884471
364012200 431585237
69221800 783911691
81943236 188748101
943603036 306760536
654694533 576934112
412772268 680900654
448232650 834581419
872446042 964761152
931397458 243272947
857500177 108734218
460718911 889336465
744250018 455771178
217870929 780713558
239524632 685662686
