594
556994031 335222366
983269423 590231957
171340999 593330002
683751354 687624756
724757363 640647115
986077673 173059949
838299354 448725784
349687855 396270229
175126700 86183481
253733647 962919506
94523824 976357590
318942652 849100941
403281938 145112185
518312849 590922202
942665778 57808482
779675809 726443788
134521427 882917059
431343917 978610560
442233989 158060221
58972280 327343142
966515970 837380958
449164540 523157531
664532669 589671280
54452972 942977896
588323828 728376328
20564624 167988260
377231025 601974627
574072650 340598434
802963209 420213455
467031871 746404210
486039822 293419797
185559088 272650014
974604016 88667526
491155828 743483262
787236405 370655252
599405711 652369633
714013025 418008053
287857308 946700102
608366661 959140889
516865207 414464165
921145275 781201691
509337683 979950131
260505471 970799049
804293908 87458786
541376370 35800225
150323743 614619965
274073221 9975290
940947653 212953483
969099382 22205131
736755903 850694787
326682269 204901528
225988487 827024170
515828917 876789154
380476455 457467821
256369924 322356793
115660037 730456333
894604121 921824184
601803241 936080544
774809838 963213507
650462433 905794385
569747197 520927162
135248337 524566377
290415376 70151805
219800768 490679656
549533856 639472637
816428555 118201223
681195239 369135541
392177712 283537799
147574406 622963897
51934422 467497609
971447758 445710430
742475005 58210772
492204000 278846048
942465164 262184170
969656708 761385053
96924769 707435591
427586068 127969989
954316201 138747990
523688286 83718171
23638219 789458039
299188417 597161511
724060885 895899247
379657023 113950280
644900693 275480804
419245913 58115232
521211192 704969390
4230608 297895261
706581443 761422857
703421111 139903749
903880826 562637785
622390282 49274131
933407065 108776154
293364349 503515218
365331753 763050725
188183339 645690790
597077791 220027928
664416970 787301911
750706716 795022124
338044709 857942866
864135226 614867076
191150133 153525936
259100047 596088883
638586441 208877315
932257995 162449718
879038478 96036516
633598012 606488998
2456547 911858840
960824020 850915597
218789616 428775639
538880469 937859263
175542757 724127541
680072048 260238085
180866147 153080480
924625717 391340236
350728106 235772240
349128975 670755613
429682943 378179866
819808450 668265730
176166442 728555427
739046131 826081729
690755953 881921637
121291353 406461668
998899040 120152424
483409920 922863143
365499062 765774536
193907481 617412631
128310081 795790758
13728094 809247792
125324185 596021320
859972985 788150818
719778519 765888973
574567286 355531810
736507556 992269599
830297153 674043893
206652691 879536286
542318794 202899981
665326134 806890600
904058262 237920251
226150756 447159578
797236205 849194063
313076266 429455784
806804773 48435682
938157661 215870786
46023621 520171131
686296260 774651994
270323761 217282098
450846957 825847900
184507755 596117549
949677251 949900531
366161116 108411083
220249769 431922658
854040147 22650733
26274445 607401354
42712966 47160395
568888426 610875959
942655917 646623011
487380546 645508597
545048623 691346086
989915419 347702812
235425672 192874651
950158849 26214296
52422202 731558330
871921034 106807675
34995174 334287076
445648461 192891622
638518357 261727385
211307326 444671625
854796427 859142194
226546874 160194681
187275090 200451153
659107591 510445907
710349958 44726250
230745370 714677577
980959579 363383308
408233150 37561938
864380068 244109943
704493771 973762002
739649946 933068831
625420974 394045378
602139678 107321602
1168908 679992882
136217159 656790311
230468984 887790821
295960438 416197667
276239342 341530932
852924139 281082565
267559202 318390206
302100848 459752676
148801794 206594709
675740250 609325226
541773738 706163191
155711080 736135320
884379612 379825850
644048213 655520020
261712310 70146256
803450636 256075718
419003620 827751985
907050521 960195619
399414759 723974982
759786139 886528951
371144550 297889782
941841131 360505081
805873213 866986784
466460651 339513951
430206145 621813416
400438963 880606033
475936384 621305172
408351961 693250685
78074388 874447762
472747877 900307015
651253166 428157458
327259504 758097604
436630402 108460604
108835163 512046157
149721310 313973211
778851820 17483261
379281485 949634139
795323141 225819337
193318423 734057475
495775423 165775325
632344343 827963285
539729590 656223948
957142258 506082959
780063859 635162091
533842579 498621091
651991331 494855362
375046005 819831639
565018580 857032047
855681163 476928725
293857289 317167365
314266619 433669363
373825243 79273463
940568710 218438536
100200678 333895505
221921393 684881987
325085105 99995016
377444298 161152441
780339190 524488060
951684516 445636826
55755325 321348783
84352277 895656995
15554288 586781397
207597379 768390400
28227898 424935445
503333503 451942675
261330101 122020489
987753214 748502386
768620515 638764189
524679364 294031167
83831594 494207706
569154145 988637645
715166140 238617622
652526449 820008690
450489971 902498185
118968066 377739198
876833076 959808409
267688760 267865923
546726138 929581502
863430886 291875538
547425826 411203482
325021656 767493980
925486657 893600852
61626678 784644170
225798030 967312202
731672799 498262769
723471298 503975724
715819761 165156671
159445766 992913847
940871291 859260077
524661690 494235478
437095103 430252198
135910286 266738623
993667831 695539539
5992686 591361524
200133032 439968756
347957883 354250890
53887464 334966806
155195266 643514300
783154466 540701105
517843783 778553701
362994264 515090061
254226684 31953811
484110686 260507579
199126484 518450244
348165960 57929900
283437218 702306057
891288579 342876075
747710906 355834271
358133053 235046459
623019893 817981016
309063919 796261376
283436338 383393359
279066861 384499948
727009155 52630255
558159512 418723102
82413696 935961375
59963385 268775585
277807420 220040618
472368470 687209541
305253119 320350858
728821428 704861341
476584832 831027946
710678219 683049062
464512263 809151939
851280202 801888217
936968463 629246160
830062920 421431063
313223551 649925313
604327001 265679029
166392486 311602237
521467520 20758221
223903344 372920919
962434342 152252030
685780624 441882030
634723692 164355892
223833272 890141544
927124444 793709452
269563562 106161182
940976109 881148067
701382021 243859236
201849482 114827399
793256843 711650266
592988743 416860305
874631933 28637512
669212578 599092763
352475882 914649187
297821631 11623875
466408604 101626418
376126981 109277142
942486755 200361856
6608344 117276080
747806670 798633577
362992499 212581440
327473727 296869266
695892831 451226762
989073283 509304711
958930669 896604210
837438172 78258482
312967302 139176943
209553499 799094009
96896921 1324465
736757254 175062652
997468362 23187912
152274175 109779909
949634075 704064651
21219243 585395885
367956184 497018206
255879212 686815412
300484448 909027571
853100332 362691183
966666209 728451046
837631058 898196603
234025641 344771266
461570598 797516990
729686707 713495305
216060009 310508618
995637723 362250673
644854409 975641614
707734528 34629227
344245311 747708418
130407586 224164883
390396434 884923635
149247921 234325105
659997863 106990110
554260659 665189312
178395132 111470278
279436220 857986074
869068678 969508468
69025580 335558115
170879926 302354070
119513366 7282054
803618802 532438152
370839926 886323456
792357855 69085819
333632859 644682647
613418641 839322327
384280127 119757778
635605554 622050082
934553979 758949181
740641609 54939016
260887328 53999462
367995215 585661513
110448693 72555627
308810571 440715616
718091195 255025922
118363607 525031356
854061455 865507409
105846574 405711145
647208013 556174799
761752560 101573708
839102204 976133535
343626148 222941650
633092881 410238662
321062152 708970537
38139995 814297136
652355039 185831868
340979805 555532290
110123964 27036908
759789816 927748547
86508487 87082930
46501716 321554860
527374270 814227377
479529274 571658344
522695978 538396368
178124240 538658913
387251974 713433715
945667989 24990208
799242065 462715033
447504511 591181856
974264808 948568932
101261233 356909192
194697591 838152506
705918472 108285850
303593189 416652711
138988392 310552827
925680495 78476424
432616175 208958757
365476971 448271360
206413557 314527497
256793168 753915485
852467996 257390066
122555503 436920834
327987544 841317361
166339206 894898462
596472624 994859900
848839818 899132225
476604243 824106914
354472664 468781395
754196242 326891222
586373629 264688459
951715958 302906492
239316602 919230607
424782121 550117773
241081406 460608416
289936783 621923905
449298113 657867891
374767580 978211444
591016372 465548031
640310711 342021441
84981559 216093255
619158225 882060097
964405177 70158723
497475935 747260418
427774906 277267545
112164270 528911561
700333492 222674127
618634476 728075140
835905488 460074314
125029466 703087562
722962967 632160700
235715604 799996622
309991445 688129238
22388879 540818192
386989132 700444874
649982723 54117078
686039151 908303700
754472654 751942559
924437047 712091152
407659418 67565820
764636127 501951407
562125787 447612702
390293811 673151444
466729667 114072356
738302323 580174991
243579566 428185673
604544245 782029584
310863078 650281120
363390010 255490920
20565188 847150653
628714750 853540515
114494160 679000909
525851956 871288644
884619303 481136466
80276686 891864505
942944306 136003702
280285274 551117449
768725333 102056606
266445117 754425569
571123628 178928982
410394527 282767791
860884583 462027710
720331267 571796617
751865069 290415722
618767734 76684644
86099264 902116333
444341047 104962182
194180870 327241665
940925744 558760423
738924770 950565058
29535960 696054775
406920631 500635977
613142024 102307060
895539778 888057683
665839558 508174578
167507116 299297021
427743383 277925907
947582465 828900551
578761787 785433828
583767734 809824670
475079775 197294996
943497157 267609535
461085181 306136197
799718719 568556510
331685202 601120801
387114805 445759284
254936970 972466843
164746737 327645008
161083546 697684885
114625666 310077254
814495219 274074154
793340352 384596192
231407872 865347338
417393467 578667978
961898140 633575983
606609642 248186557
401822990 109463959
149347767 692181745
780925473 25497474
109223613 201719715
845129208 10077455
529875531 900121432
514868330 516837439
99723595 503080768
976051307 975547626
25435855 447908711
67116531 584263736
943039408 750555054
310937516 84879565
753831276 546981128
117166535 522803070
474189399 918994458
48804761 659712102
410355812 126073667
589362211 651624857
59561185 176286736
504372232 428450399
666805503 571614347
595127711 939750687
372859488 707637203
487602693 845706757
25950604 135318316
745840664 563686726
880974186 965809048
493374354 117128492
681365742 643488884
86807743 441557215
644249347 765184830
181428339 107827727
847583448 869673775
343213743 684842513
97037129 964294165
329338665 667675418
792612399 445181395
987973409 695310240
269370469 525348497
181964201 100668999
916275178 684320441
346206960 15758199
511505302 932349347
647256934 820432021
635099699 59150269
241872958 2279523
717724537 614293939
168096126 831346117
228763602 580416545
181595064 264156745
779271093 714087673
275081074 304424728
174769344 500481939
671922975 973280359
269238063 36339120
282370589 927601047
906160919 937308207
426727365 508038715
112290449 203168367
208149467 877709622
389843890 319054480
939024029 825281907
643998370 277146996
844967810 384858747
90212256 952988899
272921407 966937358
766145469 480984961
352955879 288677050
674080654 594654860
192036145 669378090
923098268 342257420
249082560 670720172
180501662 181493460
28693459 838033581
346207517 596103394
920460790 885330867
716782458 863554218
704639946 26208128
