1175
398901040 442349975
528141263 38823705
500419790 2524998
44789849 554679971
662500670 176289360
620658125 301044578
320843553 383401755
467792855 725572357
146708604 189678364
321822722 638628117
817519932 679547836
37905807 388868355
289373437 114465823
479904507 302445776
164051512 636023238
951580270 137467657
33694426 306074203
124591568 878204252
269353547 983070659
815694762 242326913
964552610 239895921
236590338 722949440
934157090 879164568
971419065 423175125
938788933 858926632
422771131 320632879
469113207 762794879
174507202 875575474
332667632 181086927
731335674 201609712
842186737 215011200
643260591 372046481
264438289 433811303
998985775 44058252
468848801 315492773
616504786 34294763
366774714 928263736
419359190 464443152
214799028 99652416
487385165 147952712
6565204 259814596
599723972 239454143
47544316 931728779
761862472 820528481
370134364 938246619
413154574 588902730
638731643 885081722
574581505 588104018
358152736 533159258
917708429 477312350
285233086 418581204
588019561 733435904
266944318 295289519
555184873 30019387
257179521 379604257
573346273 47581747
720666848 78991999
652335734 50572170
806244027 442190828
696117186 781329342
488480967 920541616
197103806 361131426
815464399 653617380
156810356 589338338
350367603 108703731
30908844 645994607
745768418 510644106
825936686 782808348
791083805 766305976
187486739 475329921
381618093 973801567
617025150 331087633
493862480 601906178
895205178 388731784
875576334 827617048
347840542 90616123
495729960 184133703
723658200 639119559
977854122 144297260
908939751 20929155
140698517 134334181
218050612 239740813
935421264 482257710
681906000 573948882
743047607 462391795
770245676 590422474
335241937 57700526
141140155 683838453
314138801 679137067
289827723 453029055
101951971 968766660
565328974 209002148
636250439 788074445
236730045 187755816
447761130 112894345
54690544 337275909
684568585 374484278
608457798 428382480
528568178 304854041
761483510 337060351
628171058 771247059
294140064 733564492
94262480 726871821
300147783 61731823
640121045 677585291
889524866 97716574
839829895 625425840
598330536 294524483
38951477 730661538
718732465 778094389
911594463 379140270
70292051 63116101
387369147 293362532
277080424 329539074
464496993 338790889
328641129 941584791
370678551 139514448
599171067 233470303
78381431 959274272
622550734 667551843
563935148 427523597
677363453 382348063
501399724 694252575
399556401 787150706
761736550 785658066
545241376 740986328
49343222 274062915
455654338 319196734
9682418 818489481
755705071 215950045
838476797 393904249
606492591 64762820
25013070 672823666
8121696 832479146
725274214 216516983
830481987 884052695
480043332 387567401
60959674 495266620
221432194 118159972
113556191 838873315
219913860 486881315
626871823 319011323
990953386 384829478
269777741 518011760
29364931 463024122
196738985 750355008
279225573 724847125
294180613 7377665
976389267 84814576
183632416 494594065
480621528 834873227
144163954 876993634
256987295 677947750
814042390 391782743
454610810 952943868
722606651 269430627
588019753 70994770
629756053 780772639
180879367 823342584
694431769 964569882
336119208 823372552
205237409 203637737
575239170 878926941
636083925 459044869
560600811 831241225
907698490 287032228
964248618 444825048
999899226 657969529
491386813 553415677
815143522 947356280
354828804 870483257
556473509 999000755
445650318 479916746
219607071 895378347
178897937 279116692
396897315 630655289
183359649 766311855
883867131 224166270
630347948 298191407
31198191 525198615
57339402 272218015
641871802 728237613
421559687 981928075
281360250 662579013
353634994 346280385
58558365 526683173
852065512 437501847
346965585 90129486
609856606 635611703
474839162 943835681
450727342 594109798
45412547 321554614
454549127 963155349
137185496 852879904
813727701 833022288
132508893 643137311
963001028 598311520
761106138 321808624
473132847 588042504
443066479 294029413
519060724 625408851
735270158 746793855
515414151 520623997
801570583 325913205
227013107 254978916
266810588 928530524
105053910 760929081
666708942 918850188
33166958 847219074
363880767 797621120
311832647 112229762
892273974 559285170
959682083 909064682
905822725 420184069
405603080 59452476
292160175 230601201
134544066 31594188
742334137 78116691
596067547 622252812
9099138 169373295
446710750 471499584
916722962 842200831
758877959 891203023
539886242 633085090
626603047 152550836
670670895 637065395
379836199 779743577
652828028 459969908
417182004 226336246
896475105 284954190
592880574 119348602
516208224 683671191
888789943 54277166
647722154 516906918
878150821 318532354
242784729 698338268
491387464 673931205
860811340 694242094
360536576 66714939
393563144 243815077
964989425 397473678
746099349 138587366
333296095 63986340
368879283 700178129
81850741 713277680
558170671 104475769
653669665 780782058
839755122 79387
211242704 182285142
954438003 497454950
638532692 388535788
661007525 743182166
781782878 988308773
221768944 571126686
171477355 734954108
613923236 286471203
636642136 834522623
750127579 648561596
328364708 365894915
422894658 181770858
361728404 185270134
138505221 994055072
93347202 211858011
589423438 83170075
341163477 292991072
145709844 776922274
404399815 614289188
822100606 770116810
468509951 856591669
458477617 647671480
980341071 963480619
921754145 896819842
737995396 51494689
865493074 385774570
795841344 317563323
675518489 113375531
146226243 486503495
401628623 661024977
928552278 804988653
268729219 954326356
31681372 775621491
206108583 649766994
262202516 486950893
470508591 824922045
789300705 482890685
599136230 224407861
470663331 648048039
286025809 194345994
683476793 868427505
29459860 879457292
590013799 523165370
120512225 810729188
917720086 434191702
654618219 779188994
897257797 165365451
765844434 546613267
963045341 717297759
631462508 163826857
516428034 67319330
625341347 361974347
698285137 478828704
938931978 813518845
993819546 140159367
423694569 967990963
388652938 236586392
26222366 406465758
974940412 453930676
897746166 894329478
190069532 191968449
947337192 780843558
591908077 135782093
345199312 456066940
966201857 156996294
582088026 462592211
497023556 301431142
867556480 114589127
387425640 639333934
892573329 596482185
160818802 826587612
511447104 730274382
220331337 563255104
896169548 874291241
929288150 417881139
44582603 126707914
659484741 436764930
293432415 800067125
801770446 964391085
523848519 265435709
850806707 546963396
563137748 332921584
641573114 433097662
236255629 157772444
390862701 627922238
319161205 28021199
914416698 175610847
669608593 899887972
958077495 86735367
961444573 694688525
545946382 857724847
267644480 434730623
517934872 37948070
68603901 322750909
862137951 164127267
376959616 889286611
911899349 769619778
211399408 520038882
841840215 382643571
352761075 58380509
540038730 981482769
228699658 756954418
834202030 470388690
125822540 892915857
777196708 404154790
705237181 751373356
552731785 114139952
941731987 224347547
64611514 142497926
506245266 625448812
333951502 992489729
209050093 799753057
162188203 990445318
967892791 780433693
75868768 929879719
979996633 751500888
747994268 12895279
860218267 5240294
116332256 916214661
800944824 501746430
439871897 898419820
397056462 236894082
344021476 865393498
389355966 266910141
820076308 903238869
843482082 594806105
169740796 980001396
717190081 682352122
437228680 837621411
879754238 609045886
31593245 205902523
270913908 973076738
63982697 552822867
692972882 851291303
405153569 199239256
221311050 447217681
783774307 862024
336548985 126251553
747912665 954132991
834014401 744235045
641501025 582006730
447929999 529925595
875927286 88421648
864193249 849611316
386981150 239516170
981200466 81103095
309576764 177169404
24735392 489478642
423166365 260723111
427099629 2063789
565666659 660719377
878066313 709988011
159873945 709030848
101220953 730654653
647421911 913378132
439054258 40066110
187181151 730976808
92284715 613254333
224781115 741112472
961607146 307226196
286541204 621187176
73609951 836563949
336727002 867990376
847375050 641662346
535088312 884693269
469260329 584916349
180824244 241912737
284072015 403673386
734312261 363858050
876857738 326960224
757547397 347112994
619053923 314447904
316915370 495202498
916278071 529734024
339955674 294161976
863883015 703411369
68937953 437074231
117518140 322082967
973580621 650081495
993984220 849515838
28918383 870317864
830414561 187238463
644225449 983358486
482183770 653250826
164790129 559352930
226809710 815467571
751994059 138485081
621095152 682329286
447315934 956995124
335665426 232234269
149251609 733949465
146272850 338291624
89396824 27258639
134635650 880735700
302685710 464574475
829818300 95247996
882678719 419593413
428276073 631286793
865968476 257521884
151985156 701760087
33761686 393561264
204802637 516738181
595630215 431306586
878756180 358412383
287317603 208532360
824465108 43471840
258108123 14305978
650689262 991655613
294470382 617050053
239743982 560754733
270715616 843219381
265207168 755150423
257243183 3511774
459830962 886831170
39955183 662698681
73983252 208171056
848834002 867670842
960423123 206167649
159560665 3941797
915934853 256196896
734123944 447686511
468098831 346174264
429973718 466045441
27454077 351568532
718263834 106266921
159434351 720668028
39900003 52998500
8714855 215817689
91417318 535944195
363688655 295729245
114191232 450546284
166724373 641016231
270812398 52768950
93322534 952064792
686121382 921591720
141506007 91334139
190499810 226950150
14386558 22325852
633492036 835470393
760061027 542471530
814886890 693581720
229749928 963769214
742234097 520108704
372482061 67074614
643180040 191619107
72271092 363207539
794693025 945410553
821339945 45870835
937076434 381615801
687988610 433798372
888933365 285306012
47913595 679697990
849142557 925834193
54922605 555293268
318284830 861921046
292210664 108520045
980813568 224240096
650115340 987188529
539251886 297459823
790918709 720585811
120391343 86536304
949713782 812884360
568600706 547210416
5899051 725523813
174878094 411212586
281670453 825015614
41736166 342542969
732361145 699422154
30275723 376206737
536816374 770858259
516142252 299068073
660118526 634035655
56728704 308610526
605487479 987784834
874756137 6511005
529812421 606159878
814534788 395880363
744821727 398745578
127668110 22757226
694039904 737929760
890696949 595458284
783897316 821880422
818917753 849693744
248609493 264742705
555743628 214540759
809169906 393997816
754841997 772634581
316428197 134609451
497858953 461595419
661118944 17559420
893806681 76257320
297720219 762685375
283416340 862158663
417037547 977316181
632524118 979385366
37095725 675959323
445710022 141190389
406646664 66718563
894106952 834881323
686344327 796876973
274996278 672086394
673982189 782861600
468071005 217985012
98651405 853619173
744996130 222118898
451126359 694409227
263840476 332905993
515527086 372602077
718303665 781188994
915231533 594462008
273410631 138225211
973211924 748017147
104266329 85989694
111199547 799330418
140873175 297565079
553036527 493412303
517308504 563346795
478763662 285960053
857035923 656386195
567943114 803075664
718165481 988447845
518979782 902323489
357219951 277886156
955583180 369030874
283854706 157904138
848192535 135093834
533723693 276043865
344440559 487079639
661728604 784213585
7402541 145927790
67574497 12312772
987869284 945583074
972985859 286806733
892856191 758814436
981050708 874478122
729239972 736116379
834360317 628123355
744820285 806519053
213520509 617841183
485748206 331978772
847060698 92812339
2066468 296737571
596546901 887759199
465196810 619645176
62723644 574649812
474550776 894838013
901506851 12448998
663848050 464941429
796280555 457680576
282976435 349298971
60132198 801002209
767724340 937267331
441005532 465237208
314541265 560020421
978480786 700787537
503597217 249472509
196816148 297352513
242668002 176642573
442333762 16419352
279387130 806026211
955698337 66704509
931783691 463517568
77425566 582804897
523698092 655142020
180729609 468402877
619678476 87046698
701631273 304896762
360812273 78626686
331268643 783807431
509002778 371917437
377195710 700300073
551186338 517283127
656497635 410806787
934707253 350990994
845993095 110638272
661056091 397727260
405274765 963784859
517327006 854290005
87785722 742378331
57519356 912455169
341526358 550059171
773022107 918085130
477337245 499764054
990923500 284379017
59929134 675903524
604231155 979753170
581062329 622557720
422314939 839382068
451468036 194208852
147233608 333268237
313723613 25221125
7863242 37902621
313876236 654186380
159872796 957612024
807396777 451857225
429691446 839123985
594782225 832653066
640228701 107991638
543612751 110842393
630511540 59078662
142616195 817759603
964716761 699160006
811893165 376979873
455616127 335647808
660456962 294474260
531904600 160557404
937880950 359000940
104364140 894463504
686204289 250800057
74346913 802287238
531209256 902804201
131159001 679656142
432311294 498949308
97940513 174967679
773682614 203696959
367587900 430486572
608065244 176037563
702777306 424215981
700617778 405114773
752539162 329208577
323308486 99893708
91766066 680146410
186715750 286081991
786153522 960195539
77990722 322411351
767786522 931613740
354713091 995914827
391779677 944613068
636028944 859770674
971935491 284035680
793436066 787655016
793204207 229259066
4790127 165883503
913471645 1786987
746864950 768625603
603906896 677730440
362619914 480303066
357340578 392852608
83024709 947666294
492096879 758204493
705652458 627311641
614130763 712527328
431760869 631118726
341379525 387120684
463312292 81124282
32344949 347809968
473623940 596860014
752380727 90688746
754832791 676639953
547787168 742894037
657391872 531402882
801407546 973284929
860534934 821937767
361555689 647529513
605690250 707297877
918334950 865810663
632604236 180908778
545719828 750359951
916364020 792937347
734222875 946855381
114179834 136263757
538972043 197219932
20580050 310022000
475248203 862101651
974072203 272278406
47963648 458364028
296328473 193681942
57445145 397185848
998450958 220373789
354506301 102634515
991689021 464652043
87287926 298028791
984601907 108295676
838444741 535711754
912992331 256660885
282571378 375381570
405123286 599429575
248408400 588482363
638900695 452339440
883619156 413927113
353017669 408734623
615679940 301429786
53424713 193179455
486611375 136670182
663804841 16847249
302011448 808622056
238879407 542191510
44966806 775359965
804169088 817225765
895426740 288781661
606870487 207900022
647586859 68879234
847497924 456742199
459380907 753924592
638660979 557563021
592257452 100506942
47037173 35467531
625077483 414752229
298903670 720617917
582176648 253368098
476012190 89997661
125848376 584790247
407958783 450813142
821233058 151204880
986090448 633437322
743779951 466312524
817914237 135468601
178910537 694081627
67006417 415376978
98329200 603812907
315687300 212977315
681600758 422975166
31876541 365332349
206632653 382765089
389709051 400548529
472074933 123871401
10952594 538169875
877153462 811777314
368837832 333663051
535299168 701060885
126727287 855982507
617956327 344194892
553475520 988109611
381475430 885711064
927013859 36634139
369383275 175568340
490572642 255646023
858854816 828030056
583768532 293565868
807289381 563716722
856528821 570278735
749333138 937789129
195476519 139872536
52310000 515446609
419324368 678954727
861150088 77989968
275367882 227444301
642417007 386425963
488341046 458145534
814052395 725976810
983279901 343638109
676178344 125847808
284610477 810802249
2717399 564907576
268409467 912799733
740958553 876206532
759168369 141874011
649911795 816821354
578016604 662748319
555787403 426970456
252036378 903308919
344621459 41145477
31844264 103300329
87710427 65053846
425218536 37716877
571512073 502317293
970278726 465190591
365110057 543517346
712852527 97095369
780997997 626837319
239459032 837040112
596414226 176954534
488802358 741456476
655266558 823130952
584104852 556580888
120579431 307141427
752697680 943836424
339404749 640657220
865660629 125012305
167728193 562892961
210917277 121192103
35199180 698183920
55215078 204962246
966023203 920127841
914554184 240164113
111075261 911586223
318298896 857956259
194542691 474287615
437306449 528839928
807156568 31692748
635811297 614871155
150530589 614676574
353139289 796385043
396076307 82254594
656477141 845213554
676944152 207763669
650395566 570079287
202572928 992276793
681355382 431130007
17154555 327243067
339580434 809213074
830843928 221572115
775835080 924900499
291505557 706354788
109742599 384140445
623269341 148620789
907175097 447684389
808642376 953434428
754893990 510948832
264810123 904435841
42886849 820719401
496190256 247012573
126029171 406505528
173538127 850366158
450709401 149159835
715235919 388114807
932570009 300272374
237014845 570578854
475451819 999323625
178952395 548847282
847450453 20981122
110558202 11084795
948782642 643549195
560748363 968466470
414875800 811860702
122487629 775853706
635826338 2793004
623315126 220776060
353848238 279569287
85850712 689305123
789552144 762429858
883314435 583311836
368712889 22151055
146177169 427318776
714993322 891679381
723294898 801828504
149743072 292144324
406762272 718038777
728386659 777381745
553970352 771748095
252729013 287467204
840806498 930838058
833859057 401316240
293322493 146705713
204379761 88789373
456032743 793305895
685489755 399504761
396958142 408576265
296721931 324456609
191504186 316244246
971149059 278972693
498596945 497652507
594206285 882849571
413472079 596722915
167604524 179316169
457213542 993215545
228561846 809963577
667864291 919766646
216819565 646807594
698197133 115284243
916636286 489059611
569594480 702860345
766485439 61775717
811845511 22830847
22598840 311172256
145135697 444069662
551924082 328396978
939844533 693625534
405981260 444153160
949737011 582918663
574209072 907368301
958424890 148962539
110341388 697274513
227682476 979450666
753343426 331929565
387997502 384207694
1498633 705502159
412647940 243324196
343750840 361555817
422351392 612882073
194617023 413780868
224816537 854143837
637506969 315274050
638303389 677978963
185188553 341623901
532590750 60362301
45121614 216599644
545731503 442870182
815200746 555719569
156822234 999328085
999732002 867942488
453063287 725037390
60665064 179750473
723917213 127141308
300442342 343661399
837612088 631964345
473865506 738997265
304159538 535177152
659911109 106335293
844211397 308970551
690894511 577793665
6857268 12165547
810505599 303700873
944122264 633047359
138012878 184735250
732878079 182641518
308650783 726217546
144695224 611597364
427076639 592351696
294193673 989791052
674762880 988205380
348482604 760141848
559436343 301287240
928718688 567303100
707747722 900319883
219321622 373014848
976303710 804672734
435684798 68848405
717347415 549742267
516687484 466313771
307265272 35029722
639043681 36004625
361214421 707396020
70437338 474674447
22201511 477391283
726261380 839320788
758145307 43785519
483635218 206801392
895240338 36106978
166689103 399414566
891669758 800406286
498366873 668006315
320714257 153366149
561894813 70855025
892956382 580541357
578888959 521167297
278992329 930989156
380145865 194230794
200508549 380862494
376514803 171751567
203708724 800084021
897316315 41352542
412478947 504090242
10200253 166059021
331812738 524611535
898450503 735496906
302083110 838960993
148166329 570709076
165264449 649836768
563986854 119749215
304126402 848715010
767581641 766199865
788544493 310902602
482792809 304273444
195504158 547004229
145535430 90820301
292886296 267441410
682517018 370501519
865637681 807524535
717127812 894084177
307722757 236160868
152945461 993436249
264006528 482314741
742918761 175514730
77037586 350890574
535433035 754988607
522361386 971629669
794656206 617624565
309521378 823041651
801835445 298851656
746606415 699135688
727263860 554374070
303224505 288187219
624775990 324576217
664509061 864366838
874283455 735291916
17165975 998179209
230159355 509854533
461855542 877609199
228358314 678692574
134167988 732450244
472580528 867816204
753669370 300284930
853225302 714005317
352868705 31486523
789118996 584523741
506185843 567977475
611135635 937553005
627758252 201442884
314259499 65437414
216531400 355628046
831077717 669702691
363163219 565927142
167421684 492935032
844203703 385006905
667411758 358919198
789856973 89330217
451342622 419190816
840876387 256993601
682115817 522130575
622750338 751719780
147392900 19133558
887412545 503737662
998637045 47770670
889842606 814735595
520714071 3671453
708421849 657114545
490056930 291169715
449320210 179175072
36825330 391408755
995194972 934424584
46578983 551969723
511165639 983925163
414193477 576724854
573440775 259890796
572858158 969024287
141984942 15843595
498557100 838071522
442602603 521075579
490829618 418995287
235337743 883786271
873818166 938898694
165856879 646861243
210088955 808868475
934122013 676457128
330166615 463906822
441561782 474835209
876538610 776622800
395410527 564178071
457645332 34379196
97943310 43318114
716720716 355925867
785236158 916828479
323001310 530509509
362921738 543738265
788472628 808380187
669011418 750299657
938165260 96563552
617900773 505450572
309888047 682215707
303111901 564003674
474970985 151762066
99983328 295832489
350279109 853622935
691987545 135148878
374062189 353100958
224555366 896296483
730536908 586105075
381633389 470699583
766040594 975793142
531437030 895060407
474955960 420245174
523516288 788104061
113416347 312093833
566038860 313679330
736026908 318682583
31638695 26674352
423036239 985525141
893718495 736619236
421803653 251553933
471726022 534028336
402148023 848880478
606307644 408271666
96111336 234702154
17505151 775955936
660925182 829822638
744406583 892225197
665370746 48313571
818516660 220596238
549197786 221848440
353696432 397177914
1443175 950680031
623461806 212617380
184509726 215021170
209280040 379532427
161406491 334970786
542690303 217733043
18669072 602440260
505955686 882347766
49475330 616043212
474878689 916869195
175620350 428138479
614287651 219824694
878664758 530536456
91635251 803010653
250005852 451910343
264189916 497404995
377886484 548620025
439250699 249095976
122667616 327601869
437243533 436857990
725775069 583067520
619643141 383465007
658850582 710379788
185413465 728751575
526890368 141261666
943261632 472037967
478899741 900302623
612273215 18855899
620235470 282685452
820985542 265162336
933748075 745021592
872457112 316606641
104419488 612785026
662870262 681615779
889057699 428306166
226590530 267236825
367973202 97921585
482004748 327967525
570998742 641479941
681652698 876923283
717388773 471386820
807672374 185745919
507425462 745589407
265483540 993131957
538903871 397935102
936308830 685893268
691331729 955285643
696847621 518555382
850114020 676261789
373280590 499308732
560760419 117223466
317747843 121457787
232227728 115848488
555605831 478599969
543155546 815920638
680552580 152609082
998224864 740645345
67512868 226700932
329573150 384102457
756224070 11128667
443926901 180203629
773461101 810967612
895309269 497228676
650537694 275453196
556109324 677219008
364444666 795864307
