780
752777703 728325629
799635020 938263282
3601282 972886410
410175150 986374493
5357725 304384725
776493304 62948731
530153103 881536179
848388646 192760535
552275071 37507167
828205758 86130371
580385503 711099559
355988314 662360177
620855357 190777509
917520360 768379614
689744993 332033749
451082731 691952981
586169502 291096099
195740696 988588675
253697519 220561242
697345095 278836052
932359095 963201137
688880926 797010160
890200012 512540629
417430225 386016954
180831242 269967368
794695376 611355763
937157411 45426225
381742038 494014306
192015820 838094785
874822496 167499685
545381059 997437078
484669054 455883058
768131487 239534563
280190494 146453113
469522528 279361483
188791965 584615255
729645951 88270591
643579955 642234315
53078439 31338420
594601610 488454712
745880105 357017739
458220954 325453104
681145215 459802377
557364240 709779593
403348222 409190139
154155308 146212088
121104418 103752045
868866023 327664824
219552962 884638331
666995500 673507640
601765532 221118617
779341259 210929973
470056555 275227270
896784637 272386335
578940598 759514203
26979835 949348177
7327518 257341588
844053666 480384421
692067880 310029475
481203491 926832760
13525491 704619981
712108498 305687464
628256115 692097716
246432191 283018132
187667164 239160136
395802174 934090232
577181567 967211030
994722106 889817336
804362258 326805370
158629776 385355373
3100696 628972439
136380131 242448845
984536807 683889011
721685190 522932660
122180876 457026723
482218162 128186652
276810193 528727323
939804338 387957312
972783762 504659187
254738 63114301
25249648 354347363
799798922 284026702
559101877 264052086
488086325 899245627
34834323 852925075
972971834 361632134
395671396 668885134
711397312 630796316
289748394 101069658
693820267 735852041
792628592 442854594
484747563 120032231
405793052 528103874
769987941 495588102
326182895 941734010
18203443 708926417
362469997 298462474
81188830 705629000
934435566 693009032
244816010 963386660
577965552 947401668
722621410 359888654
505357997 458489831
739033834 863036081
669650774 991164855
935667487 930637634
674131117 536495395
402488746 627583890
358753427 992950271
738296070 178366659
621215849 401966138
202522643 278537255
602791051 891722095
842001214 75351646
485214554 301753963
321852802 595974857
43867702 664610625
444195401 440005529
872625839 277485432
835680294 447477781
785808938 410229011
438577140 103437986
493193258 140965357
697154363 654873287
178856231 704582654
881205776 903011844
116349436 536675365
13214763 329851431
587475493 182282617
965729759 52361443
277652470 242469303
286151313 394032206
278268613 609720410
684482192 611727258
565516056 836204878
493811567 633767035
737741854 118823992
690248892 687922701
77330162 366209294
392823932 690550385
308489318 668692425
796113101 374982128
71927208 815876533
813000758 279312490
258463654 495947434
247937551 604762420
12872425 452273493
142243546 317333953
224827090 870395104
229976943 611963585
972589299 445023032
298255958 41764044
104262468 435020870
840548216 793719723
716745156 619805943
657852140 506223254
369144302 739940602
741245737 603816210
250782039 388119009
330744075 861920020
383648711 904846302
232677638 155260446
727223872 423806579
790289784 701008149
10757355 828298930
382160083 659026546
257649267 996012293
425775268 819250852
407363798 736539941
887920150 750408824
387396463 633935280
775658563 194344862
838963508 377343048
578132104 101080181
181842732 951344581
755768927 276483291
839031926 497686711
483510017 355191938
255528308 812579235
758232234 862052905
766687051 862341054
846481057 941281660
724102658 93924562
649269963 717166800
252135242 539471482
698112921 360306994
752956819 631963066
230512451 377884742
249823611 221961391
841155861 281486304
632191513 105923888
327265336 161129125
379961315 344691898
14857132 638220821
235072102 165074987
462830108 67243723
677513076 8356105
254540952 831355488
272516709 732340257
927142903 129389278
730099292 772292458
117932259 173789521
78069994 129020978
346632234 731381509
111288906 155506440
774688508 62092076
550451902 144892880
39701508 15870370
939404074 203062998
397977908 76087624
556058465 40651598
760468701 330573113
917178382 553766830
253556770 422528941
523071987 879445686
472016881 504522357
162607086 379866111
835425398 363520589
795828952 367157411
94106729 300579203
505115754 843098976
314423398 436852484
810615132 461963727
930142287 935510595
759404056 585244868
15351641 343755826
26396557 529866519
254470640 434065396
642382623 640942097
994497690 872373587
359073746 732678512
475702995 562220780
106448676 785146708
767887756 774853340
400239767 840171790
541476359 130185622
51076263 910956413
859369685 723969757
501210233 242717797
299724133 448838598
48018900 37458386
845626410 735796747
965426894 935133389
832884247 709620538
899205344 369818919
665090787 205291496
957627351 406345699
587618454 275236367
883017564 23045978
303565852 314905702
175922111 258151992
217528294 530160698
373899224 14556533
576759988 493263411
133481433 246243208
206951186 24211178
524651237 474688248
437024093 763450235
789113102 506448637
322020449 901727986
866655837 99052894
981039804 696378662
821528504 358857076
563853934 772383230
290365699 36070389
242146025 661021125
803508135 120457581
856808030 54333655
754407166 59281554
232333331 28153077
759608626 42486766
563944030 450691470
812021565 756799176
633312593 638333980
793393881 425730668
342971388 910672473
353694288 530049238
866056968 123303441
145426448 872170831
701270329 716002356
885474177 409936469
120014238 771815253
64859426 449498274
913541318 60057293
189704933 628138603
347998540 320863828
76384241 439764465
858095531 629309028
837949168 338896080
385681343 158224932
27540262 629961473
115419989 358905544
913314225 40758128
433659568 990426538
940251130 400657925
221713772 619199312
583531468 817417819
604856508 32010108
201754607 734545640
231386672 735051381
521094307 943308864
235687123 274287234
930671681 298097177
979631032 533900752
875027128 77300899
375378863 287560753
23199320 256907764
366159965 925820971
412744004 100168973
612360742 588083880
204059217 396900178
176759873 699508464
544420868 330078079
545716695 336808768
55274247 540221118
394075810 682648934
627921255 473105806
389377605 467219181
747321929 926922624
17690426 618002118
163788687 50822737
965872494 568047
49796172 863910042
31489615 979038273
616805076 519536078
365506191 769245355
235472408 782064604
970653008 483762179
733459992 121992763
399054157 430697000
724069209 220085148
951438417 255227565
793779695 949575015
678264438 989177195
933865561 839289079
416119125 259755101
466275768 626631753
815816567 216740901
170988704 136437983
185901289 738379310
992096868 977898567
945856142 806315763
44982415 883591710
527168394 241721678
366145972 415265687
317362999 449563300
830380513 524302705
113338663 50111384
570467520 13950425
666999460 960760017
301014670 201973563
212346010 536745381
438502107 327928104
389343692 989155069
173840304 124125324
959415683 275893591
472957904 183239934
719739897 940192349
225943990 925292272
505889410 626497247
53594584 438629863
532502411 590547559
289610922 975054916
734626570 154504200
803154182 617607547
420521715 776178118
600035976 450446925
786242744 717156238
656723845 624090601
7388438 75810391
755507284 401843916
683533037 36066582
850538971 436092824
792640888 706477144
617659826 973934459
474206632 606069363
835196095 370965287
611451335 117339096
22655726 201572597
550049541 369200964
437605784 236048261
603128341 247455257
277779923 470889243
591870236 987728479
342563982 489809290
305301886 577829550
390604734 998177885
536138132 198831593
873515044 708692616
252134174 869310619
23905719 981159083
323326662 2161915
320041890 148169973
886833415 530254672
146453484 874649056
342982959 924586583
650399254 593716767
601781907 19896289
808846304 545269165
374746166 766270632
401965389 749201181
835788878 959340648
167721521 752891628
701348386 379637331
11696032 342265045
880189556 584864743
36794614 735294373
554222925 606719000
701508090 250702240
809737977 858028090
300644459 884509876
647521146 157950969
954321048 644293485
690667367 435510059
844029101 398964244
527358891 685007601
433212309 942144130
408712192 760405628
485795087 887438606
614959614 11457277
29009461 102603697
571501351 583347025
66814054 919356485
493918034 283850019
894002876 832737529
228523719 684962192
641985357 778526982
960620558 961114739
824619761 949161961
222100099 754273587
46497485 685051142
164887615 761372177
771283315 609722156
138129920 88750732
237070300 751805827
487005739 804925455
499570037 514305828
96407260 611784831
544096815 719907274
82151023 378182624
178804533 360658189
802847542 702736748
359238858 583159991
327549258 685095060
879264149 923030960
250097570 28971635
619143513 809452485
250700449 636153936
313638327 599288666
723448942 893750792
616047243 19112411
214428659 166087757
895478605 360943567
692041073 160700610
190018135 352598795
474020198 121436628
828836858 196678077
851007525 693276694
630360304 85031357
469568179 207126936
802223295 832584928
564593471 379451161
866857414 900813328
634749243 143760351
543884497 749630642
422196362 204380991
548996873 426068154
982702122 363941914
835186445 990733802
499381210 900227945
318393297 675946306
102034165 929313505
669061730 232239184
628656197 69684859
778800136 727997532
339765627 574580930
150791090 555499510
773894560 274575827
738267525 915716655
216633254 883905413
112384373 17794273
431838283 509715986
154410612 426104858
492440059 279867643
912650804 575045005
220872541 466112704
729177171 26235496
417862182 541552187
932600849 941117484
118795468 975224744
911478166 306234912
735312972 142489476
8303617 142315
744673005 341407719
168843305 569199129
378001010 890321084
35297876 723254813
348273224 980341854
686335829 811901209
443003151 180938841
139907981 982212619
373947720 697735041
642621122 857756039
785325864 935031948
838838126 357984914
497188327 914428076
179193245 302942274
500781694 822133640
490024046 677188635
137248150 641695385
687120003 421161441
962596909 41557387
458947279 414290518
188813241 81798308
316644691 133314823
63069783 968768378
64610137 408226623
28625843 193788259
591059879 515611798
604571100 672231674
327057051 255313048
810149786 294462313
720591561 97244792
198313703 520930881
406852755 556292579
987707816 847400500
255101778 613287240
1123174 823017571
583488938 988020826
372139019 225814708
255343141 652957632
843247118 500068631
871470552 662176472
725553029 218068509
456330587 727568018
890449983 18592440
963179519 243317962
365875203 981900430
989138339 825099757
572640090 233824898
73422703 309173042
214301940 200750602
12903839 83982340
57281369 893568683
957253004 478146962
348326776 2463036
852856366 386403709
524642247 916480284
140219152 1308480
227893668 774378976
892397734 735259758
347664044 120993504
793245800 72093735
171662067 496671830
785410702 569912968
57653623 446964727
767069919 249301537
130712653 350043408
636834344 412046125
289419814 667764002
463860325 495844557
999130018 499534168
545337702 211374170
68824708 685178875
707715383 970698255
482294783 769128132
158020974 408525098
832394820 976090666
570437962 94375673
383089089 966862310
820217051 932170239
515902353 60451516
501766557 687255173
129213949 954840631
216652787 373364935
962654805 715884618
338059814 487973512
403850704 479832601
794401710 18286928
253048657 924940161
723405357 45254511
514079767 192845620
611851905 472194419
477708027 433936252
323353226 236052821
347350847 930393629
42588665 739832882
935383950 184113849
51077010 9689153
394075416 181545183
982430436 221607183
756016591 968109453
747274194 761433166
929226536 141658810
568417506 456560060
363446894 710223008
192989594 346156196
725024642 641492865
629756497 226180660
352132592 203601018
686352614 223677123
600120312 765948774
472356555 271330710
154997162 289926410
135558249 517283025
225831541 236946615
658985700 380817769
719860016 684761686
931414241 805042554
786553752 528733454
790461305 662916137
204799192 343010166
854815613 324805924
335741884 152245314
48492692 906605732
105656090 309403349
53467152 975851288
450598913 121557429
402443547 659127799
404168834 304839718
508748084 545602590
587727687 578612745
548880302 55996179
938858135 469313744
605711008 234859167
344041636 986058978
923296636 742442105
124473806 2331460
386142036 119947789
328624825 510202329
324536407 44612312
602847502 770247885
854804767 649915602
504603578 514310141
849512884 477047252
449649738 706076230
794064018 942465811
383887561 550933136
9381143 805463746
458405099 21021183
300632541 810854539
886855989 979039009
285794970 373397879
637895151 76541918
83534465 918144413
765680827 101311138
12793431 590094011
776937680 983037621
445754911 560505665
104125867 55797519
247707887 473422387
912783267 742158780
280651998 497529940
961973395 474304442
493612463 773201540
249128548 693821298
210392074 490771990
912351823 387429299
796296135 80343418
711048331 135258788
114985292 734510096
897833835 679359665
488461678 483611849
698608587 436478605
971116359 610128873
118869261 510050737
648356997 820076592
17590537 435073743
97936418 924471369
972457535 567340108
588001401 123149097
691711261 509149145
253270893 744035433
666335865 492489464
84806573 182455835
693369963 608622512
189300477 407253950
664565420 561152692
718541011 955735925
356279699 445859157
491652437 26789155
572085811 561679321
930238144 257585550
776705850 983897787
426216155 634291308
803513400 615447222
830902522 545111119
156279243 211742448
312403821 653593559
538099345 744737912
152331596 54283867
436350849 901988198
636839690 869065100
298654325 505301792
186534275 723832644
163360973 813015355
944366943 195528167
173106887 665332504
543975641 826702905
177603277 452137933
541600057 471360596
758956526 524823750
151556570 232822618
406972610 894332859
877989084 538528637
615166934 110307299
193320679 391228475
322755470 881329460
901747210 131902227
928293031 697243645
661479065 790944764
688317654 763070665
671162603 113102522
657124076 769633682
454936765 789004816
601417226 940961598
106067195 111740421
518743637 475423019
164953336 781042307
331216964 190345748
140570383 262891607
368850293 152965072
711955663 235306397
554268390 718127592
855414554 575264820
619114780 87690210
71805364 266805974
204347010 975687113
430908724 955102451
415624463 802980474
347522399 834994632
434041479 659132279
103931989 700167207
915134451 645690449
550353854 856625143
93660729 655462009
228658469 405056947
685540895 187525368
64332387 455345709
163587404 884587364
411692571 814108830
14048690 970788272
13647245 341650567
771978318 249566045
31095257 564131429
426467502 53123080
298296238 294641289
388536807 644266585
838005353 468052768
478528094 822552523
61538575 68991500
51533534 336924853
569958132 633553463
823310937 42667845
659953073 26473569
17819322 839211643
389055961 810570647
800502293 350273007
633215582 560473112
788899482 693185500
554151435 548938108
928029738 710924564
245787603 248367027
742616671 69514920
92255347 54069710
443110078 230282619
796068875 521042673
656992746 425550159
12047869 969059392
825225906 607556498
796243492 233374293
810149612 426620605
262209306 281925811
552264815 84437572
933476179 236351771
945014433 520748692
494239022 553295123
81922954 900879240
224296046 443618650
780107888 431832729
