1182
641900478 359808927
878660860 143613187
268825089 746719199
385385415 990820418
72984871 523475593
420424604 542983133
568129863 4966874
81212710 202366783
222305257 837131473
870299818 655869374
183069664 850894075
380109416 899688758
609638119 738045463
740539010 87439196
957077469 865586841
667489901 144715704
96481768 611940877
85154413 617070305
293179385 17290198
671988956 658830111
660115031 418262347
717876817 825933055
452875105 160198031
754590507 380942224
505406670 47543748
439045443 503873737
263122369 521034014
883995328 125909909
469108559 921362743
121029976 367193712
951704786 339709512
617308314 405366686
889430601 934028327
517791659 570622123
892226509 27010524
306521756 266669424
67396650 777046003
406581460 464265753
402134828 280730429
222552138 203376428
230294015 834078963
531389010 393145240
35434374 759690736
400102250 732712909
382978657 686321031
294963903 524552374
283896180 790692166
799417303 648255567
141394352 908162399
862304883 326397714
326850304 107446542
368128316 149776528
707962204 781881932
41837802 130778
829082064 550765768
740972675 381851230
995622212 66591948
572214616 738161664
834957609 779208947
945436028 908954025
208517111 594638300
752308077 904516619
171602042 52526254
814760067 530428123
725849339 249197816
938911095 360158949
355347600 207200214
556734782 648223313
487419953 154459605
192739948 907918257
909888239 921251188
49849508 894841141
562207006 175011506
249863619 452696784
969882976 174630287
581170243 164447586
105962182 920286541
758433644 45889551
131367279 152516164
799775420 233536323
430214928 834793550
261207097 383976466
352312591 27191199
895264036 860149900
389980687 344858114
846711791 645889535
944527370 467941499
726394761 392638609
585451357 250999390
965174557 686314897
106830304 687508391
97645327 123297291
36764203 439580247
348079431 412312262
178311749 883272269
406455877 446123840
787877076 809959305
8811061 744439701
443547018 827472707
273065642 979531808
810408349 333589857
655316163 219813280
926145575 78253039
391786297 630501929
582490569 807592804
691581886 199505780
642103264 290073462
483205001 174536927
977231383 821327389
12773978 610057810
153702328 612021094
888739731 540718986
946109139 696037264
75645411 205311773
513104012 57933998
793231921 45260502
787844005 924414947
876436689 651044680
572819851 753089264
602190273 277292981
372079554 671473051
591369375 728248477
22658857 716443058
791102067 276555478
895470336 897991399
618634115 35562722
574412482 979437600
561744783 101925135
815393317 913655516
694546880 560707787
359151372 17573350
537728619 138702916
503209784 636916492
252201584 775013288
863220579 39755533
135916244 189160385
655370354 249576943
355944396 767739141
642421592 827410475
604770644 632841404
23567483 937310887
766325392 487469546
389315037 68076786
279131444 778892832
741600347 96633086
640748777 332106481
299927121 231014686
299799367 129777967
734189989 688266125
871106423 485099873
81863387 439326308
396610906 821973347
865690474 890122120
72199216 815595796
456954738 930764315
465094488 399615042
363403162 65282928
488195880 666390197
826754655 847315223
811426993 802131487
218048412 248766719
403100899 760928805
175554581 347851606
737417701 868670296
22720090 235103180
364767543 352604030
188911694 496066799
321272941 378311637
518892616 78962500
843926121 542446926
908605916 294419969
865550867 609493906
884783261 29539831
997143721 658973896
63928868 454849883
290913103 692881004
359039856 328691771
432573164 312227568
986642732 462262434
311604550 590852460
896655172 131491549
317956732 140042825
502733734 245659460
129908545 114808125
863652054 99897909
890103635 202478613
733897719 151076409
581412500 826498078
559856420 438280322
684511744 599769137
771545304 482674738
455740685 364325094
266671921 515521639
861278809 755821628
817798093 147823739
66306608 915717972
973512107 141554465
703975338 258721228
932378278 585449067
86299999 327833550
678665677 95043316
290801516 452619236
761779769 394635946
605741401 915395608
531894759 920318225
57824350 435712067
383470974 288885
556973047 445621498
277489209 408717662
160289237 112291443
895755664 633091310
201916244 157110588
88925136 404345091
956924770 421365357
752016072 603943568
260848552 459873910
796844634 686534919
350724619 248775456
397240858 932763371
529133578 260375440
215412382 631773241
308773064 188803719
314169422 354019023
461541064 798946307
513369713 903072841
897894844 293758924
311359019 308417447
230213318 776367240
715763804 928580372
390582845 561835248
249997834 56659965
512054610 77741150
721777888 247103486
70294398 295263682
769109319 316587441
140900012 177533791
186208167 546345132
971306 217764436
943234351 15007605
913256885 795010277
361216413 131731419
105581149 73981098
674437750 429944156
311721718 996488711
784986474 945543123
940942468 664733014
33628299 959861578
224469275 228958687
277345098 650875374
4429054 378211431
97122834 520810736
639756877 874646321
321384600 229417794
832615702 436511676
689760929 255142152
192786630 205986347
304234154 228861588
145873017 313278233
605048691 604171870
154893934 8769955
919180367 303604710
32650801 913028293
985940429 249967623
836730786 810606863
590144578 60548765
832787782 759829538
566912283 197698578
747073908 928539221
554802086 263632914
577835251 392493950
291535930 658176965
406150342 554318966
549913195 430196193
553426452 110726409
503513699 165535721
755971232 230989866
816854530 692749041
504424338 650836973
798241699 195791589
405400432 931676603
925713834 566633004
23179672 540011017
306536987 587522566
682454449 652411233
327149517 833747439
317662716 68163236
488664854 634750023
28421665 966107292
924794648 547380696
340938837 572126994
353530538 857464062
560543312 703403948
900342249 497204558
315936311 598414618
987820836 797826300
524475269 552248703
1663819 129689070
793868762 287855865
876526285 993059801
413277136 632860539
372752929 578986743
158073900 386758716
274479504 979145265
490885867 598198900
508141458 793156863
243437781 734783910
982146679 150008058
880760974 808300902
455846112 160077767
81831628 115884861
833379236 417122995
612412239 375276438
519503015 612898992
692552480 252948109
234295165 653019105
746146331 182182310
263879420 216738151
680343292 202553108
655253740 779989667
446785897 508749564
818342554 891874816
563817363 789913425
479737370 577839052
685435952 979495276
329786685 476103489
297770630 714328165
598330213 882913396
147442387 342546528
622521459 705496737
95359007 542672780
86647875 169056392
627594226 327573452
926934354 112851652
44154721 934823058
474003975 729017723
802368222 887850506
803974207 209097045
677105796 380636160
551261436 318250884
596995055 711864632
411079986 673130371
247239720 914846262
485133223 526402596
654108245 21430550
865629076 261811969
61868162 590638606
403341132 109056758
137129330 509288725
169057893 187401415
911093895 349377477
759152780 118526404
228073608 459815455
567209217 772010288
240501377 824222036
245894211 995557532
343601435 812773223
775842424 357017235
388798326 945493574
799240565 564369157
700601138 287054448
845214642 180621439
462870753 48330394
239479591 183368188
771211311 994043784
526317642 116633696
10855190 895661033
523646820 163010130
99656740 918989979
796653007 642706992
669091594 212352051
551213771 856341875
413418976 845448908
240211454 102633699
757935657 184090656
844585135 647264566
76860060 349071839
796717853 286994951
280952767 847504153
399689857 662083648
373941440 737085327
748863305 102565221
628085747 129050979
27908213 651639115
73903522 525991383
568762522 888156815
238230164 772696201
803353124 450933354
277190641 402008907
213797004 621772903
935791094 29190212
266573683 39020001
956724486 470292115
926348988 70531560
222007013 738139509
675276301 776639585
704726919 157399485
352086445 310826137
510564091 320725961
17439522 727497759
214778590 265949252
921801703 535935170
72520633 444308380
333663726 814627270
887579405 114432197
656988712 464414116
982044678 186035725
949306355 333491792
263402870 68800294
984869732 485649885
469824670 954082045
291336961 499129310
752713366 628376655
527267851 12540243
503834294 782151550
128443976 445925357
660401618 127386026
760019896 640225449
481332300 5033547
918753432 22393305
742398023 997043612
291840961 422619756
809319300 138649669
706878525 217107382
304631428 540861585
575111702 334936607
64656515 417197338
727381997 760745813
990938191 298811844
501049466 23406874
396006900 797882723
985044227 931374742
12426452 674680764
997758704 619295526
744551412 908546628
881796539 664731668
920987972 706983964
118731029 756987350
297715419 592347324
14646074 559019833
177849808 336866897
764486890 173317948
936708257 343305084
999049549 720552275
263675127 562587884
356146596 652620776
816381947 512435560
175946050 604899068
530816831 405706804
821077527 189045390
322993863 822364117
900725095 858702447
729937870 949273606
352682510 269395556
577956214 327951403
899599079 176064141
260894446 371853817
20920844 774339192
652275237 789201226
578524620 168656747
243040902 877042804
987779141 588424349
57074246 524661968
886256718 749072187
475747996 554679615
306267185 461659053
10147384 661957825
314552361 230851682
715632295 239037378
166529167 468862755
242212111 719868971
942339473 684064950
650395012 694511036
954570688 74284545
962260369 234661607
205148597 837512480
862511738 675466762
395155620 75823807
934057613 705683068
557980070 899591504
314187392 22388234
704373564 782454820
782703241 427905291
836322814 737925092
318028857 78476639
920441708 813945227
230093901 54462965
994561008 689782574
278475700 537702958
569179563 247364693
792691540 696090042
294815640 162981881
255588840 115964135
815982712 14847388
521040813 178462725
85886527 406512093
103940761 684560710
711418339 862124345
316853780 784052008
170089510 853317023
948510224 615865695
539845392 388361836
959050905 173230701
44070665 951733173
148177957 968513719
950515812 814521372
428550585 388471337
188199780 532817409
143662288 707258155
407210853 310275726
83059665 153606442
860963701 330855420
760502543 373062255
909769541 149828284
509738111 232184359
178965523 596809000
35746132 54958127
258924023 448128973
696013562 764053377
821928871 944112239
73972522 645833626
872671943 499259935
880804539 875551252
120570777 345878986
787216423 404145082
35329642 148193243
701789484 233270927
27371797 840699480
250918805 460534967
431717893 735272851
587702750 71902010
362199844 209656107
358199560 454628695
167540332 576681426
48272614 497440051
406798880 672065091
539619042 883466473
850164130 676372057
762734571 162205731
611393831 769206606
168683536 80797151
671736496 699773506
994105967 241117794
456876272 776501714
373299305 201389331
962388343 923559406
977458026 138577011
103789879 798296566
478661385 51409093
2301623 697609458
744821659 63927494
987587407 184387804
677865994 94539122
146075552 327000341
148479698 721119805
160518576 219519322
687441551 236807910
42476869 874226898
528056635 629251803
688196530 14449037
434882763 589888613
61291288 817716287
676819196 357863082
230404833 620079917
676145330 971647360
423656583 281178025
854814132 434946788
943858733 186257512
837601439 29043682
754284949 55636425
451693361 539907031
691334930 944759368
84083648 249199200
408827176 55193569
469965228 181572210
436960782 906078721
293975684 170824106
248411275 234202404
792311889 286628215
944248597 752567245
829452695 807001605
38475279 460577461
595192630 333430082
631547546 887475246
264342900 631798736
427764000 114522092
866273220 268880900
324093511 948849367
525740928 525810147
838900682 593434656
483159103 207283323
894685080 567586060
726573805 394747572
93017251 127590136
532809668 608197888
468706148 222994044
929633686 102659025
198930492 67131916
304605224 27683230
951284947 358766077
9123269 597866530
776371801 908320543
91009786 672972220
716245575 644098644
893877439 226168844
406748780 272638974
891211956 700051448
258838536 353171696
747186631 561753752
133913389 110765141
486078932 967372545
258750364 428668687
66477199 314564756
181138416 592997355
644994394 794705612
916592992 341884232
161508529 530276179
261845564 675027813
809356887 808684685
337870595 745055845
146974356 339717437
973843150 77386794
406815637 936684265
568677517 674966831
408226394 588927
877940788 749143707
455154290 878295611
941580195 477273829
13092381 408301438
943603465 759387982
606202412 256534225
752639076 188726354
85901424 255708146
71646112 304504184
799197062 43646229
3758934 592079155
538178881 90692848
845933116 630162133
259235878 372472176
747298051 790484418
16382632 243562563
825221607 231211313
356367060 975854870
346099299 947558687
821882034 772761160
412494000 667561643
234748656 828255663
604862484 14809209
236903230 683330200
174630205 429110236
581209626 21898903
700263461 454482843
233062338 3514677
941881389 48168093
138882901 203070480
48235497 216183248
47760307 644620498
20880078 248810094
890560558 608326160
245213178 591362953
639639728 362931494
869090976 159299535
548994765 914063169
625087003 845228100
579794013 562963891
7329582 20228181
762530733 282879124
699134083 945859971
762937183 392661366
234172714 251475632
688926382 163417471
129996045 248469486
597732035 763633743
846074419 449374289
445068053 731425815
89833975 532565820
630401045 148885471
686407143 416569964
134383872 740833097
929067655 602108262
523754390 616759138
296371877 548153605
334440122 336906632
715720550 536976218
979824608 476890105
290066845 349591559
749236374 607655930
907732144 16345266
250192707 593600502
756481621 517299069
787758142 352698044
699241650 862302398
405731167 154044981
222852822 84420540
96754815 478253115
897484697 499837918
732410481 791002672
27466434 750585484
356846529 572401377
540677646 221537832
537198787 168542300
31254670 431901398
487861521 469843506
940631129 483992549
995083997 330781364
563590673 926191023
2319266 601539460
912342451 584289808
132850757 904390839
63988291 846077279
917597792 575924194
983742624 1965360
397448187 91490155
468281152 298433317
679896010 612469974
157601032 736602085
607058231 731559930
432843429 855898860
57962524 743662328
146012481 140551746
419306547 415824588
491296550 322913449
356386790 719200743
920553939 188366778
651928597 102005824
211654193 833523473
154104595 746488019
823967949 550163827
700856101 828263861
367520220 972518564
60785646 281684505
451359827 575415915
494848744 579179854
574991591 166746931
889512212 904076408
471045498 410604733
917220261 204096828
313121449 114785294
730076584 965576529
215683652 683340221
911048203 696541281
531778118 410826207
485547931 29929063
80062920 636800170
519914699 785233015
433943129 701286871
859273550 66530753
634816108 164326297
68034031 811377083
167885953 532396869
47080802 412713153
557098623 309578908
42885910 200109472
462850602 325574165
427409793 340235937
149412981 523882725
581294465 726327888
32766731 230979519
588893746 871514769
425833785 200200136
817059136 621170707
174788609 808406107
502618680 711767764
637421098 382218994
91627096 185686416
533800832 228447464
834188690 207524271
143685901 553978319
751828591 376978272
891990741 816117318
550988293 427985139
5168791 701461251
383016509 391254574
673839646 155324945
242022889 831898384
727896143 387598570
373697806 302342238
710355658 583481518
66963668 437269110
680503648 988168747
188489841 383217713
291228873 120805871
711912677 273894250
142865565 167157033
653311334 873071156
961578701 676069538
992649595 707997776
662491608 713090841
587634239 42837413
307035450 152459728
104489206 985813879
892513983 814151097
338250618 275686799
642938957 883010478
503335484 105452639
706749042 471798394
280246511 27644027
305512239 560963937
742016415 684649367
519041614 303394497
916968010 939424779
967793548 926653879
899531683 271983135
807754219 759197486
278240093 721796240
130424504 909601402
48576159 904492939
748463095 834465265
789783247 508690916
14702478 913932032
137204715 997704179
142333467 26031422
171416526 782851533
649300946 500706995
865636643 634789476
14570429 195016810
909467374 90207244
412471928 370285464
791039028 297816525
319670024 339739694
190413303 361302129
51457653 588517799
635508230 306237333
602910587 983396373
720140712 357506221
843414723 196500533
228893397 151275029
406842208 59855366
309834411 663973478
922606403 633444739
402691876 24286129
813891177 170994649
789972203 544143236
482902494 845219567
379147677 818231628
118660862 853817984
368983536 487759454
789056544 369795267
904499071 142657121
997137092 602620148
222925169 897283317
126708685 824262913
890782092 490974124
183678107 779368103
162814678 114595708
490370122 471524237
667166404 598490824
275775634 918675981
979176689 122698402
377238036 939203868
399821126 303322089
109774496 456933515
706085311 234945302
85163981 930323537
702375211 422415284
434739694 487355299
307784939 195156611
639343926 72411573
182863617 842407777
766967730 860998115
632967526 497592319
227784393 915281825
610755220 671784424
240491358 193800732
847782475 32287645
208281405 139348595
239211344 338879472
206905135 785479278
21609209 829981297
9781697 159524497
176411339 854483303
39493053 177538144
538413618 769983393
92395449 84349754
884966412 422910380
97610837 875990736
474489686 569056613
941341307 548396575
340033391 88018299
620800377 351755172
204256940 92426236
421187165 357453999
203480346 369032427
361991030 975570494
139613387 749113534
203951881 31965546
589978637 516767372
945007875 726821677
476348346 432162799
969416842 165453985
491903463 602549418
678283199 116557920
256687265 971013128
897663024 607242752
702313092 550986610
933267340 110883658
927467484 282260841
818110342 302467135
177454785 18551255
85334723 826252427
546421395 240397796
99901221 701067045
470147664 491781886
334976826 423465269
407110156 89679897
582530483 933610171
583191835 873596128
273057747 138530717
52067495 784587591
893179999 770714888
739513461 367553932
639973634 187932535
230575091 888899573
574633642 276263221
59867080 209423989
462835672 441366753
204803618 332035336
351946219 537192906
726484324 909853398
275934087 269113847
405021354 852828713
787605024 509531720
839906772 462681686
12495200 586277535
238055164 452250883
72017799 401141345
757690363 281285272
940527153 640180835
297944308 140293978
743892756 560825031
149264647 228310704
402405156 685143405
897516991 744877183
747054088 33669774
746142557 468088029
916290248 352579349
316311696 984811526
698971551 320649239
730182836 269773839
838365817 566552569
885856520 824274188
790472389 177143384
852199430 390680663
435034571 904148678
140243457 790625267
171322390 101762154
876864713 262858898
32807254 30577085
584106382 452923692
884223317 609401427
665214002 494209543
198101530 74625392
2996549 560922216
983225169 210300111
428882678 320739000
668218078 782335661
177506746 834673192
12829470 366552168
225921238 509064062
651673203 107628311
883256782 64619602
615632065 925265141
870967819 76097812
811921925 947894586
783099424 422882470
498125580 472500701
804477913 376595662
347547938 34736541
206659050 779070573
547751412 379556719
303526273 688333382
421961969 828487431
671938614 727009742
195694715 521701615
269921372 872017010
830040271 81600850
441323619 30422172
232590420 465474617
438642459 154058380
982972780 867623196
195947816 1884156
50835847 103317095
246253888 452770105
865688102 252451713
259309352 864786577
398881384 930192827
527550920 180162545
287235840 254608309
618776298 250586556
558394422 300905021
12111578 709464846
769344790 908645802
248839610 93569726
478014265 454059449
890549366 44459878
780779918 646534243
382337027 785384636
801631984 732966978
277238207 65532559
189946020 726389447
483933514 329719356
434771953 373977355
39705764 780072977
255372136 114989153
824636117 271118800
691967986 471298228
630479439 525679287
329645797 53983143
467581296 341206051
333221149 372973194
983513919 875004669
706972705 218731677
189951959 515699309
692675073 474818666
37895274 909050242
840317429 580292661
1937009 861122150
412870190 826498747
722056005 651032623
42402709 701306607
466819245 616565352
187239892 797164473
626218547 428722088
205123124 262474223
411929647 748000184
947233327 895104940
1977147 258538529
730362872 750260032
303347751 917616150
881980806 400307022
315797595 722858734
418866994 702440885
455402402 896847816
90335397 955862880
46537590 410643215
138899909 120940167
373969492 44876465
766233295 178918781
671248843 166474199
895091312 434311225
236764242 342867803
968737214 235563998
889514327 30102719
599404014 730369694
594007282 307250085
234467195 33061351
281800914 305426860
26943079 121540895
889830001 76905068
465716579 623860487
757085091 11769312
675068084 905702621
870166453 70933309
522316358 519795233
653319452 174378591
252224462 453074174
260581474 926703607
49234952 704814996
397311310 424944100
810042288 442306011
224927464 836729369
23190490 968570255
818965491 718667840
997804031 184013182
964628164 343363800
808721646 291205106
955711595 247816646
662396267 754294991
673590869 332291353
347203311 627348177
926033687 95168111
665476327 413813811
944298851 329761283
220532145 672372607
487307643 680734303
903809967 323408292
585774873 625941971
283432918 115616474
692638139 857284600
650423356 939670989
970532152 695430026
238338835 59130103
954208944 851585495
62235572 480551285
267517382 972102768
402779765 444023691
548337384 177365206
824616847 137485509
360045050 811092579
651804716 687361653
948793859 329225847
871137493 124252210
324913570 714011323
884922138 276964410
163420701 563469945
421862717 392399438
496887732 523232297
792226313 415219401
940225852 389553969
244378453 777257225
865729305 668849414
332905149 904190247
953212540 405919501
964952180 985741776
846925524 311130207
975814489 679510238
452485767 453040337
75791971 164210675
974445003 73611775
657923258 840320480
805669487 201568524
623203350 374468780
83360678 178098777
410128548 761092815
323272801 178995849
301153066 85180909
588393591 680835160
640579120 592147937
617812829 829222499
171896480 58929650
613500542 50081948
91952389 625465233
332431105 817917197
981387537 198921803
745391686 575487434
703137266 616001766
506200553 649548166
425559492 43799628
158878997 290042137
675308895 192144834
144144279 566643838
351868656 789281070
233593415 985301019
960467231 32854831
634057953 884997410
530676861 909882604
513931937 504267454
608507219 397626703
81214276 18409466
182490024 34224535
721516512 622584637
633646456 422703142
717032245 850332426
483462630 122181777
850343726 216526826
489409538 269502436
960424558 901549111
77906965 131105440
682293405 868250956
344776698 589896664
575602566 204388895
929946277 239598396
573610212 401648221
852134543 587893483
629463079 642505429
946510943 687512835
475856937 743378035
100033974 844010048
998038955 174838812
449438749 877006032
565542568 157248946
741895037 607237038
58687852 864708511
365511999 281253708
851250407 216483668
7027754 910442347
58198858 360569887
294284452 693529351
383839946 635293975
838653226 316547775
202770759 850833281
436454147 79524666
745128163 595099911
890647851 88524908
586451237 83103085
979616729 76992434
985296257 737251429
664154421 39315128
977611485 782393295
959776089 903472543
370755348 548809295
152238321 955914736
120327022 390644234
