888
840628794 253268813
352534696 871013522
168263372 940885619
794014448 46701220
678322114 606838293
644141628 209079184
258301462 719305841
303167523 166379800
857637022 647051466
630227340 231240415
324004581 30245495
317947529 454862902
241812494 72868762
542713953 606703464
920758860 73976355
128286724 175989588
503288292 548165362
827838367 581473347
771984194 547646904
634670997 130906968
127532391 167234789
941215266 439317622
185612715 744804598
888059702 838347220
683289968 738787462
624708537 815082151
29467492 568694728
703854235 309635818
753293232 210677496
217985112 231254956
799927918 469937511
307575273 608757625
435695338 983100285
219442759 339407009
276533411 301746242
869069072 664537576
436127913 236700813
980039710 184702321
567100902 17628229
610980592 554409103
694239979 2594351
59252930 597003078
902279915 596715113
79169373 317388743
426178046 286079595
829147834 320285544
614755335 578504170
432792187 473829133
561912722 420572933
421428655 119304098
71967659 500878711
835928295 171602913
820671501 491184507
610454139 716689740
659774238 533254444
632294761 883911966
662099885 493584623
257458938 152012216
849419662 81322925
757682384 330085749
792288674 148624949
922590727 5895125
543243833 792977201
435889876 870575572
702027168 606365106
948594215 59788118
416780085 346922123
583318788 307193155
915641763 659382638
737416576 741674856
179570137 879488361
729783981 362691998
85436409 913246419
602373204 717901939
492892402 490850491
714110803 908942846
466126838 199874791
32966967 269907132
475032693 988390644
501508841 722996164
11150129 528500542
637319790 601124176
323873762 881657000
886839996 639595628
983458810 50838485
287068123 252879830
317845850 99292807
818850278 779355970
783036681 770367103
666652045 271956018
403850445 931245529
677178470 700534664
555432417 548801304
698153633 168501534
935502097 915049793
355429145 55022610
598659272 225470430
30723965 354552479
237152540 383743554
843519161 690793120
312355948 395453385
61400148 830362858
750439047 459496779
685404934 829262067
695472467 664106046
947687831 259222825
176169384 211681554
715829776 254915252
411458592 257322233
744347614 288076152
326603424 888835135
697537251 161128491
386048025 97754133
980184290 924798070
417441292 41404999
728020429 316564760
808166582 169916908
214097514 135323558
728337322 849330583
86125815 779764523
900046009 188115663
238227216 110827438
224066285 877832714
143288249 89056182
807114583 343134439
976826800 324756670
653388007 11911567
493063717 403909527
49299259 299120650
643888417 25353395
839047568 217003731
878377040 776801725
239532884 397700251
786949099 231161149
727523530 833488705
302267657 441952519
102639592 55004455
329669034 338519175
286274506 337969454
849841149 529071868
335161905 59732935
716370680 101987007
127946755 256708352
287355058 840134189
425259487 932899546
403525311 669997771
840117476 357044252
773891305 291250258
369577076 34331790
708049627 933438624
687051466 265908683
144345952 136994834
533708910 572254411
123025595 406515206
189086753 841568450
444203263 981497021
627659829 387754616
172033042 978226136
586077435 127905972
730851302 37395950
478705700 971206711
124162230 999375413
64229459 633503600
138748591 60610652
717461518 947211560
221193708 912160417
662232219 610679628
275144066 494549942
863658105 72590317
330445022 411471977
170574983 795000942
858583521 560844894
767710307 533391199
585728537 891419168
145409335 18013325
120070717 283530731
132421017 152365175
656026355 35401861
636425696 310648356
140488001 959781496
274364385 175132104
59422860 169715124
140984863 291376761
501759100 604660229
397455569 706051428
470462372 937983195
107837017 316620227
399420133 292943657
737561268 86856051
200087307 924958804
816053828 616311870
976685246 954897415
692158569 464378656
555606968 259340277
753331945 402988639
48398050 701007240
955900132 423585981
722219972 39555902
177031043 358774904
539624510 106061621
571036789 222427068
670017627 20130241
227960435 611146137
167695356 620270541
106486224 606409843
66099774 984599691
707592251 351618379
106727899 686571951
653553224 233620413
863666685 978221684
34698365 699505439
560421234 971741716
319597052 748078268
709365564 984285086
641794122 586536327
66087603 433159424
956879859 114338260
156951508 194214349
504197458 78968611
81072811 470748640
459460533 944152739
814951147 647599498
991241991 673034114
936427157 362157342
522432586 318643938
270884944 762398247
845907272 967546380
739054243 938665826
541325069 889703886
37805827 708767986
972955920 206439000
674237394 97823311
614820354 606826945
792622209 951144459
545698715 81635810
928600489 145674750
150579808 340931583
705594362 46276468
636722195 551223223
534613755 262658634
156610993 241078206
983777610 743576464
700089923 534732994
118650450 527729575
552575971 176078711
516526294 997419248
73198989 417517149
378598955 864580371
234013553 844665061
343961757 128824565
997140957 442356285
545177108 856917657
432233835 271356100
375332626 630801135
39442220 276859693
731894774 987239455
887791135 855691959
751523314 807219605
377712306 57319511
525218031 827419500
305079065 499239606
285583702 184440814
821333531 312869945
627472535 33184948
578270593 767588528
157514418 825877104
257527267 629318018
408570149 849172224
632716383 589403583
75802413 82055275
528063406 509293498
681810981 912387951
432803174 315929043
254259453 887888054
581418895 917012010
396111095 635940745
814456275 594971949
825747132 888475472
371845790 5818290
246270230 382044992
308264064 207440953
133233112 97770504
672895407 336333330
338042122 538184997
685545804 219058632
223488639 277475693
357687185 697656860
368310289 523546987
960830295 272010636
541337724 574750967
603682823 518959388
847552260 4246681
376806411 14917670
236416500 883509325
839287601 81649410
728605336 88246200
332555188 312216695
918581388 225433605
509272890 60193225
348146980 102226106
493968285 760835485
723889478 278681405
616394240 998653425
904976708 289793040
81412750 160239972
279011695 777743644
738260922 874670530
464392557 910797985
347598655 785700398
49469482 367164095
333239096 458082670
982597556 660965271
952649885 260934996
847586763 907007543
880631563 947896475
766398330 996707435
485076877 604123394
134252598 325328408
257382428 826938844
763537982 544623543
525782509 657758310
356804215 737205813
90092778 849990527
766767353 320381982
368659930 250387329
340853066 100137281
302814861 840972818
269040757 664187290
132655056 371145299
717414295 707073431
298919802 623123240
265824474 289396211
610709430 242367494
55134203 532164467
883867632 434446228
39669866 286872380
136080568 324473901
527503944 711144086
868222356 671901974
587106051 764869974
451705684 296175133
282732976 727166963
322601752 322180945
538229591 428573131
142080058 186160985
963747604 575306604
255487743 702425891
72037454 607043452
392585634 302379946
835678453 227659639
26865046 308737963
671651507 541798652
309386408 677067595
149270256 422177356
433652194 730102050
414614797 139622437
828255692 75417675
613558256 48730338
594775619 103720240
956506597 716725741
628991237 443637122
570743109 764954624
691532878 437556959
715512716 280648939
372327734 654134555
348759127 679449120
815262791 811604330
251141855 832029365
310016475 47099846
24371611 779138883
312928267 26797691
380193309 987936860
697535237 469425304
652407355 836028817
811929125 742569614
949578133 654810698
961538689 725830492
83833574 930334390
564649839 85190909
48474536 456922697
855356273 350903170
338047330 596821482
252874087 333053573
287158906 344352997
152883468 376592848
208147090 57956106
894840929 593172396
800049613 543843879
798707729 1088280
285553387 935815611
121782003 10230818
52592634 296481144
452834989 705834564
277736898 672915057
590609111 616443791
806408270 215133130
679788030 439562036
39190709 305279529
624514092 895589487
690822745 813200172
929761513 333143187
447680198 128352419
797267820 401574444
75092661 229425744
530268909 737865446
818958646 279205591
124839667 789872161
412103632 513912590
609206568 935631705
128453496 346338282
775415647 602394168
793173124 263979467
412273051 144405829
707846000 255133423
391811907 390490835
680350744 738829416
800212920 41896885
302079883 739522485
608657990 280050853
753916565 919755790
502962738 586385735
183826405 494456723
706370273 163923806
651103790 274650857
918937910 420526488
222347297 429224878
557727148 514712682
129798049 408975582
982360690 253823830
490278384 331243419
971395726 255522484
313425516 407328077
839868865 10951473
60029602 563792822
228754033 477829282
833807819 362144511
748194208 422992029
974831646 493493371
653782855 916219688
584713397 799360287
808654019 477561912
941949795 245915538
959682106 473949679
918942017 881695799
733627958 820143468
437672696 136995618
51384228 494583823
256009837 369003904
14988562 138819383
409847178 933606362
974015865 688361555
325983324 922068207
931288398 170073884
158025457 835793899
332766123 118785628
449086105 36943082
225674446 200700089
824048389 741172847
260431493 69160210
951486935 578020132
319484514 603848294
204738894 753972973
777517379 421819169
825403138 967942850
612636376 752246819
999087178 873458969
231660136 930316431
905974749 953711615
673929006 247445208
53107483 672672990
46714945 261931001
648833320 475324167
410101838 840509618
451276498 768615904
188276280 262673115
785891038 792241391
991870903 974755572
347407406 904340238
642171170 10540465
153394211 396178305
920102252 424071763
818246879 203714568
816324627 244231722
493296454 111809605
412407076 570173865
115350665 656126052
489059131 434968771
158104749 172001077
315241522 672775370
408470169 515409946
992724227 32613293
207734554 887298399
703355166 54226863
423299836 523415153
207754043 34075571
986863927 860950120
502290348 336430505
310726850 802023255
414955002 634188723
524806196 318287852
419716942 875639942
386734769 958328014
235946692 633059685
162186426 875301972
560167364 596063899
874642178 312084520
41182201 360676103
911054295 539333444
122928255 895343814
162322130 87773590
781721087 411739416
216867963 110453540
792430551 202388699
931118014 112651652
224453894 263388139
782499853 638048916
658525840 313401811
550799681 614957514
220555102 198044759
5791552 215540470
629916212 707725451
750693005 793608067
537571995 401974416
528764303 37807803
327513575 352451981
965427935 698962269
677461978 42252108
923365070 145623025
701821964 256344442
99828033 922730196
596777604 981913570
619613611 8168611
142489090 264335434
404981371 654692279
651192305 213904247
664855177 459504954
163762483 401322553
627749808 244346459
698394647 610082166
200766338 601382688
872444593 301831534
711996807 936516670
558563595 907995392
817120884 695761842
424597236 777033162
286410168 290504697
130986870 676571515
161976898 716224357
717158533 331928352
361368445 246462296
663234486 738847273
832499541 772242059
786984337 305213392
790578456 377261667
64317826 756500294
243793743 197126239
500663761 965248716
762066306 584373935
850625226 61350350
678641198 853079995
831987902 166439526
546557361 151420683
27650792 34226526
370267151 260241108
598968673 967454024
481448424 668832560
67424471 272998123
106578680 626397755
395671884 321881502
551399306 684851972
408098523 567165679
1821717 367363370
770492263 850085474
370522491 909216265
704789977 696978992
181822068 308067274
666955640 291441330
455922882 667310684
727012839 686457935
191995973 945816448
952898233 351598587
171728449 522704044
105060863 243367524
817588816 759230184
960006958 870220243
265995118 137938780
641274332 264071905
82267197 459079588
286203234 908737856
630807452 734499976
807815271 523362590
435061113 383093299
693411046 229066217
860490473 245713297
227543761 821178472
425355904 300057763
883323647 157064833
563744432 734857872
110315103 624435333
51950360 738589871
323769444 660067092
197575981 511936330
76995327 614251893
223456932 249641735
331983047 125646358
250216454 139990597
426901581 796527561
832819433 148512744
111862962 200953032
541642274 425712574
138985558 360772420
821821966 492544732
435352915 110504604
926861235 183038222
698900199 688696552
3495737 845767632
989190011 399818164
329206027 614538251
963831340 915403050
777811546 436694469
323156625 200105768
753152655 55388154
241972037 960791602
451637335 130961717
640104990 446735423
551413876 251824039
961887452 466761220
199536299 343810888
100396701 170151227
60726395 800730135
51149577 628451500
733064575 98641544
510569765 685650981
995373830 166835035
441697654 934161573
59250089 762356882
682552351 864074301
515579967 868075310
466660211 455381603
549833708 563166816
523896212 503639706
810353369 919228624
656537492 328064775
407626787 773440285
731665874 917639372
664232657 330380190
946887941 168365688
551737352 82792572
17750645 803256881
27886882 573606728
661297171 487392068
281947447 850861894
12119256 234909677
633041488 329112307
899606513 785482403
103390650 493841738
956333592 434911484
871533117 270244998
623999405 384417832
867934979 60544881
54152767 544118307
159715220 6355378
527647491 524078876
957449833 234475092
336103137 781979013
303682283 497293934
69484101 182313131
64977595 803454041
621789544 17744570
898682173 25589800
373010856 993176201
374122672 44589198
378590507 420174911
170315651 930189526
486233543 27122117
184015980 892201658
555040479 13777031
100005672 501104186
193698595 892948942
679363243 966652998
742577533 544444212
854495141 900578981
199543420 609516817
446846953 831034458
147152407 335781597
207219113 115526522
754443337 745802196
487935815 796449342
385256417 426200995
771222812 372143597
719816879 58367492
593196315 402509729
851776060 393908720
892618292 305128293
151718708 981817356
787956010 708826741
270000232 456913373
671196336 319131592
644376287 487207013
332598128 820694102
599138171 771913342
899905496 945603702
3769509 11435675
194955618 613681428
973299574 285149211
572980678 399246004
67341651 681543806
606336735 399693838
244949025 652859949
473067565 64526131
106199162 56515628
136489489 176852239
860742263 730605899
273678635 115383902
536794104 627055494
561562259 560764669
21050710 503809866
941686179 541155858
494032007 714613323
137795744 611469025
770862994 938777063
520039915 259334865
471431497 126228438
889251294 162569427
98497188 63881094
96096451 214969501
803612177 932267626
542189596 827719760
652847517 191346296
86707867 862084922
75045372 801098505
592936903 560172956
726658233 845785443
168050569 332596141
165591808 127255485
891688108 521224438
753844108 445901046
555776282 983376819
171216365 631476607
218622341 67219257
161157415 436479282
860073822 803890455
463480627 221676123
825587451 714791340
199079839 235754472
908866392 482432443
624853026 821393567
158620400 529150545
675953573 171469403
197893552 250916710
89005214 340117824
229703136 589617564
565256433 875863279
715868271 916433933
492846651 158267549
231346930 900682778
236519187 427500171
955725242 901326681
323789969 605462629
268500523 169422991
962734796 562798862
128556690 660913297
714251480 850729547
351620772 366186848
350141064 828222232
886361201 502121616
590785194 451919668
692324707 293586494
907450593 31052286
638875249 292993613
355394056 969842677
226998230 794807704
671826884 828589946
282460144 294874089
670288721 173254815
21474913 853133487
70101596 992602477
876873071 500694103
80803111 658810519
554422441 440759057
252887536 592551079
701368095 134670992
828295093 851632996
445790589 842203624
160063450 910062025
530770740 998625352
911278660 649837005
727767104 844944331
478811791 824721232
533732755 36134747
167641319 423456018
749327293 675790523
219786148 432482175
727325455 180796513
133689799 519248490
639382665 26126683
829914678 622320872
107170737 734368709
273129988 458813026
727843814 297217676
419338378 576021038
781742002 108419794
778223707 143548479
692525453 285108967
92180440 622181790
566832844 931590051
914337059 231948476
225470790 844951109
887704843 623722123
221630587 502196486
510559539 826510837
322045979 860925290
370408596 246713225
996378660 281941124
32342447 194281945
773132980 200362348
403958552 123785692
631390426 337517354
354277560 345350439
928708157 615611571
918000705 852900034
588517128 67812467
46615072 840825500
572927588 176595225
886124556 840482433
608032691 318879647
235404452 70140832
347181169 6936561
69839718 401388939
154175082 277591652
196319413 279820614
129206082 507327181
294159389 101826274
641216192 67801891
700016100 876689461
182299757 73495679
124678835 319583399
329763968 845647610
344070026 490026123
977295438 146354154
591278588 917192172
460868820 860456481
428480520 47186931
67964209 287234431
769005001 470908650
773012166 911224787
795828136 476319901
740208833 207022868
279619272 487999354
10597864 626969403
375918459 640120377
962245287 556576345
798043619 369248125
315665392 243150659
197936368 535324844
174972918 547078018
81378916 247954584
469202345 797426515
291649473 143482264
254589967 538450251
157356178 552289279
505544212 322730141
782315251 28323006
420262037 133705704
167521425 152033639
907185518 971216173
37666488 378405778
348746049 171220482
600656075 936170747
862979655 695993232
788292813 412272444
528464826 247923723
431474440 94516910
926210845 194171604
483015541 993820909
204872400 882654678
127777440 737207470
594041624 503757574
455998248 953417258
916207027 285937834
34719978 595483773
885593050 31645004
707937234 703159186
481336120 622634608
616026627 374633518
856755522 868567790
679418784 141545737
847938054 63951300
