429
418121032 827274452
451222945 605925903
713042087 475250710
681257734 535288676
950587124 339005614
656601187 660725648
449317603 941845209
177203253 823413146
968331109 805404060
587989952 124148059
843432511 219139459
501457543 124833428
966176840 903510569
409711799 465187415
487527946 169198525
79336033 829865260
27020683 128907028
228548460 170074836
558168262 799234049
254224589 81125449
487235268 722150990
354228925 90545922
705937869 66751943
746431926 373909416
2210785 328187372
168424225 864370587
294796168 278750306
338474668 396246889
766690316 613951172
248845605 553184441
723251609 619903320
317646210 5307198
822185100 378209140
823915206 584904444
93341405 98853032
26291849 292405533
539875108 634289380
63556249 4968548
974793199 33018351
888435516 404486255
185147060 177720710
997408767 328806397
569743316 289882897
263955119 329863852
161194026 627088771
616174525 578229876
172286045 848976226
439825009 400203919
65439243 807463785
857037783 700701493
592640065 828243195
913668163 456607280
71397879 616757971
824906405 335524
579299250 58785219
426913376 113371209
599882508 323201430
895935302 407864922
386300726 507574858
943903759 238981345
8545826 344394617
432693693 243579309
550213892 23362260
573629781 16614420
618332602 841652371
434124413 20022167
854164 969295909
389823836 211102721
653946061 456153325
561428578 504065072
758845918 279850066
379241574 814856637
27640097 542857780
68739624 822244004
541497158 389265706
873086695 993230040
870240611 967547914
408454684 592399341
692554651 559446387
75550141 192226219
496911954 653826365
781641282 325477753
940535036 288430382
508225433 10281387
807683397 691875524
194399133 191821749
22909093 595519933
138804143 434392369
923474041 817259260
855460118 263284782
201425611 790148341
183840713 15253161
725386052 193347069
429383455 413303067
695063444 511353575
240042466 431897392
592180962 204036141
164765645 361921646
416496043 473499446
204736272 148158928
165885987 472070660
443197870 863118642
877961132 683100848
248601126 863652131
688545923 787021288
276821195 877860952
133258807 436677021
437074953 761996567
72684254 630497307
117854194 486616260
568606662 965458671
227098511 891667481
27882309 620235265
472404328 799551977
843908669 311358577
52707196 506384986
354873154 419938282
915817069 927021595
331868879 420112090
891551561 122029342
858072275 125921768
827432162 746691
325511738 845218090
396405416 886925905
129215300 80681106
764409939 328246630
113252717 346054325
789003920 847164894
602883661 721002488
806238329 117697501
721497820 777348866
393911823 947686788
455968812 529489
224343844 109461094
935210406 397696822
849078626 982140047
327890374 876253558
183066420 314425740
185346452 39208948
110671011 19705743
650846130 963794911
442263684 487640758
274644648 669579426
216557451 834362961
201529789 997968902
948943433 948990651
677975393 556600171
668325290 381324761
706810624 249380562
190143002 347519255
671999934 846887201
941087092 565883102
191343985 972356036
693179676 355584464
949318897 3034007
268989765 48295482
629450169 662008174
522775994 19332907
900962046 52057738
55486201 347216199
794002639 237610306
595407096 683548373
461142517 971199529
837220706 152512837
425918284 979181554
383571790 609813777
708103150 464398942
423238840 815623619
191638793 941273117
58298845 689393260
265344416 545542625
968314697 914595241
932815162 519808067
836515463 155423665
869185260 549397808
1096155 589202684
818802126 397447652
998451636 793884142
253929810 104921283
104713621 507283116
439991826 140845514
536121981 810209849
986645092 373772900
446964300 482951596
677551855 214034848
483189568 790830178
445613035 218364145
546813875 824805915
422687950 259072577
757985814 658991314
340674445 371269654
556270779 775919990
608946884 125867365
189465410 194120054
288829848 208160383
598646750 387135951
27223598 434214451
989582054 242429550
220918038 718394566
459745868 463496898
977729449 863088930
857049123 462843766
659774004 227423246
661008411 353281302
495572612 818558325
682663164 812564323
388884835 487011714
611917232 950547944
653378470 617311709
392014786 317762820
368881391 664173253
644232154 564389863
520728836 327485001
703999149 582689328
41072761 127838370
203928021 590019200
997232652 111812091
625969694 642952797
16546806 699008938
315331443 695901170
48597749 875409934
853336486 304697347
763823396 271214005
575913523 836998737
630065959 226503012
301279424 444437850
553858224 547404151
900155223 565450169
708573656 644000416
516658886 485446023
915649129 567266184
517036882 359715442
292375465 389852628
785115413 773885625
10227437 403321685
256194909 837154030
260602234 844245851
20336026 105864515
180630538 861806157
211531015 605037700
24620088 417501989
121785257 700647049
64250456 431678737
766400218 670728521
109915718 76699468
480272763 661580621
743882744 441437016
357508693 286648659
989720296 410747347
679132030 402714644
608827690 457328334
580211989 322648293
219199246 954587304
981292695 18654976
593293220 158972978
249804837 170772381
767155723 329066129
889161491 353842125
867467286 393203918
976305189 590649832
690215174 675045941
440629548 127207356
243522561 986739060
546652759 669994572
276579682 748998902
89684745 49613060
126078386 22470351
440008958 94543106
40770966 556029533
454071872 943458053
551140464 431836515
283399444 602716330
212551255 642264949
675480414 80585241
435423106 420359191
426958209 381162383
295702334 262840180
457293820 115994520
525356670 120569614
468638318 286908701
96151137 286036637
446071548 616690140
199905955 292012373
544854288 664773637
158478083 37958195
988594134 736050938
998001440 624626700
146835715 112037462
935840318 200986023
13266199 72626636
775280363 818738311
943373782 416017733
555667248 264602680
539758697 119962256
547447936 909224322
603451513 708303468
680707016 837155917
515902290 385003754
132223358 197713891
466893228 10930223
55790275 92250303
288948409 353762714
699563077 323013919
882515617 543926648
224950475 415114273
352468414 361737285
171306096 93559253
837207161 471961372
190548667 553360647
864677298 603855017
415879691 504738942
24686202 386130058
476104867 399189730
830631416 411106255
824806218 275207262
94728361 430714696
709275753 616118783
542547314 116327712
212623144 616435216
112081641 851909655
953926563 921006953
389725299 39278967
487171277 516436698
69571645 388148417
913498887 155071563
300038875 815220111
979166237 255746186
64177729 998318757
661388802 696785835
605529434 473257695
717549252 507242265
360179151 214393748
40581294 985749705
306859540 890532078
999921054 858834249
593845414 355488788
927443127 791798170
224183453 609283933
17248229 975073702
456892775 853268530
31544855 859496311
842003279 812036185
208159338 740821931
837180797 642074544
18350056 305597086
341788102 801285016
57775812 745041803
50217338 475155614
479579362 450035593
279420091 161889531
489924617 580134150
49805428 210840225
881099946 804428770
41477119 768434344
473161902 756447941
595838399 790582525
743971862 705112455
627080316 956807206
283973463 527292613
94211650 366980486
335163282 519243126
134157939 952327271
223995708 743069225
166397954 298884873
867159127 192748987
72334307 566097432
526781152 924717938
642546623 976365255
391937425 349868505
739334503 684808848
920097047 161626078
967053187 3628467
966417920 868379670
7018969 468885163
45024367 51965185
935113355 401936000
477171494 423567588
475174279 881888756
354977562 827716562
403205980 765407474
699928654 211117517
570109596 23410774
728085236 880888214
308696544 733837941
931341830 108450409
923644326 879914875
591237005 500623741
490956097 415635968
912706790 225317926
373424163 283849887
256045551 436529118
54694049 960163477
144910591 8304329
620765987 203002880
971059285 728005658
828033590 373919376
756067905 973810056
453560420 444177901
525513350 811307771
693723189 392993243
385692804 591217440
180655865 237758049
988096220 274818627
673201399 789472371
104861703 338814103
876556429 453554244
390619407 803633443
957317760 379126463
928065567 479381200
243378893 36437505
299992120 781699568
579517847 667197245
904630830 135071027
795814080 231344033
523024992 331117574
479270169 33234360
216310757 845219476
72402185 169703227
163478 635785333
683360919 876918504
861950484 171611141
423417277 257175888
282110467 937308637
304758384 55062235
766269759 656735188
208461273 104904
622856627 609932645
265721527 988954297
606188274 749805611
