1760
790058838 448322126
513652621 988460851
134211541 68886962
668617078 415178253
818747776 599411746
375111949 990450834
857964236 885635080
400301414 197119806
780411636 422096602
172953356 980092365
573560989 10080206
484753201 73192445
306656938 909835838
668698595 446454082
195176728 143628786
995515364 37558350
766623337 994482246
893748085 995009076
533094131 934920735
997865512 905501728
990927343 122296575
268296862 747871138
739125590 384317248
329758774 932908711
924120789 669081696
245644990 732121445
590518081 604726142
134426395 161033456
535319546 957272041
875125207 816453091
979488744 820224242
734402796 410585959
325376833 234035510
785761493 980459485
296578604 660607549
786399656 316595049
668274295 556494053
136325025 793413376
444954348 798886557
750098006 433211274
704166695 172795582
22362535 24052850
991964499 113686244
727069741 937586352
660941197 539952996
679983522 826509896
7180277 381402692
230710269 88755926
86976549 939822479
173371529 927872585
98573326 736162078
144024536 987736964
77090560 592205802
288672620 43021302
147186710 798949926
967531212 892253402
237684067 462758914
644852155 484581190
468251553 385241998
186359219 692063840
209265819 622298022
203066951 998463561
224831626 526717400
598002532 855046832
697883413 198426542
322321365 244581763
104315604 912474800
106582919 530736704
620541575 499597121
184926921 402823535
604144372 410529182
457602896 480642659
443940665 386430345
579679064 155120280
107878637 876859353
997112002 195111230
361071664 894397727
759161606 436256627
102171245 452529363
24449534 572577315
879142833 462049875
38263545 2599859
408657727 713672613
101502829 275723930
814326840 635572885
927353235 384238110
206019020 588468159
749617952 838257972
328041244 600093196
360932113 323939685
267705172 494581408
244319492 988828519
584743337 951529648
152050923 944327823
245322516 194189200
807781532 739394266
16689481 120588615
972751769 489371974
656972456 558880747
219780081 95448160
707588885 842999623
746506935 770617885
395529613 585620473
842322704 799009613
366168505 738007768
912601613 656371456
581741567 88413534
404803312 23234653
434832855 154042437
738066506 302262554
434881205 562591311
595354059 405104643
663857507 20005981
448246148 245803672
907181664 204252489
592179270 131576747
873112925 452579568
338652807 582161820
922734014 879286533
233393951 518765401
123862214 14265559
92203825 686601793
166035466 181819667
861334281 834448787
33987424 211303945
560163276 835424389
170698104 28435759
105361841 122276508
200384479 148881980
993646357 920388349
590246550 862481488
33472032 841729230
941194239 186857078
864648521 518403454
334634830 464824321
277778754 665513434
972795885 247235715
536938572 752208201
112874952 997572764
175573108 391226313
677299817 5209063
689118098 495002249
683465884 595752936
165637991 415445706
173786141 281024560
555077293 491568284
104690858 122808404
965268155 384512168
110834223 843262070
327615283 479484256
784555238 124209464
692647071 681647642
901261915 56022732
559001009 746862490
409534958 664909527
536032714 649356343
338698116 575047445
952485228 783951414
421106111 404063319
81705924 130719352
560044120 393979837
870568091 296529394
963902293 401346933
372281605 822838147
17075712 446917106
30905886 266945933
912296447 495583923
249834033 818949084
529332563 249125493
529051466 792633468
595865679 492509845
700334334 941712873
213256315 970372326
26891580 233055568
616674650 109416987
783161256 202202113
162854749 632678208
53131352 624878591
574386033 932565812
42807973 114797499
536849168 730708612
225844866 623039473
511091156 823068222
702280172 9703155
52584129 966337089
921606938 258996461
42421679 889098386
687790510 178769724
543779946 646871197
619673494 535695697
943877756 815925143
197948005 962916179
216313175 312464238
141691461 244074577
882837789 955749550
789568535 959374972
175959501 171460331
919404974 453432557
675284529 826709278
640789051 725119144
317547834 591118365
839691891 409924813
963620367 18890096
220254495 433052842
837250499 907333098
977715965 495301131
981809435 729205405
858524852 855938530
252946528 711493441
807700507 769955422
987909230 899665140
238271452 948074380
605789702 540523682
1290020 6313826
41450241 16198888
422137729 103011395
175740708 844992065
594415524 82328168
772577788 754997922
245326904 748943404
13627823 722716232
129089372 679655219
255374700 16332472
890634799 604735039
406109112 236413514
961219944 497136484
633561412 640950231
896634193 551650817
517914954 63824330
829352275 494282312
570025693 342212821
728687648 977277342
538067570 964071058
21898059 699186415
429212735 264197535
99724448 251281944
622252495 588877586
421790865 811038497
810454727 421521779
638717753 284993132
632103915 372471617
90520055 354474711
401421833 893264259
518108840 255780984
570424333 767674775
225616505 75283531
316976174 266423594
571215565 896832682
545014492 681192238
535926565 477457916
978713001 784200262
900330800 966058593
842617426 864281452
480965686 252335495
173328841 72073547
755258555 305156091
894980049 463575065
832010329 488686042
229453168 23662906
995257357 814778847
641639917 613831562
626721477 175446313
121410194 540898609
428637418 599396866
773133870 230129360
38787332 183021853
450204827 372464535
137335649 665923148
451802593 467867200
446491987 973458229
306227161 123652931
971832448 499115906
733127128 911652206
111951612 192153029
89634358 163677447
14381686 690261873
986512735 421008243
394678430 19939949
453145874 549542819
618163453 319065262
199740734 827937762
23865369 200036598
706522725 51933429
492470997 214736347
211011233 376255621
744719545 82945756
802533053 864918776
583400751 228256200
564633888 436706276
982047800 598044468
719220240 784508953
315616239 315155937
873421238 842409645
724430809 81409900
776792658 506463044
126649888 428590615
299954733 978298760
800761301 459585391
870932896 434360014
474055454 260378812
451889610 936967741
530415891 541693445
454808956 626284739
593098974 452387868
266898920 795777189
276122262 225201701
277691764 623439556
24769556 896736421
641979451 915536703
650413664 691379230
628271002 354430435
732964249 688123083
843400310 636879008
374518904 214572743
838071271 856074023
49818763 356682853
378851165 289295419
383323493 139301944
108332824 829828641
446412293 341394893
436460232 908965595
840407769 716313634
465149334 932005109
618773934 843710273
698435054 717711257
35445066 181306835
433804245 724481142
840653982 639434507
92983455 246817927
495662173 811468718
291562150 578654697
591442772 885076074
790540899 11539338
386419160 801568627
957592592 110632739
51980682 458053617
199384324 83093337
507707776 569013744
10346170 621186947
921464287 264928392
508405508 482817163
160991216 565370185
263554920 927734031
60979029 265711255
220379922 471558704
499815155 720116823
494968333 84539259
376943587 785438511
473523128 95906715
353698108 752904077
614284764 350628439
567497691 770786449
792026805 387616017
506000209 614962584
218220423 408381190
75545711 399521367
626208013 455561430
833567860 797926424
910997184 386633477
778897496 672687718
107774288 915761872
155487274 128875596
433630332 187199004
919172990 150306839
20713569 270588170
826898608 305608904
358837924 900103087
627225223 861249119
39417799 397242949
564891234 389565322
590163303 291779981
273685901 278603048
909585634 49674858
970678402 726207163
116124896 538679790
629247014 121642067
619507214 495332848
744840241 771623638
164723181 281828538
567902164 776473242
79474177 694675465
500058611 575897015
390623474 845010038
96997387 668966085
906456881 353552274
444213499 813207435
594888827 77986510
511359095 286249334
337381133 145253085
88156238 83430583
515992470 909022795
154525968 361897130
386171513 723695344
720810857 112133811
857852261 630679304
787577257 123268700
327007870 267732524
444714574 438680303
768226566 476773614
933801679 456258071
875559047 776771620
249590459 89870133
371874618 323532154
445956240 165566988
229692751 799332596
204315334 303755996
964001570 353088654
775848034 1430116
538189170 605497518
130830199 476884892
689583069 173262172
618317529 755336649
195980573 584148922
858709409 273395847
496610325 422099554
693340604 262657747
283456797 625657540
229821081 56632874
100056242 646706838
410311332 42918331
176894768 926005885
126304896 368411412
38601555 120509766
994902971 637186941
228987651 676539747
839000842 894741657
790826031 31852928
849970965 976773512
696548493 922621780
979154101 978060457
650769252 363670338
790752437 222499212
765848000 227141866
740868111 496387793
987702758 210021219
291294624 353181673
101807623 578196907
866007920 871781794
733080908 995358844
186022526 386771519
516480503 386852476
841812264 148254062
578673656 708298058
231088993 208348064
899092825 672682050
81780123 666509204
374288249 473495642
544265342 707539309
480126037 383173195
914403261 632718885
759484610 994253515
460147857 761712298
665931468 260807868
688475008 103485789
953214431 357353515
368428790 782063940
660245543 543123071
937404306 52537096
209549602 116198878
602677941 921588649
538702636 983487899
939961262 721189268
117598107 496429046
169520867 225747964
85810485 794701346
414371441 291875834
17648248 824577571
635555461 922185935
610139090 2606596
13175553 228652600
633298628 712303454
386779553 534713654
27310272 778629219
236410847 141942314
162922438 591177086
683613589 927109592
394351214 732872486
559363282 37547896
159407389 472658872
867408648 472260777
689487438 822606194
727281116 355300540
276451997 951135887
618689453 53388130
318644307 356112669
783352308 5818564
535476957 28114350
586971267 862378164
241204678 749282588
132049488 680081388
520992402 998804288
938495765 608286094
688725118 892248240
481291097 297358016
147256986 40062043
151568607 556928347
180949295 171303814
460519866 307122654
811790174 108488315
599782144 920144299
812451472 699281229
651955886 44961913
759093674 376887144
233138056 511796854
650703795 187835380
779787401 382149598
218821301 953986829
239078879 74252524
157356286 99586799
982168067 220980560
654416555 660564876
357687108 293595425
625871268 802928429
753706058 328271146
477600192 821889628
22354026 271533991
332466753 720497915
720133991 141641694
885456113 721547804
477367554 783591859
384394575 31432227
182322385 860272787
535876698 158793511
485509767 100131751
71098868 448540349
953355694 110641762
974725783 958791939
840368686 839510114
506745538 281092947
854851290 186982067
940219225 8160154
721824620 342525628
75572888 939601108
133650690 333825608
456733459 748596151
840380971 281248510
632591288 814148968
506952072 711274486
36280093 914936546
193352481 885420235
545886563 634328031
106623610 543673615
439177706 234546938
58401797 388973190
963807453 492360827
642132776 892075595
128046590 848970105
902881738 473544555
275641837 670051180
266519212 712404791
124784681 286142471
776481599 693510510
602452797 146238282
601427909 323059543
842993178 533671697
53210541 304893402
309378758 79680235
861591581 119611824
421804463 80860207
911191546 640964668
643813108 339281951
847147960 237153582
924780162 6832750
888057791 645714031
654955586 38497367
24157985 150013320
413631063 778937499
956193085 936403978
401690334 152193192
232129583 414024104
618486135 876229293
27537995 211780663
46713058 146616675
115790891 431270475
277906200 842802258
179955836 260520446
202318400 653417776
959048921 21303340
675834426 792855064
992295151 441422589
156474227 161157774
763099406 26625466
588191686 978462372
884771717 158911058
672655529 96575623
857622643 768470147
882855312 187920289
328403657 171499748
514249480 227125805
814424890 795718002
724974407 721912558
800538407 75532639
355602608 328678260
826894278 243404985
920129098 721456556
956540089 469536941
631990387 174575744
523191810 189027011
6438776 802690315
961960977 570145666
706500424 375633076
583935144 386432767
641725120 689131269
251902940 158476191
880218903 423320909
846640635 17346547
632497937 468430371
262240753 590278211
378997257 822232223
598990369 391876681
211329064 110633580
26565305 812232540
835198389 696323344
472641947 676994138
945671235 337181449
279406942 989791629
131321725 239792991
185300112 402101570
618474547 330867509
964347358 40611570
584244040 649795989
824047559 897502531
613757383 631631031
192376054 390256609
934691401 150200576
565088698 125127130
365227322 724549896
581637732 388522055
92889305 386661445
274981230 905384690
225244208 371107909
337809710 49767627
970395885 971976368
559093405 344244138
174199586 712562461
154202440 220649205
68776467 281408315
917668576 753743353
855262874 997533105
702292314 439718986
718880725 968097676
528694938 520224941
289327483 504308443
792096716 180204154
589333279 88968610
5747868 679851728
116291606 333911072
810990898 500743830
226634067 264115104
1552336 221143214
856428571 878947259
395187920 349968659
16253843 589981253
767702285 363511003
234697159 896804561
739504539 175507892
264148246 332825383
285706438 685157154
141809963 968602534
369593037 188930471
810020073 697977623
954812723 860168824
762825250 388936677
264650542 962631536
484675617 857283877
999894452 378994704
661068028 878244652
277336754 372583920
677641874 167022629
746822001 915072742
433426491 775483356
207749567 334157540
329718435 825025429
744054248 423397765
676843425 753001841
268246468 195518991
46624039 607070690
570641653 694151024
189194867 19324198
560388043 760427236
935532065 751274300
658861753 417407816
291448018 697364042
917554917 169071543
202364847 278548641
226195393 720030312
589500026 242619897
961421730 886874814
286734 347995733
714696310 524401090
636814482 820042133
792073036 992510616
682927664 483560864
267513046 861724037
788466692 276286061
364540872 275472080
325094494 408237881
136517671 960693022
10888057 919412506
993134720 19437279
977111720 46083157
410328193 577635921
753113995 559098633
721921656 174177483
137089049 723925257
215788857 814353823
969402621 487305735
957601946 51073270
405532676 387553184
268642583 833820309
647145791 363879671
671572415 202435385
21134339 758415716
880181178 496279138
556138751 636017872
976497585 19166470
127372586 651233421
715935706 995406800
202054469 101796111
223415180 445879227
328853285 346670769
655606470 908657845
54820879 165288053
782994640 122481496
734278056 378808587
688710786 738376261
339176357 786136609
536088198 169273693
370249982 816119694
317888684 98687510
412950382 312032483
653872634 755396403
960947872 216704969
208463253 271370889
122505431 259109857
486501779 239896427
76068129 431642003
437035947 838491832
169860986 901097039
737337077 439697035
383938630 432074283
245719622 828660294
46300348 267495593
414052445 929582388
787095413 732491708
207860778 199204783
98571350 232124468
335997283 910821494
807466782 141946306
394854176 939744993
649029691 505714807
411710076 591081801
789118629 413865654
126046072 714505425
319516475 15799211
644900136 873085745
835541664 375654995
73874387 768278946
160819784 805162328
544834986 97825977
715292678 461134996
917648740 912142118
490741461 702477742
516344723 541442640
223576244 395691112
259550318 735780976
511404352 106523263
308610125 51160405
219112122 933442332
404866207 699937254
862854447 655475034
981061510 453060748
964053052 540851680
476393613 176244970
866855012 100042814
577285725 735861975
277072340 153192141
515434144 567699816
932966207 3836240
556459470 456402327
240884212 633766627
708607466 655617702
540201548 520303965
644306556 426231596
214934825 749143509
147533224 599205388
25543275 402260224
337366158 746788857
536969333 595103345
650361841 317198678
756232015 45775491
312332812 916718041
450389761 640682525
980543413 19892983
290803318 743592659
10510131 691518539
688220775 298398274
846844487 307923161
565328226 312725604
913843592 674662636
209379279 456843509
462628049 586660707
864336220 204866812
34421850 799388808
241356682 228552626
152670978 107505671
590147265 962486051
294380624 882977604
522841385 947881839
265277482 94622744
764312636 751820763
272136291 182776871
600852220 894474478
412484936 781745341
822121752 833108777
711483393 819796783
61310087 579233371
654819007 667501623
964726752 781954051
554191148 208972390
543497552 877971376
274466186 473114650
313330788 623977058
598920555 384756821
44494115 285035117
202538024 409794725
558088118 250458429
688111661 82723170
365857471 696138844
352945473 381648614
193874891 913142285
697737790 582832096
68677526 722714247
108474258 275492706
711398332 130285982
879581829 43600837
972305376 953421680
984053407 808728728
310691079 861225965
955970572 473955686
359716872 80715951
711586277 165602877
601383468 265476377
922065555 85068256
916073108 199007496
168767363 441645747
662136514 372711485
567418807 973889566
205320724 257004674
815776162 949180211
660349535 422228715
163277049 873065296
488163246 194371419
732396725 129506122
301999684 297635165
670941667 415233904
477518499 608600448
744227208 795321476
965419932 827947274
696299991 318744360
629020668 175894981
903539222 547379469
796013663 673610245
958647495 858994438
49386627 448576141
607686631 58878022
928737288 557426840
189218437 144452784
638954253 394035799
914980192 747990984
842492355 139139251
293945050 843799505
499057282 54018855
144004148 875760491
930868514 466217525
211415959 709364113
652184123 903843467
45499086 149060066
79634978 239395008
913856339 626002734
808054845 720595097
979062069 776525781
22859561 541636732
138187142 692166477
297683817 39051283
294630860 208146813
606783603 804818581
548234465 330904016
455944571 804288620
914868108 475745680
106682131 326907730
641859453 740079660
773740778 601684552
610651826 460326041
252447540 274172824
977788201 368365431
554389327 861532683
759230100 363875774
857699804 214414832
105113423 114719136
259854372 664189683
72804177 23862774
900877069 40331944
174894207 123871282
313811691 879069471
571840968 404692464
829201026 246054713
613937877 395287220
766576778 187411360
146208992 831913301
885612179 354367679
245929779 339066340
997205443 778019263
580516521 628090626
923273858 835108633
436570790 386092201
851386121 198355546
863126823 615993991
720883862 518718860
589901659 452718481
12173154 340725336
385038143 13963425
277264450 183933179
608918886 85440045
378028962 62628311
335039247 191045123
10090600 956428688
717396428 950999906
208223183 452386472
14122584 921893309
425265688 403841573
857564044 218284460
998628862 192381781
620845713 328880765
913015491 103499269
564361420 588275872
889533095 887518269
114757727 522635444
662651216 373817680
608625343 528427239
280178071 142916605
2478318 363227648
308437773 962315258
881832037 581668165
961122845 981413661
162969867 9060668
127228933 786884436
476304111 90857098
486205258 680052841
904443283 864454961
954368177 891168016
404900485 609049398
273603740 279219472
57331617 842384877
229646732 181682845
534500767 294482656
5264767 641403409
426878134 477315752
28509519 160534304
917726113 632691977
220000780 6000704
923794408 298941398
60263441 966950003
239993943 288052892
48619588 239343550
806371275 573234921
749532333 354482428
986540982 975948213
946294294 864924652
939748115 484289261
859816243 204866173
346727701 304791651
26998792 786863211
365913668 507650858
336151188 421538587
405591784 923433027
924745126 61698975
412902200 865804622
152299988 49050028
452289194 749466144
229931218 980875511
332280238 411828988
376205888 261038253
590711449 973988776
805235864 753786000
301137510 961683861
310943188 349639820
533295283 982691567
426213732 778871060
708601363 923020941
883636159 265967064
668261190 519940838
752162935 505798778
525612844 189395183
546337886 33024728
837210781 23018158
43471272 958739407
967449333 519267116
786028110 516453854
661192039 421069493
810876986 581454822
305444320 366150516
221458297 601862379
700279609 783396807
996561200 415833462
863904235 184822359
376277861 213508911
290112587 799527179
734465843 776306869
399399672 919896480
748156942 986574739
66519496 288845542
131333630 738897349
370575559 663569285
202449432 76829954
610357203 202291070
63792069 360314969
748045114 333982912
422012885 451190625
630436433 94208823
287224096 601154201
810230302 716857153
206115753 123804274
42041632 338937765
276900974 759434034
951195169 704397976
24436570 288657684
926945753 138324911
263059897 181961619
465576310 145359093
228190377 231498733
987281022 831858836
860819695 93615529
918634035 429902422
61652149 633626828
357473486 211015574
748196682 851506068
636695956 239635650
498420190 968895976
258938154 212229242
443208898 632474233
827312140 322429374
37944843 801635130
652352167 854068826
85334178 634539280
446007080 65175821
293990511 904786868
521440825 56266866
210702100 781166409
76298208 123435245
609674768 521173840
943779523 932646104
647241880 17935654
755299077 879296174
841677951 375664387
207992091 862050822
980159090 856948267
734106487 672379596
953905268 305516179
765438023 90642366
520648848 490335354
894661058 659763774
97438228 451286316
27371567 688138943
360485057 56468520
522829185 663850153
241981494 703412342
595614036 825804500
731377515 758946667
896513441 475842368
961936107 609618160
469867190 403283824
429126599 915557953
472575208 312891007
332458770 263248304
479912535 125297776
266244166 496442637
311136083 532567370
9225524 23128281
506446576 206464590
508543432 964364314
952669358 417999342
811306607 109571223
375485997 126318763
191712405 742901055
267459493 490949979
688251814 587172045
498304822 988555281
456565585 57774749
745125832 969679788
868089796 204010280
998370220 662294726
350576272 980503254
244322969 25744018
870640203 217474340
992614358 879755967
771485651 60545133
944094544 928853004
10195484 383782271
323923861 146325737
865200126 866355568
731352237 436705452
463198390 695870864
745778989 746633983
34446290 243856354
296531804 72218579
72749241 523814009
887930051 481642961
425549064 399797118
624033741 858039997
368866591 474382753
209481118 647902051
317845538 716874231
287038471 926988333
702840493 451065038
216592647 78824458
994931525 935655466
357955040 745879318
330985680 903472882
105104399 726113437
524444765 753124345
817723969 961446913
540737238 630730906
60868298 349175863
776166059 389126433
222842690 103088892
307361403 840579237
894543269 413896645
827047217 706519780
215370184 131495959
821161555 834071048
661342710 421162526
813644736 540834375
417344172 514002174
47311614 628887212
22387019 911796182
374842293 567164469
280249578 31499026
633445841 688518716
800350887 218475917
88029551 390837534
402605762 842375314
93424605 769221030
341612471 862931176
486651947 598034749
172959309 135680311
64282936 963739570
477670388 860173032
306310374 213865985
635205479 547406354
348449567 20914811
24955889 891315879
343113875 215162365
13623089 458018781
86227923 787147779
10030111 565643728
289157080 360812855
824456800 802105111
873834914 126365852
629669062 26723521
380730749 453162121
322614209 69131747
956401094 134864828
106966433 99232807
249848207 662014325
226766823 900566219
654779559 335315966
423620197 696795577
780286457 107572915
150639227 805539590
722755946 84546190
450045957 931957492
570943307 389522256
143231510 855779884
871431251 844376810
739245032 355789453
413292158 807679253
889583981 666311332
675522923 279416429
317423463 237041626
662503563 431325489
623698283 369376730
970945122 257316500
677610093 426389
700700362 976342549
74223627 673816433
430194315 844207283
109751798 803928044
574354816 662388791
944287576 196925945
579676689 905801345
768791566 640999332
699866353 395685275
657996578 914318052
938220725 103510725
851130741 495195782
777845396 408918699
439326217 962940158
669809282 66957303
379208297 196197473
929289026 344568422
274455678 488001413
683834433 958751245
332565973 81655097
511897197 938672529
308451220 174207634
54884765 157505486
578020841 697720761
836216298 848348320
77633257 771548602
262550746 792482120
11496713 667556873
249689438 564439036
273648338 890640284
979454367 805032000
394650122 998594106
40838726 240789437
698825873 903428376
876567241 694050641
89926320 521107956
12327687 101285615
392576458 948920837
443203516 910737322
446699140 77828615
497546203 500370682
373251402 588580740
854695228 571972523
266814735 545130730
139970672 838690432
437669559 311347705
387888274 591096890
816524058 617042201
39349492 218926837
596181153 229905336
274455839 589652540
588348064 74914791
58684642 923898482
490740398 223749225
570360256 256229257
761038232 408650258
971828698 308557314
224592431 805868075
260309080 342458118
98655310 115287307
944703144 865581798
759608842 270645708
88342905 541063714
398417451 42789520
44489846 670222942
560553624 416012260
339968651 331006527
758743124 356535935
572586995 502499965
550335674 76229
585327725 779300885
300678762 428941517
858605496 24614070
74526819 684770674
547990351 471750632
635407269 663555922
366236057 487582589
722973889 52704920
224513515 772765732
773780963 794668661
535047210 434649395
545199905 55203779
374871495 757196799
942086953 661073735
888682362 599289935
481719874 272710940
949697495 657828626
916673081 635948196
695502034 147358493
544154388 743699092
81628978 65421605
389131428 697033032
248132236 958917442
923611780 944596294
681171135 785396103
80413676 167885206
961168604 438938439
429950877 101406918
656471444 531700845
857371281 717506709
736983978 798623588
51905 748043827
539724552 353427648
538440927 7520191
550913468 43947524
994828082 111049512
196017302 647902863
346756321 49596444
307494824 452981546
382105098 211125640
749117950 686050863
389744363 708695106
348488334 111493045
727434041 22782063
626262464 258186370
618123094 402509909
897931154 219832116
601028311 277714821
909797009 89913078
458531726 52840919
705430087 675743063
570448693 796219258
358009596 740113479
387526132 143261624
801541330 927637204
483551293 23680056
960392944 912169369
404400584 867181199
978957802 582808749
790941655 465771027
789364059 646861718
587851105 359816465
835486253 173835102
103852044 596773246
485282956 825371229
818136577 443943757
671983319 720298987
1601508 926244943
18438729 218645459
490543324 637868557
237902593 274710805
398809925 623434562
473769427 652016298
65164906 122951857
390887526 378404112
404660083 931167665
323454247 243734838
986112876 192502049
512551389 173220808
193694910 194048243
318941744 106483199
890453531 199156262
663705581 712534581
819787190 661643369
987662925 280533014
158949687 936838366
463526050 5763977
927431233 392189882
444233497 635624922
204092499 993038378
330532885 491779015
823663458 455490119
68887167 703259677
535199846 820592488
407639171 487552845
123703191 691277145
399327438 789366163
272740620 680560728
135443390 840680014
343845432 37030157
406679146 108300118
2837752 44818820
525990344 172355351
98614644 896577585
465142910 600687772
551653227 184706894
770217585 56341893
582139146 364308399
891482592 112487631
340852649 667742545
249901981 686031337
753760114 626186028
558113447 315770795
307247247 141493149
29713582 375273631
164070868 401511555
841730496 647711386
557005605 47266011
447560143 651032779
116552052 513690500
677990300 136079130
607658339 623461390
316067052 198105770
237214269 531406743
95650033 360176621
718668135 222102173
993884694 112920617
329202353 164961660
546211364 937730461
777787971 788602895
3848474 870176732
263735050 583396467
951267124 788301675
901170731 995279204
381787572 634559237
338494012 837270273
165556281 417066266
407929436 327963542
500285869 881730812
986997936 300521383
714941144 914241720
391934428 209685840
381180995 566410135
371488449 470913731
628816874 448671976
489895568 169318674
41283989 773770032
408038635 727793097
586785996 603633673
73291538 665856757
228950171 732821855
828818703 757905335
676864695 784113180
868357950 666793821
23074725 85484379
12623861 838257951
428204660 360926747
225159022 51225765
631268643 734829851
883390906 573744492
804314215 484816906
997661756 470435931
563226478 911824407
578366117 19601421
716502015 659030010
935509591 344901639
194696165 26322103
750660019 840039171
202840792 298321567
214551029 52835118
827818389 58494378
568971700 490454410
5062300 958522539
601688232 941971159
287032935 936634548
200557611 530455554
647923781 570266098
569289154 34639683
292459985 805474640
37165998 814274274
212867485 626595714
397410105 528280905
847038915 566057855
823356517 481814226
258491773 152901805
700878246 772549388
724421705 274615039
805051653 198579821
328485385 370976341
863661655 362680447
322086901 187267222
294298321 856751495
290431034 805919984
819792141 941077365
342067532 658960547
383330603 725293140
915842163 36011394
395617439 161085488
13122868 452635993
671946783 228593345
449028013 816121229
721232560 690744709
61132436 901563794
288195651 223119004
467904084 470672139
786107594 740104060
112476304 721931513
477347726 948296617
526726958 665592312
745634617 430731203
999447470 16784013
166591875 609570542
56566026 801385081
653561361 659554588
260855682 150956039
599472424 367713654
728534549 500905688
142161976 706957057
42291033 867958490
752343339 919594626
387787492 763299345
543051045 282752319
658918241 317942733
14876518 199549823
146968493 643575836
828860054 835690516
418180378 102828205
594474167 440208859
533868229 677794921
179471821 821748975
46956141 553628477
869985589 50239682
743659894 473133188
976058908 838881289
416737178 789597718
911906387 253485607
64409804 673925018
823264919 102218338
778362492 902324236
810334603 258861866
216285379 568013674
347719020 522902558
641108528 707900804
439902667 484717494
122721470 532903868
604827877 335010648
819269940 864678438
16301393 217788496
492722310 34003914
344555762 169810156
106465067 772775647
466933680 834600581
648817870 692518140
717705895 362994163
420346678 702927589
118582823 49023130
512764945 931454693
277032105 110554344
93630481 776723182
407482607 678085433
144440718 32353426
335952166 322195579
964954695 968546061
838367311 150932973
207276544 965582996
186767541 785414790
959190990 440616737
827602090 31857261
850529094 292419975
229305994 816827719
207632331 277095857
694430804 291662091
119493440 896095716
543219436 105839081
735428939 333151591
168607065 470935839
400907964 404822017
867983034 731582284
976376987 678647975
172539079 537156792
792365510 123234567
596673648 390737779
201709482 670642600
740897270 953856915
321925314 391320284
678892674 921237628
253170607 925986486
525428155 221939024
814180008 409557256
665942642 800324374
266046683 208714335
701376660 668466215
355178639 876094019
127993418 493184307
705293984 217291565
132634175 903182595
61720165 157182996
429915753 738189759
570251912 713193376
27151157 548133588
439570950 466779075
878241106 411874767
275085408 904406545
491210641 269332049
257968312 312974053
697802093 602335714
459481355 672875016
791298253 482882587
689214978 928169621
870330450 215929959
876739558 724986844
773161874 989849018
131041398 10927302
89071422 901001824
717638638 376401482
638306136 972420279
940763226 620506163
711540191 54853751
355133249 231556793
912211094 157501353
116724733 447000166
144656603 942271046
76403557 99813651
292714580 998413404
598446889 238409386
284925913 135017393
38309891 891338613
500865361 254870715
627473244 549469412
780334130 684576031
358086856 559662111
68378313 165367169
957388479 158568073
890091799 429574162
400451567 687739300
821909823 152027966
469655708 235468056
556490014 990568752
601498283 21621272
263609933 681160529
137766755 374239572
655501446 66574280
658813308 649452350
252255568 919858527
920851677 147598201
123807452 272799923
947593283 529881110
417587984 230519416
321931894 466689115
808435402 717574352
284723588 21095470
564303224 79382813
246138898 60543527
614450382 888823142
77557788 124354462
225777356 581885391
670749303 653925535
403540 421386
175680398 748493340
10218332 726567137
808529160 469274161
755602597 481431616
382618304 613127825
719849526 929869610
97705195 471581788
883319065 798281891
454428986 404742089
109079487 936750739
104785770 661799336
114200316 117378096
664322858 546041300
215808528 786762839
454405429 923002208
868680922 376628232
353171369 683909141
293507137 701528152
879210738 708834837
221691607 155274234
702835801 65407392
618489330 664632626
605281971 908852848
337882379 259233120
156405338 77246178
139819273 393519321
904806485 938608016
509610417 702825715
248783135 875199593
838637516 810270823
732747579 594210279
173107120 522525177
151605593 896033123
718057150 352178027
707309049 164818599
691281363 103923733
200562044 882721510
145119920 659004832
829917536 430854401
710190195 141187439
267579859 642405930
50135369 200163092
39879347 533041811
771235723 261368193
137359759 156418757
288386230 47196484
650194921 868475085
809331659 902720254
372396260 246442033
346035208 802986061
757444373 302738220
416381161 363194800
653638833 353482447
301770672 71548150
516131253 82842890
237051721 531321418
65586208 403830723
510389511 447306510
552598411 665381889
685483884 712459402
867589390 682372714
516855617 365288727
799674852 647297949
746793453 513239056
629832305 449328117
947837290 923502973
785972731 343986448
712522176 541696078
972415649 302689777
735954676 933373599
70767347 536220260
335363952 293023843
1686700 744543677
678945158 970797491
225891238 496588520
446387475 500605187
173954239 564452759
268136933 428510159
422740403 653680017
365251173 357242135
996996006 297793002
486108538 65295032
565396556 600268657
538110147 56024808
870081326 922523696
864188439 725409376
126509154 455093427
663948500 895504701
829709858 487387330
305842967 277363957
288965653 946070513
500488514 534601328
398627003 127415488
514580748 495618777
470521928 113446148
274047047 144844576
151545392 928416492
285799962 715808823
374181546 471862179
271143400 445094804
19024592 559320362
483986427 951718002
971287198 705518155
376146043 154009346
319313685 277558871
109163605 849614022
416282360 781018209
271335907 883816790
384553211 910588029
205268934 791909444
565801442 992445564
301302654 394071346
438502659 610012662
257540101 327447213
383922383 880082416
176438326 124400820
2716235 907693082
436645732 536543678
300237187 235652282
190348141 600859987
628845472 71312468
774724262 16915387
774448010 287138216
546090187 504489940
349960196 344798076
488378477 191062475
318773118 425103616
733394497 554087278
992919284 426599386
313259510 703884976
511094917 829132471
420417534 939696183
342411853 65095331
429696263 530482742
942307812 868380116
247743783 4706681
132437060 645778545
484599374 843507537
875644756 685591271
793091081 125643674
363157698 762907270
973246739 104957977
885813852 627887293
407186153 910065743
974721441 247739473
959130177 210440420
379574768 40617680
385056425 888571512
