38
30345743 690584470
394319461 8991547
187702378 906007779
541244279 37751626
532561125 660620952
928659372 22128902
613256463 232510796
183626584 855266503
975336609 65370691
712575579 994226330
539758193 410596402
882707016 990895727
308912121 998425812
945929067 861442439
570627360 573887343
99421666 533885440
519201704 867774922
345527063 714883319
583128408 541010918
514772030 394626086
110135375 28411944
950936853 794043394
348686882 348842583
296994340 714345983
128834725 534558388
641246816 920932443
217397019 803837454
580299384 427258860
365563328 552026085
746217249 626803586
39813218 545722612
178276624 787987782
777538911 782317631
430510348 208445223
141521429 488437300
292611708 556860018
220452041 160079622
136984311 839601624
