765
177632308 697541941
531742679 976422472
278287065 693472137
667608363 43908889
490820032 874448878
274293562 953845526
573808301 433182654
98377836 99175066
602941456 383753017
915042650 303490429
781137081 908052235
578422054 29163898
721143345 14946294
924150820 28072993
592627867 710406894
977838552 709988575
597805236 75082226
921633222 948701891
486150366 93510979
172460018 25718636
254707768 656854448
465705141 61700977
651928053 975283546
254107266 547459884
719183289 755279609
822650608 725457835
269627547 422663240
706688452 695251847
453084078 482384042
641020751 380759027
100518138 514603783
502912811 146264715
744835617 927419143
678080484 56100020
662623244 764347645
690983898 110417778
162707038 699759909
262710507 472290730
590710786 67599152
259102082 238454137
541234430 699371766
860337609 267893591
712443846 990769103
39485100 468259667
223370272 119054486
432850187 458195131
985950785 579190277
652825784 626153076
234397813 682634137
374645165 776949862
287676243 558505545
413804990 642719823
943040722 349386401
595953319 483509493
348867377 474020830
696359948 856346744
655415896 95522896
393854399 142883421
973422753 990863472
26150899 280093377
644602624 284083409
87745193 837873811
740085627 431545207
703682733 951824800
109120862 485532165
384322969 533637362
966512851 400464756
316116222 409857502
505615687 491865723
316711128 770715719
658397797 783779203
867769930 360919056
886498102 498536127
464061253 405558419
644253879 68665607
205808970 575336171
640264929 145331647
483330747 159556838
852012504 739437029
103697337 523968158
57554139 383697842
89140008 463306656
710413405 221399945
697361667 585028131
797982083 200795265
827001099 778445107
899130466 345393788
975294452 581643117
677169318 515076141
637367189 309373287
829575776 604602583
293205225 650659615
8845071 288212504
128057935 573222056
810494129 241743456
155970119 979779762
472553061 121052083
897075079 285982589
977772969 515177111
103110270 709672831
190607409 897591359
347967629 681517605
638127228 866338519
498719661 614631658
14935104 527970998
478661996 860618752
416869298 473575334
972714181 52473466
806204731 789833494
804500502 739460403
621315095 639021319
358808641 269923731
637106851 422736292
968133192 358839392
905105451 603569683
932454726 486889862
111279596 327845460
845368336 254369675
435897192 329603138
642766589 28475978
762873038 762846189
508326384 905838203
714246437 53566619
944773216 263744712
905711164 851171590
118197914 55131274
436720642 370855425
773541436 945374052
547509075 296384425
382565201 767133273
390282209 53381877
328614306 115162633
464345495 922334298
334772908 455566613
265225424 604007355
411355914 786757041
319233635 837293285
63495710 196510783
128383111 729302754
140445593 187596976
861914589 871465008
171982150 580869773
564283816 807307740
760845028 905379325
917224104 655449770
552945480 313084111
505880136 591503066
580583576 960100658
966921977 968469961
76159055 702324234
513289960 972481535
668838213 351548489
721404615 200676623
780130902 895984909
100255081 896457686
145463462 178888660
870421377 678896461
907626015 756480183
110565194 338865262
811637858 491009982
344857695 561359151
255805636 901513559
951082222 452522148
949604042 708625331
988246773 38417084
772115849 795431234
5563125 852430655
412474994 702900771
568284989 942438127
841989947 859612034
174161792 193140860
967891836 341730585
333169242 156575282
729402818 821004411
493046546 392107947
713162238 293383891
733256486 612799825
260198444 524083471
583825605 599591158
176340225 145606648
973442164 291391499
614955592 39994753
907613341 20269556
129373147 855093291
435238165 594986150
937490741 214697851
287282865 597448723
919941036 663599834
985018945 39945418
655555977 629191563
473787141 452052799
811664594 48886911
136834074 993441298
636634638 806751707
78230587 64852496
915795369 775385513
573039794 307446644
942652028 605674547
160342810 713821034
641242292 605784020
499471083 627158209
441669076 295800911
945417832 113059478
241471854 640265903
583001350 170328508
877253067 701519199
901264413 36611471
51042187 417530518
610388892 938363834
403387440 416946845
104915835 801985200
795756522 544192941
246722197 44756055
991924883 295807981
184727127 902187010
891477070 830537840
441140929 697267051
827142886 82626194
365095713 654582273
957063936 15442962
918507136 968229064
141629847 57332248
732685101 83191093
160609795 273947773
440629245 167348629
590501825 849859493
592493594 181047448
830000448 892009116
795374351 974609012
297358815 497910490
143081121 430359117
141447065 594737287
102665600 195254924
599950621 340800629
351328904 291172072
664540918 785627077
498630507 635980327
943852924 529130976
786714749 835030880
632665253 499106197
108066053 998333803
23491627 117087141
90513187 449359664
488716569 40237327
202205594 294335497
80665703 353332692
248609246 244047529
362034633 189379875
593185851 413373142
696129452 243986009
952215140 429653141
113303077 444178707
496088592 985265969
489820063 535196218
256234372 13214851
577779837 228000115
142696522 432035549
364216663 630496933
782766715 945544912
446294211 990513385
992912079 648176144
75475084 88278077
407372886 496844782
606834880 319345463
812384242 613971688
787767398 954957581
409358592 771521630
971367432 673157489
207254354 135761840
956003985 472972547
277214042 234487017
444160967 139114866
3521162 882716101
586087304 689744423
370448525 243816171
693194859 809788887
483672666 631046963
632313337 279820354
149423307 966309504
726156372 18518005
613099682 244728464
234108350 769720619
990983136 106974597
185313690 769891701
765231324 257247662
630857619 443282402
395992723 310783696
518524221 162798869
236107708 332646983
347109152 680150272
24258403 698915282
670186486 163903684
214951105 934868704
426336072 501790259
500181767 418722863
857229887 808659289
237301618 788298599
410583793 276469976
973655599 431746928
133010927 569852192
48379924 791972097
740456436 472569085
320104923 297715198
625187571 197494977
586948521 596084285
5508136 634901889
799311348 535836694
319325446 496669687
841037320 164034591
555674001 277625430
294485980 775650082
560353161 269936556
596259906 401226054
691144866 368110656
731010642 539632345
881097423 393417975
865933127 503823063
466433568 138018457
596351239 85691798
257323636 584124277
566015106 721884097
460966998 905708692
119927993 642446307
897174023 67002694
265068154 792040946
378248373 164911125
88364250 91383347
15220067 52620856
972538256 86332280
362786128 229018923
417189795 558641394
309218724 873258033
160751333 67123216
680555826 209025871
122074689 688775530
788643431 570300040
955654287 312791081
475571319 546163198
438179430 251827013
444371814 211847482
943498973 121313112
566094137 560439613
137163857 221970992
227135187 440052954
180654474 100275009
380882108 820578101
391441910 591738314
592358407 470797034
141027264 131243852
762773016 809816959
381165258 232414529
694797088 380870738
456644165 813182283
391180443 260880801
960574897 202340412
952656388 163998947
243439870 905059426
670201272 990098629
144551425 484582570
755258265 216682292
118638987 403262174
215370033 797968757
34230426 967549598
727477159 923904692
175925101 523687016
162677407 618937334
132239588 208095731
52886427 276627126
979812031 781874203
41056722 239837661
959779692 641069167
892679781 186926169
106312271 617639189
828322504 492829008
802847924 948047428
698104118 6981458
278797711 394504734
341811244 174737436
859786587 81917534
763212623 967603115
599662637 459445125
920841384 586774838
112891039 93455641
110106128 632321985
649619830 437963546
236512760 657750555
68504464 43321918
215280475 51505313
16722049 491153629
960749704 879960577
920336186 750386606
737234791 590498709
771266814 215742330
479629581 685033582
147202104 48672189
919915066 773894766
888778705 455593444
717616886 553826435
348329433 978480235
985092074 804913132
293774480 343994200
813225253 745536751
470393436 489086372
71996487 549307901
757158600 250836933
80775940 472109992
753215624 154852670
990983345 561983848
376644991 433571835
118198726 59016763
697879326 391187956
834984544 105845145
612399659 654949068
125258369 239874820
744252666 623485816
980206775 354882573
28326199 801542604
218504594 839243866
382171912 127919726
480538152 462770633
335948732 156062273
936874152 106846778
265407139 551554818
17378283 198700792
173244428 778760682
739205849 41455925
404346352 188169888
229458049 911213975
873542820 891107825
311326520 219002083
523478797 574919840
433309938 209919051
761775127 981600564
912150802 303625462
567681428 142875064
733546407 663475911
881973919 589196321
716780496 835321856
224381847 250389141
744257302 125172738
409215891 379490602
268017168 106966229
408920558 612794935
977127639 659396745
518710245 618392068
732960154 482875133
805735331 478646278
194685955 437487826
964849630 648207424
447043332 870308098
730311751 155750183
38607340 197684586
191202575 435893691
100833832 104665157
134428395 155690716
202431439 937700912
499763226 159135535
184440286 884890166
559477194 765090246
725088378 460336113
932963240 184825894
812754845 666396495
692090371 236051429
511237875 185755791
384165471 990771611
425629853 965226534
679730678 405012671
699572218 147315834
180412922 152743786
89256050 7271169
498678673 867507940
18903248 885628208
221514846 982426712
374674390 332180024
490310792 726859823
693223439 369987953
723169606 127731272
934755208 658588851
510926616 996163820
929759142 996617006
226637873 503692464
288078078 843094716
648656087 120396150
293518898 934117108
683824818 117586766
510807750 964540613
682033441 981547475
645312183 317131121
502964001 985761038
551801276 944409768
584945655 504132052
741147390 9531918
604548289 996403438
218906593 684615639
402843069 615462813
677376334 655036391
553150468 569507657
138299949 39591456
891001836 254630434
901342877 409524097
347330239 181169809
170070360 483460577
920387662 506672530
340857350 84997963
289518531 386709623
924068969 949478093
860303411 687748270
281824757 750088223
965136189 867139665
135172539 891461322
919692805 132719377
885538827 584018578
487342309 996587067
137540088 861149997
88260194 109131614
187011102 143317773
781098643 464306948
522883302 598059849
544306326 439502660
987781445 297487156
231355680 293466494
145869403 280066618
474481340 940987738
238460464 941207480
253477687 885786572
295705728 41853868
148303941 243659155
189386794 405208767
399775057 516268494
395038864 922184320
657363747 788117084
36556747 633265675
323309231 256447240
490156752 260306911
786597647 20319464
85803405 876453933
670748727 765497394
885783696 831994305
536831372 317558520
173614722 857191630
609367374 546121155
937734305 126597635
489430779 940780345
465806797 220589775
298360675 313478720
468985752 312290845
461280672 940000906
543440158 172858476
697169480 776111040
82057059 864969422
5764233 796536381
464554967 850495217
225771356 749280028
980787127 835801348
739083107 392114661
463300151 976753326
398821918 593948004
226290473 919587088
650018641 502763278
864466388 506755450
448782573 825597120
647392679 344153121
561632315 481443688
653154490 213484984
188554693 211268081
556256823 867017460
533462647 822144118
908614102 765159944
615046145 525944319
189028207 999113123
139260103 334846404
705719381 130526612
228834013 811008825
478264272 800140512
893430372 714585877
720959709 321473608
200403830 829524892
425860058 381602566
817657560 96765559
293147455 780802788
555105126 769355821
906747306 87044561
900502708 790820840
550810297 89921306
720310118 957445520
29823944 953578236
847893577 611323544
595049718 909505760
351919316 135961906
125200873 219806979
577110741 53117555
657159756 743439034
907524908 314913458
283829011 802997364
755856306 574171583
481234983 352104649
988939864 216939243
889557935 87140611
561556747 638598113
131725509 280880559
99149375 592343686
722585985 762819527
711648785 883680913
319883394 431716873
100508860 200698462
967618085 418065830
773723332 950389474
983741853 639112661
905998927 674520131
641350782 702745549
257442565 617645204
341479068 400956490
307309437 985707807
474924585 868170269
308109104 185863557
814198597 864563879
342947300 391271209
643725467 603310295
599097128 309679068
416319636 771676411
775619624 352744490
726911148 273278695
895012422 959498726
45635372 283396726
494727748 141945657
687398702 146956191
679379502 700541381
354463630 319277856
679581714 712257109
640856752 983157530
308287330 154804919
401398861 111716372
135520261 934049424
788691472 396631414
24974958 558184468
116042840 752601514
115261165 863415987
302599049 52695057
926403006 117848789
923633134 616423544
188352847 989939597
900551564 222430687
971093617 54408691
765998309 442871601
23062314 334629414
681563967 454436682
982258403 547873772
305649114 433590473
617348511 746023010
866019956 774940070
771621161 331159638
967596415 670190237
59475691 85332077
923523565 370776744
8327361 534816627
770828300 316083683
763324132 205657547
188481600 61124299
933785199 132773107
168107365 979213409
884501220 251049810
670355271 736650567
300848530 687085786
871170749 169215617
931614484 311047895
282234640 213161377
166668918 580609246
196365704 414603688
233499639 663618972
692598778 844202064
22547149 429773880
112052183 898502196
612064040 175073387
893740119 218305753
180640634 369345289
388888577 267501337
678099413 371194047
578967995 921912926
669962022 901749465
640234103 440415373
619862528 357003195
432754486 422063147
585668424 318949431
834754043 348613049
505091899 884475406
94905301 691402404
94664449 46813508
574299126 696532394
153046446 787077269
547182363 100098307
53269989 843474852
131550728 993022361
810488149 605859199
153319183 487744261
434059841 852052339
842430865 304705182
444629933 627304683
770721053 575718414
960353043 110490149
252921250 741175077
513792220 751771941
974492901 848558312
712690257 173648346
467887615 291463216
916963255 993409948
425239654 819746002
503160871 204318871
483182919 4074143
347875377 512930442
935035230 821855722
948431027 176601224
368304695 432790851
130380222 332568200
395276384 863338287
173836509 27216336
943302478 491994703
544570229 931911065
19589816 346827008
835537335 624269282
385964267 713128687
911122746 251412813
464996832 756738585
650453356 405423427
106312817 774608104
802313332 339488361
600193479 995065373
912407669 706292856
832791916 449136889
321603468 580029167
937053455 236775478
402742087 389586437
857296491 877018826
311869084 445203926
48413697 960851553
254264930 11754969
462681650 909717011
13042762 414931673
749261130 131862914
185735035 982754931
573398419 195772826
561818562 634341825
392224021 872254516
993304133 280419641
931581129 325574154
473795963 114850090
241871877 637303426
198340022 733122811
749729847 535660587
939733966 825669263
439202409 280713389
150211091 857403705
47442205 112999773
369524314 239217692
722826777 997433243
60917841 948323859
58594893 309942503
606519487 405075556
698948403 452874806
254506657 708939882
673146335 143553280
569124337 931833373
552208036 430637744
753366950 885159202
401247289 421477573
659312994 577243110
