1618
684584207 382798560
68213895 78644544
395286032 634572247
423487962 977306741
744725549 208054585
768880192 464251379
687328434 804404133
799512196 42074021
827516650 87311376
819987989 468536546
600028999 696968425
197399858 338257080
534668470 657275315
556032479 985921087
917890005 731654579
221609258 729007354
720400246 433256319
698110355 724060955
514842616 349936755
248884351 522785423
425513416 841316930
757071169 830662861
599748194 614814388
812426030 654004972
483118214 574523932
209399259 124152342
860830761 55242186
28814873 326792195
2723444 622976234
696396702 570118739
474173446 967664822
699133085 580411600
463835656 138766197
582684243 122739762
764949570 672839753
17904342 92223905
859982250 104754635
153018223 869822082
513758050 707617197
275774859 760279791
396309179 963957932
710564668 152495771
182116073 634166877
299342061 886943680
212839029 966078095
209456464 350941403
23464158 945255584
528793576 505841771
433758810 337552372
192448331 592319578
628459234 437502269
417075045 906761437
730835513 660700290
556501003 404383069
250380165 941866731
471470041 842728874
649842148 499240861
569453719 874001071
818543483 964697046
888237993 460891383
28885992 358983485
113014500 640644950
833674267 968505257
23061183 753838107
792510315 405289334
238327291 789152917
527587299 299182521
582841137 826100107
579934220 750355449
334051427 76487542
428176261 195400039
906028365 99846099
530149880 497667791
845117890 10020706
602261676 982501590
690138681 984850935
1523697 824447208
32625939 256547807
223843194 781354058
488516179 321156236
136650861 906744591
9285386 20884752
780695782 151721353
380229662 559960822
837997453 764309741
468856497 382680499
468747134 40308586
52842251 273913516
53291849 62547945
97818067 605957137
637842403 760525452
258862036 152270343
903413196 296461665
920425200 653738116
305769763 524952151
556372335 236556173
165112965 242889679
888720434 576371515
579626927 818309066
705513755 373197392
279888694 495243831
887951940 686468661
879190439 984982079
233713989 173487229
831798092 768407669
25469196 620342393
364877299 465251239
285327266 949448461
306170258 422036108
636837383 192173108
380262921 680036759
232650047 670015495
719990528 352124616
67045655 862177441
398054037 399877156
136404877 809022643
249365956 796050923
25375168 652225798
946230878 118980605
369778774 437506319
428892009 949270246
394775961 588553090
37835607 396214039
624104901 223709798
484401937 473459235
807422121 72357938
133171814 800600953
505478190 307270915
920085430 264644353
46590163 548215071
742626844 662057763
88200792 304156589
806325616 143645720
815995989 735813464
307549629 976519393
206086606 655915576
989078295 966349175
189306154 207697906
755678584 810057231
294960947 371794613
737014070 449495615
167202895 896337212
879395182 649972343
671006532 87265224
793023214 836770490
864482874 957635467
72179781 395407419
92103420 534269244
992594185 810831744
684412259 797151370
904024645 892418585
349412106 168042579
320636746 491031498
501434179 663680355
280741275 896669164
704702075 961453680
625474500 965138173
625719621 374881490
917969739 146902937
37436766 48922654
950712587 581445544
437797626 145810367
39064912 501152723
801170256 672302973
166246127 901133824
154520390 982493131
650643579 427504071
273246726 760313367
348057927 985187833
431419716 133636633
436340031 985988208
414669584 205491478
654769724 349810632
179197551 666301498
201962321 772101908
101606974 983662976
347018621 269300044
826348414 346506692
251382289 401520596
794961374 239038032
743908110 452108099
884847241 528640478
889034124 515944008
315001420 612741844
332182695 892346662
561598974 239640120
349287135 744415469
893184089 871079745
870047401 884627665
598072335 138260664
282355483 164257881
730752397 458371441
250883157 345025965
490083008 472385715
412925555 907690243
578318890 429045512
297060934 810911730
485809943 319037618
252095943 648118990
567535996 55229047
265253603 812688854
101453495 646370854
570661584 920377890
699087257 285146860
998026360 107637285
439713309 366644
303993972 580763680
650372242 223049058
129211861 235453953
349831811 378341881
103024900 751614406
802658156 732330127
803705369 696833156
583363321 571629383
363066810 308416531
893711471 674419
593319860 312089011
666450832 958672480
645920869 382792846
552513648 586694564
700369839 372246690
668729401 595205276
855369242 355202294
800877077 705458845
134793504 809736925
883038841 115977404
27005146 171577854
444989621 875320855
785342791 637330638
838993952 37915010
394370251 59413537
799795774 348953148
958064598 830354165
260493408 334538924
139153694 700708403
241664796 842866215
375824577 308254760
558602044 995882666
76096635 55097722
918151063 636371083
370369404 174911364
301638507 900231338
587986853 179917181
380666532 539233806
644740328 212875456
381615527 384536311
50549309 230949415
229416309 320044071
427176507 372132225
358273486 82181349
246533842 197373988
385778621 733568372
512725517 793901986
470270113 887785402
334465547 6264553
846664966 655312179
860148545 59992906
250162018 86689558
121635685 819547166
614469464 887393433
564293985 615751840
851028088 228358949
353305295 777332022
239940469 783833866
335422285 90253532
627627311 269250992
891113526 475646591
311881726 735184085
432239482 965437286
925626979 1626545
660071561 796487799
218720001 240056234
888208991 725700886
267307462 274391618
510870923 873187370
428503767 249489160
643641917 933454670
859554775 900299201
112816734 822972192
882016838 903109572
290505961 380648179
735770482 461783572
165869602 614437182
824468689 752504832
96987971 797220825
957289023 813771910
841310663 417823832
585952524 460960037
173336590 123133039
615223323 133249178
912382105 589187050
296723523 533637801
668214890 758607487
631748551 591719535
515675359 92237317
587961127 537406600
104797764 560052650
351998268 96815005
971378238 538767945
949605385 471361563
745309265 839368269
34322710 159413112
71867861 665522288
574631599 279842551
119528475 478519719
180933450 906237572
926935394 210673432
445101732 326258199
492127624 518933592
897688886 362722927
20836111 857367632
943365583 826935954
170776016 471153050
254347732 336868868
754020847 381237223
403159628 532197091
836979056 650990531
691165513 763830587
923524139 114586767
431519010 645925486
678530523 305601721
600734296 320990519
884235529 773462627
525764533 519732394
686154416 409130161
953092832 460359692
213391966 73423527
424521308 19428163
943424583 432021753
947329431 707441757
967815182 226298206
576421604 701328732
645914442 116432727
38777150 174241155
663670410 860700394
608966624 753722462
844957866 801124643
711371245 531911339
561903398 675813645
279059353 800635903
580039671 613634259
32502340 601714262
747661967 271206398
558040970 988947858
63383578 68574092
955669135 66109085
354551954 827572387
246639780 963296852
122351422 899022214
333850722 196857686
245277340 299383690
700076632 479213393
71038892 652603470
295742195 26668781
302602174 944963949
934036398 477096090
242704650 811656608
935641289 647784548
936915140 841025400
577844877 122332096
507887673 396237757
911173744 828089435
54381257 911067401
500580402 988715205
349667538 729376064
676677601 55214388
247281844 561072288
622646747 660517991
647634163 644115276
340784558 481495771
297410242 38035650
441030009 551704478
828426474 437796928
116013545 594794057
493787697 85049405
484131665 851212712
591782430 731031517
864796304 590778340
752532038 470277116
936555741 662812199
56040900 127170527
235881011 537822292
493536851 311922696
519804077 848304739
891988636 485196670
393604466 358015788
684980567 63453107
647863621 795541011
448318516 544166477
624457000 214668279
774195279 458695581
907383556 181129801
807125928 144317033
395513711 75489882
716257198 18438874
456365545 890192007
495280469 672796942
47032087 578474666
249451185 698477255
931325168 780212518
992011749 101456328
398790737 942287838
660131495 15421234
353947368 316005034
987556616 193182129
242918154 994600899
147050576 73208188
348936159 623944098
817946539 684135917
515136334 699295052
35413096 928380824
108491968 60078572
400359183 877091562
567978686 567926175
771760734 745553240
732582252 228068024
638901533 583342405
57570972 754325394
861548517 275077667
477323520 108537349
91695218 888845203
61568517 350224923
675867317 142558231
854890763 415091382
742161046 332335734
370771495 780671041
965252496 558550104
684984475 192062886
79022716 31022605
222298857 744942730
832179781 353761758
981601700 357136643
840257360 317327426
381775328 163043101
918660243 910436992
915095565 842731203
28874617 290803110
955175966 244609887
230317767 344696056
894351560 890735204
667906785 882811411
173298552 612766047
644504311 613997397
620303238 307109779
753070671 750688941
964178878 854975459
52834700 474152640
887213069 479120363
643521404 500001208
500120327 299616043
793457971 725178721
843050435 970302397
647155403 975522252
802296614 225235861
279722103 642752028
740492994 40345068
141552103 430410817
132608014 128926987
204980377 248241644
156478649 312525639
628185794 882909038
78771519 391744387
882966059 232502683
776211153 683477627
994132499 336343799
528966665 440926249
703175155 790240955
955762804 914265067
578237438 80666828
303015492 18114804
724097311 39111597
350302443 395657913
979189070 391950794
659720652 331946878
494217480 129828684
585698428 983295944
189703558 145468609
356608866 933457091
963661703 89761529
536493789 816728591
660660720 626134264
106037235 749744447
643182307 31495361
431008278 566809716
34437958 619531199
888137306 326130471
365057412 199045483
909148973 186451170
264215192 243657872
624371473 799642796
330226181 51311209
871014308 57958066
833854796 22138441
746692580 731731979
919371442 642772482
816795674 122438820
167990044 854961930
971721426 663412023
52935496 75391198
713397355 74387729
318097595 146036820
742816197 847065605
604823155 99212095
100115698 255409669
886186212 261614955
282788592 112551995
243749820 921649259
322587101 749686296
329373134 787849620
69225027 698501942
438902302 554341302
398871638 350456587
710576779 618573406
126234977 254639038
158717740 526445083
21222147 279565683
182531410 237289843
132994207 921457227
501877691 899889224
705119820 123212896
311584382 485176734
810177552 510538097
599274690 868859513
459338805 246677893
286897435 324747869
809317948 409932149
964624240 248297853
782160825 228673616
436830536 381456986
241873426 274263144
720023607 572479672
867189873 535637098
287491735 19957563
268526315 626288616
996080995 899908227
73639738 4313596
321478716 694196663
635207979 941325833
218290795 423128597
682774392 244781103
857243538 116771044
538697403 411816933
698804216 259760651
854650157 807041722
250583169 993602799
645145902 226183423
120755558 979339538
553799160 163629215
899624585 988690855
279667629 534968162
770562394 298082679
105072539 700637971
650993797 984942090
368554762 547435945
102552449 636657501
211826653 419344536
119383967 979110278
319281737 716166381
425651165 193469124
451782973 925696506
334444116 893171907
745008425 98646626
782645566 431739361
968311028 316947969
929983658 329098413
343853664 113345402
142162955 637617532
975278105 303576355
937864691 166667948
321024069 707239
930843160 304508259
592139365 591428679
212014551 935124105
487312737 45369271
803529148 971437829
884836825 140632357
320843091 895209645
198543176 859496369
660141197 985566241
563165083 147428688
88791627 541952194
977894546 434820858
145681883 186371691
177423746 617598704
696072219 650921551
625751137 230259363
62180800 558273008
526042402 12752631
746114431 701791660
441760824 989554003
37341247 46637436
314425490 138299658
860541513 181325454
372053678 988759132
89459814 880933748
548796285 938746574
393884370 597463552
794010077 52144533
563435457 638492079
863847717 323279308
877151702 461525698
203443451 851061970
132814837 804018776
881538258 114004170
684937356 273312676
17308512 198042066
962023953 550712540
553379758 251807276
584675983 441296426
651162362 380555736
816512176 480415664
918421708 853866000
411101870 276998048
90891373 830268137
787990456 861449624
356470830 901674193
708596171 399134863
909058291 889289375
900676360 189535435
353148984 139070890
514267249 944767801
361452022 47329608
510193110 737360007
700736115 787882663
180546167 469410336
291199477 407848930
465276655 853092052
428415923 719274667
472647104 567542681
168371189 428088278
350076644 920735117
337221431 556037760
960462774 862988624
265240197 109397264
333589050 701230325
439019646 952689383
760220907 644809761
154229690 713253521
935574947 141407223
89287967 571286454
495787227 641455325
32629967 764437589
808742913 245427432
751665094 652105270
230330775 331042754
730042101 158385234
598388458 465179022
913409515 604706633
599755136 267346624
968272099 385150328
450453705 94946907
384537390 905944881
525046349 647504088
274837258 20755111
997687910 227182640
501176320 141565124
272738851 639860669
463017286 284918336
754335849 431998405
845788132 195249302
233914604 919392636
436660508 627281294
55963550 401127166
472770264 238042706
405062783 235143139
992832037 560742813
465384089 931924481
795969103 71694155
75644714 633029574
909817352 742666673
730015846 423558300
146728456 855739627
921702333 495272956
214570257 203671174
652126275 454074999
583090110 974838524
174294814 389663375
6069929 828375866
685355297 821184388
218252970 452119773
863764343 61002695
75949813 628941048
948291084 186997769
243975978 782339738
491547561 573690648
873832003 271725712
794496847 984682192
216851924 814105179
172262162 952441999
586070087 73871477
232031427 197061902
459224829 791425739
74668798 748091873
629750045 834289778
511081160 538914695
638068040 456873742
564486833 656310871
918878065 720262910
983863139 562202679
687201643 320850604
468100712 755881042
342326782 409751559
811016038 609547125
670659725 953333443
216662333 905109905
416786907 965077604
100370882 557199911
875566832 1457957
745900633 3318610
433897061 93918922
855935607 279953861
758171099 24479888
831984991 455357603
922791788 366215728
244155296 581274359
994466482 8744997
320511340 637316691
363015780 968587526
922859737 268963455
365585801 326647624
148305649 738548495
545244980 73228968
919827894 5247519
412653603 678244687
746992443 632618268
674206978 155430051
483600600 853870373
508543396 138027173
36946353 89654828
39624949 300464011
935360442 479970443
492092889 630899843
98289450 942352488
78635089 503692849
30877595 469674508
801209984 334191530
502415033 674457361
924306332 278363677
500913463 415056083
534835620 610116534
523374674 246390220
637397414 91861012
278390786 72352281
276702127 953902503
907598089 250361897
14602799 925131402
386047862 764219737
130343216 937175813
961097339 245020461
149990218 636304409
422947063 537700466
177817475 692342315
210163646 962512665
517790955 419023407
15132325 571664315
668812676 693525220
248136753 631479944
566327909 165266466
778454189 935908176
652207741 471153347
631753664 629291855
465397119 499591135
262178654 6119112
460592678 92514002
10927956 653717050
696216121 257936196
102484926 575875540
38215077 596059242
951587708 124521226
265151267 9572468
639214711 875013982
359595148 150860123
170569928 944749398
599541475 102410043
572317534 378558528
830047933 637180485
383226052 628333996
716917840 446543242
695813817 69977131
465326493 648180173
150064829 122837865
807378166 189594496
259616595 102737179
698425382 450354025
920598389 527567918
90592097 750032501
33779850 79210947
897008805 774780229
897340374 913502892
53534087 595242141
586140856 755764553
345179082 54905987
865937139 120863620
645746998 592770046
847848519 870930744
858118393 703567638
53219761 241334318
304082224 222088070
701643926 279910286
525763423 999983806
803684922 158965844
609714785 321010327
829621927 274995782
951940626 228682242
479748774 720638879
876159642 230186062
105588874 233877844
922981446 353395028
29666417 754074272
965461866 775746910
966298385 243917732
562754537 904078394
129063247 530649329
190904960 60354662
758177257 62804781
892665741 701049526
37402531 272902511
813723120 964703207
368154414 559491247
685308965 632730528
368299683 830488026
232434391 844176494
979483481 776411933
547399064 299401000
299123901 625380987
82151240 452051518
483307619 98858024
687698893 25799138
527363791 999802639
298786940 238494626
364811475 691574518
308539290 784691250
183505945 428705718
984195433 749095528
19971144 218695912
685682113 715462622
420133903 475738586
938690099 465247251
106006862 188161918
874229260 207449407
353075612 661877368
670404420 288847940
640664061 600949608
422223735 884799439
767158078 720123557
729306547 977487734
832508874 849950836
652541863 713056397
867972065 64039708
227481894 288527687
498258475 822457953
829150670 137401296
510407793 145347838
731110331 367929832
447680283 570298893
408182104 336439626
228997338 76612080
411176535 930368711
31855512 217491472
507150885 259979172
357956197 650074027
524252100 596402958
843772176 908711610
495473921 438154844
105618825 496088230
253901023 887240083
754988999 507571596
562584511 80640648
993680294 787825570
793518684 210242282
609273377 920569192
885299511 929231098
209180056 694008806
435548389 407563927
885661603 511718165
955719181 979134229
880674963 15949206
830221135 168248741
179660123 506342152
583032891 649613427
64092756 804015318
706554659 619062469
955238635 180523730
117717120 330178462
470055304 826609109
300894767 620170273
653649688 642785450
272461139 36932153
142393983 361773503
585194552 266528396
888847703 978710187
898728641 19795183
894801300 39550415
218737780 804729485
584564056 726018773
939462597 231445780
129922849 701687039
919499634 562775717
966127142 233930889
82655659 948629672
509184656 454227429
896603920 288304299
504007434 410189166
444282092 172620409
539819689 316147559
134690134 463388967
142040285 887639355
934665805 847404509
647412825 463348967
284865559 972186623
928574701 497979876
62394553 491916491
491509489 474137612
775466704 612812253
363997566 989080957
430806539 671233321
565840203 44659832
960178284 957653001
835758400 132496371
74482898 29034249
299342610 35506102
407345261 304190297
928435078 686664217
450929010 678975000
257566477 526628268
641726652 345726237
514756556 906940788
964808037 210879231
272089475 878199301
639135989 761185220
544389612 798027009
389292699 966056024
932808268 70050711
408823849 360681873
244662719 4654751
640237837 889160882
452582438 544854589
481524974 393163926
277961920 243352539
574271171 992622051
310832015 61408359
73412689 554497745
91236647 447169380
73378948 156416448
440037116 443341906
132479747 870873850
475685446 572762690
965229196 111954693
379716990 377806074
129040275 173573262
611078305 874889911
939559233 492226874
374279536 498792162
45012342 36863603
152836108 795070912
82240936 298706246
795134369 364593457
490190127 390484405
717527235 901090505
750809754 623165397
613490135 991601659
675054335 942491837
800956502 711194764
676159862 939968215
49509899 501992580
74947293 151758408
652717730 73158819
51830810 766911949
105266089 330697478
720656827 427974374
700531542 247216418
570209345 579518698
767840331 85856865
542036277 958231367
523985322 176125041
534549816 804628460
247763301 417988030
18217462 125783657
258152830 184366907
735414901 39754438
901141705 460727123
492813428 231036612
606875757 816412456
489811784 627175659
457704234 432665961
253003394 547651642
345930913 532193926
699401440 27629944
798548395 33211814
324220066 631333594
96220088 369917255
886873683 499782819
418315868 210222966
832477247 980451926
192596103 475056510
117425707 107001638
971906366 664555337
940974727 726920127
505805573 927986406
403657183 39596942
274030471 584848313
910215759 417377702
548690825 485737062
937926553 681212800
75399730 508765828
611005943 990756005
116873575 605870548
674173353 463278854
603855875 362757838
773870895 2179714
14662557 141847078
401644078 225070351
990725707 586778050
812531171 508832147
533152882 803433164
331755170 578714992
906982174 75207673
551434183 291256735
489458450 15361874
457457917 73504189
228937625 200014703
207500055 215175487
894163060 941125424
780220648 632957439
568810111 487281833
890218661 983251626
549620992 209929863
592664518 229012907
957277748 631167588
153290845 803351561
56074590 271481105
733696282 984383973
653435766 585526483
235853767 545507663
436239767 845740916
676358507 209561771
596257022 785685862
136986972 909616822
181675324 704596861
1073113 675332803
448998533 879333729
524507499 171657859
972716607 716012470
835076328 19241856
235129099 128500438
482757155 782653020
900114424 33194238
152730736 530301589
926340826 260786297
241818912 895790765
979816516 873586894
392048740 675354736
2296426 2403246
993906886 407725475
491084503 971098222
830509477 730522039
779535442 406758237
987749609 678556207
503976374 261208664
641719154 613550113
236412540 567469799
912339128 107322122
304345876 663567970
732783340 191871910
384533283 955060825
823192969 90179593
858490632 268763903
399961991 871176798
352262572 90648622
207473355 570429603
4752853 859662377
263957166 793305412
992394609 152109472
384297346 470185378
429773996 376218064
559558776 513782772
995960249 630719599
841954064 156557673
152283025 972091341
207445702 687403337
525938754 174955038
85964203 607641872
832557612 293363309
840849246 666440907
736250958 691645068
500599149 193454120
279514431 384021897
611247045 584837991
267115471 178124747
342847474 172570568
977966456 285063604
950497780 732653398
853183901 219439516
994080707 942805852
192027933 932834884
555705581 67441252
673241838 13291469
980522079 769367702
712930487 530827979
417892614 489599101
794577093 301131935
877928749 218726155
644615320 168339959
91264899 949426396
990374368 331709562
57550213 565888732
802797658 127617732
808804678 408175432
499583987 872772283
886666950 262095998
217016161 949641600
961276131 765198668
707655330 406033800
221334642 267275398
689898420 271499643
217224473 823821544
85854744 53538792
993037006 735822999
610789633 666018564
304098578 801746514
608728931 854830255
412223995 448616883
279393639 811125374
942175740 550861655
865538971 490404147
495124990 709676783
97669369 94740553
605879038 761709905
201200848 695357210
570897350 236278884
381214123 872647537
337996209 880639666
780332711 849812050
553806894 196226139
848948494 915477362
219572240 711734371
728110860 78455691
56355928 306792380
860252278 228371266
728607528 297275729
98309808 984147840
975428279 136392184
547557907 21454297
660247673 485544125
339378865 503740731
83201551 770347382
913339897 369216389
155184587 91801380
397806089 371837416
668287716 80347628
973256981 555494036
170044338 919117113
243239521 942687058
427354814 916479004
747934933 968718863
69407481 934205149
802795508 966054971
451401528 784141226
871145447 892460621
407598071 342596458
974323282 932032149
771140880 419009455
443652250 681462027
105903411 381011779
788726851 925031930
684302424 355787318
79287106 995112629
129394664 322036093
533434316 711795411
24066475 832294297
57801187 211965740
151262089 52453315
959360741 159054927
500170496 934616915
602215344 135049904
530918457 580871292
72784114 274809483
963840640 498702156
309844646 147812457
288886822 216739002
638011144 233105830
510971213 442054147
395470968 781183286
703957053 19373069
940303793 666176468
891104396 303697235
519461923 220311689
496757078 471516629
771896440 29259700
612436275 940795767
946810906 655081566
177568790 218605656
773404814 558256437
57793401 586021097
925766708 123119457
475597476 569286205
588420356 22319464
608662183 730568559
927030187 398764707
83997439 656351938
490002858 321545656
51371889 167934737
792697411 161007393
40803835 796026509
185129970 797116227
66317026 2996169
551220377 922455720
258669557 855245160
279135596 73298718
814942298 586304611
953534071 383009888
342965378 808374952
118163679 270880007
641072438 249197782
462348078 509744163
784602499 100468405
280435777 238171284
101798970 664746470
484218354 687274769
557109821 141775604
80583674 486214377
771401514 700293988
400861165 887982704
130474794 330795064
748854335 432034606
433799061 949436150
285834618 752241528
132021240 259708399
988760079 815863198
312379136 496956957
297897559 555593365
6558206 478139006
402343027 22381182
469153006 127313119
326737994 130791216
312308898 794219051
260399899 923622235
828475263 426520594
658588745 514772341
606659935 525724820
53348108 289708037
349449413 191112954
197220276 688974240
925196861 35038953
737579810 356437209
193595670 803960967
666594059 691883223
17767466 181717880
900284504 224386554
583331976 734839785
269953163 599380155
621237285 979535679
982985518 171182652
961639442 518087536
998272989 475388425
977340306 334744329
411797645 59392711
861666524 809377756
227642019 141677522
382168465 180729231
425063213 398597657
950821181 267823390
22805786 906324773
408740952 309313500
340717157 268803622
982491057 524393641
15590844 782796570
33880432 217557383
89479311 232224803
981560610 366871999
636982082 246008764
326850853 694470208
388186112 962040282
28571556 204038302
813012139 1932014
175016218 764250525
198540324 931714549
141968877 127032145
926515287 41900602
296547173 642306482
112982333 648876685
779055618 554515078
854712650 8061016
773715250 739736566
863497880 458693402
937952629 549539077
121629665 100576047
380715933 422320736
259777694 779790639
601653305 826274169
657910722 278482619
322991303 762602077
856998139 538265987
854313690 474038008
838691435 310165342
376989072 969641672
58301338 512031903
760965790 551969639
492207255 174457796
746907978 121940921
980192527 654471682
517175242 623784910
914619677 617872122
869638326 567457298
200531534 766880779
265428825 144234030
58184828 183896896
653867385 134014252
834546961 837278931
548750885 969695216
29796430 884039651
361363857 537880146
462462889 356479589
431253422 186705599
671771967 505434031
617546326 593698712
806364420 77536542
164839553 549004473
383097336 974375492
154565996 378836994
913333015 973265946
362784867 970807954
295489989 24986090
6454238 166267225
861046421 519527717
534088073 929847600
577504353 197126175
935135207 366595073
776147374 521648097
717351808 921443351
192014876 591089887
865245242 241936343
639973399 700898229
868196190 489728460
872158943 951254132
586170626 229605734
773277485 37183750
160910937 484390483
353132217 14811800
74649632 508643046
513030696 427165340
267310478 245098815
414918324 362721793
463248059 609105536
892157574 224329194
885457782 572889606
486403556 569306620
408623376 405521361
994143783 264935640
795474787 515153453
792027481 228136727
547715389 554698688
850273805 50824288
485517603 155057983
911820173 158657220
419221907 935886179
792825744 840675059
750935633 561888088
706706628 461618044
29979381 222434304
194995939 347249586
413900372 119045989
870974157 402878730
3364051 354231700
577168141 367332626
877374688 782125073
570892754 953409722
559550544 388230511
831408720 975525902
129131163 920275688
671571987 394734403
372211186 359294825
764701133 616989840
653009517 927645977
339935182 213205479
441785752 722038724
578648970 968334057
700155268 213843394
463619378 320280167
954118247 533134580
623517769 955527398
122732278 538389823
41033092 297421371
707974126 573333228
631019412 616595766
444660774 443245349
974313122 15852366
299199184 754587966
251799950 544115616
368353323 409381354
530740895 69719708
92687111 385022302
672431669 251525360
594696831 218510811
663088604 873789173
800032843 422447184
288535099 57525904
762616013 402708568
771531719 832143659
758307806 177486971
125714843 979487579
857840667 342744600
857811237 354098218
877961371 219296378
662201350 823790548
864380956 75133102
78870391 27119980
169876460 942284575
307568911 411602015
737799266 668559750
151558466 683184364
549848850 823577647
774518895 350731289
997339866 823290303
786090521 439412959
805143178 739558808
437356090 750204751
257152249 275600856
559258939 422373655
235232522 569142088
904507122 596970574
711818792 933398777
876425964 524494652
852419582 854547771
503697875 658950014
332349914 521337633
738282595 452307390
316914801 826710207
566468488 890755652
472201153 758152737
639237614 543912163
808392432 931447383
533351402 692108705
928929117 257814952
73044179 587474939
600234285 106038784
878757656 587312172
871971313 432685641
682470150 114933492
496690899 777567511
103476299 658936402
490671971 840705693
962116702 608404219
229087229 871147319
176646198 619308361
565637816 604623777
935714618 527926189
545033727 83891890
846992425 1870023
507912782 962009928
889919044 346261974
76780316 164591360
298726825 782366592
78201485 161421708
806620202 644361445
892481989 201380564
990352991 359441932
351139662 705371962
863362794 619416382
577941891 892112866
497459090 68783208
881273867 993365687
568476359 81897386
997078160 760929763
144560065 252250345
578661076 428310843
500727312 287896413
430256029 893904361
948326108 360101268
697664801 720582741
755863600 646317106
41339980 738361304
703624493 610265370
712724511 408931927
102707470 681374536
737301302 390013763
287553294 437678041
847462011 395888319
228245997 502939341
448405562 540536499
310656521 977680350
221653617 828353632
363572925 616462694
611887014 522839728
762082576 281555493
534546819 622333741
817353545 943097186
210400218 65444804
396791949 473387502
90471337 542598617
604771785 71488711
579080325 830105594
824695893 372443014
250278775 809003327
630674866 634210930
492819434 661716784
924471872 758569915
709567353 190306533
379974860 710399561
372788449 103130843
272427741 263196579
567011992 320190880
366704031 170087226
924270542 387939768
93412791 796318172
929252334 757954366
581246019 752577247
16899423 6684891
44434375 401950530
96676810 967973548
884133639 341820156
585274583 641112911
409621886 319755138
859831092 134233169
239977134 416993722
540168314 877985531
225075614 850767808
925554542 269870126
90001989 379977704
362615489 65935025
253541763 241595207
341240943 122851681
339291718 588679905
804502416 785646050
903931420 158404774
179196457 320388099
969693678 301806937
112876176 638103065
800037618 593520260
783157157 390370528
770377113 970991705
143271266 760228022
478662292 732792950
546306132 224444617
569609612 601020498
923114150 335996822
727701580 779321234
865262241 247935215
570417682 712231546
71593829 15143023
581450558 338630245
302430492 398948530
516362802 581340184
735366882 775376184
223615739 838850221
653007895 158193818
350229000 841969665
945802487 232097969
143231372 109959522
953675913 671123451
164177276 3229129
163786519 728116306
167023316 96174412
815141676 487934661
192118678 718221281
169632693 892603386
36489703 848508513
711168801 765267521
114713587 507447705
413580005 760840736
968810541 892707949
543072373 912199990
327548294 61454515
848053299 686003636
253818573 194967407
251580751 498967178
519939918 665061514
228054812 660704920
66667827 131666410
499664304 132922293
121528270 305435520
559308304 789987082
802368962 441638713
97037625 890112535
207275412 82596875
428494562 192266412
56061537 877107683
613306404 974553176
802804525 461516268
343858904 832561935
529284196 323608148
237997835 118867262
761696259 517871364
150338671 579816380
976151301 237358254
730671728 103020163
168997057 64602122
538336577 879940957
290541092 828368528
280912787 210126694
426026579 961125800
734761682 962365258
705283538 384238160
770542206 36176285
993155617 455538487
56800282 526115962
344832977 626533154
326375823 89410216
355939844 708835638
605911225 56162303
960290823 597892238
184922940 764531290
233566960 523890047
632934483 663143644
542060299 229541921
410072728 693270710
735937328 408711552
555056702 111360813
831410409 405349910
367397148 282244642
390902956 259078456
783159229 668859602
813708216 561489415
155596735 443710655
492083301 233852419
198402778 921864927
919272904 924500574
587471406 304877196
