615
476595112 99747359
412961218 711806493
335880527 30682386
412901868 580860628
77365151 985266687
313445045 283089051
228878352 241262716
775238801 178779645
757014859 118053680
767854166 971914341
387859862 761969341
586767679 105318344
384219195 453984837
778542323 477591277
321760240 118990930
305239357 928917418
885955286 38176873
756903675 239727528
310131936 148136499
386974697 324887567
604095100 272936346
339343011 785102659
684710016 228012561
355496610 531018863
451713531 32000375
515852987 260802209
976927076 503479862
614314195 551145118
456164022 15836432
487927453 656858717
501049763 625933369
998239492 420300455
370314479 599231464
206916015 905277577
841408827 998652699
94728136 25255682
406408772 302943653
826249290 191515224
214112220 512796014
379112292 141913161
233730510 768704357
3548879 736515276
205755898 82032511
483439947 325510735
732108227 480044688
502582555 522111145
137842339 924488945
862949439 221520535
81575353 159002259
132154102 607343127
935290756 680131202
735985216 368293071
549656539 865102252
661960893 90976755
893940533 977065049
11347473 41855378
560500554 573732753
412165196 965900873
63088307 721411207
766978640 973701179
835495286 197004594
769496800 250046462
128688361 408021071
347494609 250411074
930057717 6619883
724956823 545625286
256963420 92408476
30574413 804022555
283313708 803259584
803757586 26537787
462587631 431209618
651290822 90714031
859945424 17639931
512662328 659932377
356839309 229261227
906052292 809236608
864689940 764561387
518409344 436507753
265005538 260845249
973490780 568344085
835905314 850803786
330757299 828437260
71277664 400454193
494518495 468153014
473460945 387314802
962279218 377407232
789699871 315732639
236986892 937451429
74234574 95122349
260544602 281782504
779901950 162626417
71885450 390992016
902302715 731265450
637725918 109659641
144022505 952492912
857612503 501697130
708633803 574320842
130388782 87100074
933693914 148771056
326292845 34449128
997102929 293582360
173658751 816706065
403554070 560935599
16445741 622738074
69035687 937224557
716498772 297722409
604293692 275544543
253955985 723756038
958503618 114484816
495648563 611072534
649811132 744835200
337693242 282481096
144816783 311263488
996564141 283452533
327709701 494773499
239094130 129225017
395094428 736352714
765758653 125130169
31424167 64612271
640383677 825770357
373291417 940750817
477809965 720369291
156876766 791137539
189733477 625874955
235773695 450018428
739728388 324930056
800675738 488521583
289850198 433673104
734375552 958082385
605530093 451605442
987879922 795574613
978226407 287191961
594132525 262258685
639635536 177554274
651939623 734566059
660428432 570752606
995906215 726513903
971771169 860935060
887025548 657833286
504083398 953916989
401084969 557143457
497497780 699997938
264357572 296862556
813878038 452419165
638728896 631760078
5232083 270955150
701365993 704714567
249990637 535514999
180379074 649185480
55646926 766118423
221125041 67620793
155053080 195893351
310858656 942764614
748982708 843573505
673166775 439907750
322349397 594392493
920418476 497872834
878026788 510435261
891647436 405391911
467561481 721460424
580448175 473209850
980967452 974943132
641799956 969278931
7377752 544970996
292421256 14772372
147603824 760960313
666629865 44567841
165741507 468950486
119343820 730527564
327185647 592427832
191061833 883938149
91853599 134149501
200544887 586415160
395957746 784612068
999749953 900604530
748009854 92254831
178609239 876755309
830540076 375861012
443672622 802484799
760867853 850787518
356629886 279802105
591694388 58632568
361870502 716381340
205055089 954503097
661944958 384676461
81030497 466020103
242380909 787105609
167881223 16692255
511793900 444139554
356008196 334038483
649983707 641570114
830171854 237055985
414085359 600913922
218896557 617587349
415188096 758976895
69827155 11004627
464199200 103927890
740596312 637734983
543917294 788494300
769783860 875874016
323428907 741090822
758070820 268293266
982696035 213582721
757844899 434001364
142940224 234091719
714539039 583604373
403259789 924133075
539492855 423279784
428432315 959471818
231831305 124203627
915244686 602604456
551481834 501679766
896632782 170657209
542919400 563926798
956858029 343318038
254604790 838960022
727048377 67574761
883889350 668236123
256674603 684031299
775569975 87086066
972256794 908723167
323694154 925496721
673757692 814673441
491951895 7600013
695374608 683189704
631293512 790505566
423298875 61717655
894273995 10034396
256824482 892186186
813943517 359712081
132194813 288806055
927463350 116287008
195059902 742128977
412106990 898833257
150729595 817871192
318287250 634897208
763430971 937106336
370271818 955913542
577234956 373807535
799059938 113351481
997927847 65449071
137868441 598020349
237283012 410834624
352200128 241048559
363069790 9537600
931261623 941864001
725545679 272971967
18235859 233835221
555596166 550073139
176732351 425243739
79789458 988604555
631100361 796125117
595600304 376580280
612893314 807522458
249247658 899723526
857068451 649244952
255380211 585812729
615587709 638613695
665109783 305806438
487186911 603524618
810044552 191376019
607598342 41358639
835226418 788333875
921914151 819265567
725630028 608661613
139100341 643917571
206557187 634881072
274929509 210568428
474182646 994753454
743545294 134732072
253249930 520760382
827439423 737035520
171799509 95474746
84454968 558003386
333563904 96810853
348155559 515015821
189945018 407164545
264153796 293981491
69751130 656383156
630597543 518621620
846112161 262278182
529374065 768171848
37407437 749890777
756794461 187732227
660303873 505075684
995106397 864458317
735308187 117799526
476741328 853637031
95626022 932037886
879347896 104527653
155786247 70700316
932133152 64728026
907510371 488585102
200556401 944271795
715437250 373503787
264587311 468888390
640177722 140874462
912495144 701581733
258940964 577126425
737820897 782879133
507125041 141870005
193909440 960139940
728913292 491716818
695183165 108047612
835134071 430610776
240063292 932305016
741015516 40184876
22972812 744758310
789006599 989892536
76286226 656015009
15157931 526315140
414071031 477547533
703271161 426080816
318967773 163113808
482867815 934337127
553694344 521488690
923307720 447410113
781914501 431527598
582577657 437531158
677270843 622598858
288918491 766379461
635453299 930188012
897759060 993796269
479735732 12584715
71623385 701761634
41991008 533255951
996308406 73043853
291696559 164971531
225814138 317906086
861202029 181192800
86173122 789409202
853775779 944567533
453333373 914208904
778756514 721586023
677447990 857378780
806105279 107889839
939678410 561211044
497770635 63016027
873645811 757468433
371176793 854927048
890050452 555477604
778423470 772178478
362166434 435961591
227057721 504424259
364900556 196759153
493160805 977458779
567738087 926015529
430791480 423034459
807370323 157241453
28925436 297746973
402276786 32364383
200447481 47226183
399412547 78309469
355245069 775586779
19876985 45525805
735760872 28917439
721917374 190028513
894465953 226205701
468568220 450945955
682622110 942161256
714161926 360479802
382007886 498966670
342024239 395675341
740638216 712062555
28254412 944064693
408760872 672745404
983965353 145064032
593348062 917974167
502358780 258154531
377642610 305330969
601165053 578541489
764975565 13502784
168739688 541766689
377577865 753784537
830138509 667619864
343813060 498501842
594292711 588135847
408153208 224731780
805531500 462776684
480087949 201266978
80130593 248637032
107844566 79513840
361019429 594330860
313756788 508110572
984594431 975331631
541984307 782392208
621936931 72383400
55495231 191495984
286438765 311163931
840607589 413147831
577702811 289038958
179480925 577253984
303020683 443400727
605139899 643304773
86401887 817125236
842648304 119046006
726290271 306158768
992024897 228274074
618649688 445352109
889981731 538665325
540129482 903235525
254391393 837095814
995177146 626693994
318157454 557253202
823800032 321135056
803133239 741044614
15374627 674212221
261342636 833665702
105731928 932001271
758607270 28396590
331424833 660905732
937038016 212914280
912457958 928533148
649319960 996646662
909733311 447970449
41667897 441083574
566098016 390651786
500107196 75299149
556921612 266564522
709167667 63419922
882524845 248402369
327628940 361047208
866204963 60868080
40875612 999340253
349454696 998630217
235956703 49309043
413374089 353819551
832309956 769358414
135996411 33777712
477988488 260750667
833007387 329140184
895499528 107735328
560309264 385811052
124001443 138186530
149574850 593899493
434372737 699454860
171061770 442176745
552877935 139414131
995400263 244575269
299067518 28718473
471323279 956477566
613638651 774060640
570067011 219094675
468656411 365701519
406455363 640261383
931200843 657651238
260826526 70595816
189594194 186240012
116392808 919632711
605222136 622274686
216714207 657464607
725235362 624309895
106803650 148502728
4415422 319991784
603122606 98077955
382757392 519672126
463833116 374240549
294283655 861837109
543105777 183514889
282350869 534258691
6253631 264736677
993221572 282089466
530957680 218919171
237364083 898711767
950318084 659186106
129208300 233170579
571222801 490149094
182886380 636733942
835641001 875124238
527919458 289565851
179592805 258418710
763310409 922328234
812576299 83318886
515257918 772877562
898193858 938941913
898807760 691358901
612382196 352044382
840830457 255583187
510830010 10498899
835010434 87729658
962067624 222378814
365836680 140984145
316429045 672607460
25648388 804863702
420960229 204954640
838868317 476480076
199295934 313530173
556624794 468174403
902219956 730086976
100413583 271651598
486998594 936455111
267254266 575743912
861783046 979668610
732956044 500272046
264995048 400650670
257954584 744628062
51665622 812732879
264500794 975443391
438081428 66895022
349434701 841230507
198273187 180249009
800552996 894265043
239510859 139006583
553010281 528332365
95121139 901266593
897611404 621234119
221445750 295955816
515443006 389062646
825354452 573744919
211057058 57701615
304204355 644695989
686988247 546477806
40525522 7367275
813034980 720661407
201222216 288826698
547210074 538788927
635694013 489986611
256693467 54342343
521640881 843035891
988508072 201886521
389267014 309777106
68225048 943096424
651239304 186941336
634391553 677813764
507831317 383130283
752621375 742032745
59090021 620010844
350982494 759541068
658006410 597022146
81443905 488188937
98281917 272008734
222275900 39967193
359067777 606417168
294296549 49080069
450674822 989744117
487392987 996996782
933789669 103710675
995401295 82999197
731778537 906107548
383587091 608495486
860759329 618752551
572887174 730427691
52246222 625376447
551882882 976097684
446094568 964613748
519840833 489985934
659421564 195601693
352021475 982004100
25543639 708158259
7699304 478808024
862785730 77510156
260434865 651483456
851014039 912446609
857919451 239335952
220148740 280500067
527967557 935593764
912730811 412067917
671816718 228578981
230620597 347986828
666118831 576476112
896188535 997747877
875694110 744885942
595742253 691138318
460128543 738414660
313860705 902178061
861842391 923410978
453899575 545875550
868760531 204869236
167017867 581067047
602392332 267034133
486721136 420419044
677539795 221831437
34103792 843717753
3635255 508065176
687386826 507864772
273413449 771152851
954698598 137444237
298296190 395144118
789028364 942353137
664257559 947185708
603045597 962090238
244558264 915754978
950334926 212256406
551937557 885357425
449512422 980359322
832476869 306036247
748627591 664870425
850250642 636632814
260478879 167862554
913285548 140435004
841022905 182919414
744434475 70888037
494251725 402952223
875267980 779921900
834495044 417796846
38671900 117773204
6071184 597342556
704547810 434581970
808160828 3816151
72600016 456003891
364289650 256108180
534070495 758701780
334818338 375670678
721574511 664365253
868003760 726821282
343771944 999356435
407349985 686032587
707749046 615159704
78592116 899288231
58574414 741573944
91333332 54697996
499404574 435328863
403494160 735813694
479694038 435982912
912127228 490097370
