46
660773048 13810202
836970479 779132494
987416466 397191362
413192716 461360177
174636609 147228141
855505322 368369731
122210265 276876297
170536292 557710308
382067534 345659667
910273831 435655730
625756551 194328502
629403473 464784491
994110971 400437063
617485590 551776207
10713150 303780483
869062248 426577222
653702997 871590878
515303385 876404255
288235431 160832986
277128888 284482764
516480061 63056435
244106060 493447207
52186326 48968164
181722016 891699015
277504613 253701944
212504310 293708335
650357976 884445052
889284377 870391185
614811182 861395438
653948773 760330948
588112391 922749952
105299128 838683116
410298917 218825203
344809540 139440473
100528576 496863478
698596339 813856933
231044039 487913889
261856745 740725193
364737002 457879237
212453070 858348540
544208198 307774103
345762669 423706277
314702176 627564340
651264415 106401009
767341933 431146380
123486795 922012469
