38
988363224 806207113
903887005 306651754
866406926 855574433
735367572 153293644
382275095 541756642
263506031 655721193
391781558 755695992
851154783 411608119
636901643 782417884
311463081 952714669
904681194 59966680
851816069 148408666
506629876 926708966
602249834 452846840
729904802 441645234
719943 603440874
805569747 714613827
913208195 250735682
948304400 103322697
281508642 412941998
9023825 537163562
180678919 612307580
106000095 8323725
529199220 675252682
430444698 559699931
347511716 280244473
743698814 714386970
62063880 248292827
720642941 265810177
321236556 542618900
570292766 762016983
1571074 50797264
948961016 31994716
434203857 609589928
323417040 518344304
512675801 494617226
965769835 308859164
426142279 90867165
