316
625112450 96985236
164356260 857631209
78484414 755705298
623376684 325411553
308179741 388608732
478773512 778274585
647291372 921605149
380015960 373571629
13038 65307698
636084042 221230945
645587867 824896639
571402098 660922324
455015136 986685511
508909116 646969457
252201437 753915182
799925801 798514900
921264499 413500417
684600581 270050142
178725891 39470468
471559532 506938073
556532340 692641144
341738002 299541696
623906346 556048919
797861844 263782548
84038983 319446971
249849389 698441235
985462108 957126279
237757315 924606030
566763274 225394594
725827426 428523828
79627023 953357139
140783897 275444851
994380521 821359981
664815145 205492544
177538666 126918148
887124455 563637932
704045106 332316629
586748997 313630986
269862768 431321581
43117590 751296178
250584938 694394748
387742061 917903573
680167163 632992553
64474540 222432759
414116707 812912696
580787202 951687568
147245949 507052949
897047733 170632104
448770282 870719568
470024413 511646299
124862791 400301265
940297853 11512790
682026178 760284754
104455051 699922404
975429440 904132194
37598166 913444395
42680908 679157538
358780309 736781886
151134289 404466937
656542447 541514042
414422138 819797246
442092211 52478915
193496679 779458886
816464819 753045268
652487896 492730275
43591706 625234290
305122723 364094901
769252615 183207642
388037577 428630650
756042508 987603248
341407793 242714446
22496146 387627988
590756860 348495801
89745616 427301737
550470427 155083838
894281794 551125447
971321348 528052273
776955200 359631048
411238640 398466490
319993382 171518087
742719720 189844479
945383430 344541221
992726190 295211270
87244499 970579306
518266207 411102125
137723555 388671117
271561292 192386696
949146467 895381557
210750734 376192997
130302489 884003118
583788051 802392691
337821459 8524717
410213306 669446019
849908809 518369651
901062108 137563713
730398263 238394452
447666598 615450436
690297680 341261082
229868209 35065643
662789484 121501823
724980975 602507871
645344055 621515814
371847000 872092410
391272988 781852501
184126402 566209173
854012982 627705224
528997068 676131066
380773388 895844778
832215630 345173068
254267228 197211299
907133010 69889466
876739155 938522040
908630786 422783056
397485105 62715687
411489578 30527071
924851144 498118703
931003514 612621485
848433317 746580002
136240598 216433836
586599090 915014061
683518893 412350818
612991139 898559451
995479088 927461219
328066139 182363506
404273898 191876619
741543052 261460824
807216933 213818906
424027492 228945733
761968753 373242097
188373124 924154296
921589802 976473149
76449983 778486458
612676764 944774618
604386975 468178843
189688521 558129735
551558693 434637729
588917238 459460126
177465303 899935312
530313612 544216951
574577788 917222805
213467566 325136890
669122527 616018901
28255940 373354557
342299186 564792471
572303895 572993529
350870631 661107132
646597062 818277571
388622309 395161505
144869931 325175163
981199780 281155101
687794811 849968800
707353349 691598844
725130421 770836407
799462756 822082455
904281284 478574778
554756410 219931138
163067783 68150887
408735156 27593997
881562871 757355301
184001101 703860093
354308264 609952138
277676495 865750086
437398312 238572480
162387656 46767266
68438907 171095160
456859017 442299188
434154786 125838455
429811211 439617096
120176021 455600219
658789876 424344633
965151851 236116663
989203542 380191659
864267481 285875041
132157085 312993631
896867055 202281736
258283127 24545329
800974347 482544069
273615282 261606665
222176117 932788029
94786945 567591492
217416541 981545162
378929902 639396367
628596343 90065258
127748841 590978732
994856796 4641812
637331029 335378908
948774707 701185198
455777562 65787681
652037655 692107227
75981822 284803621
992966833 676935378
689427527 461822385
112205665 2112099
751860945 514570818
424991657 803055471
91165780 800694536
230294932 329335789
267145780 812294771
243366954 165508608
754845224 146540200
809765173 594061836
587644549 603386585
594298303 117301213
677072378 473519692
681051038 348160571
644734305 84541133
976232063 758621399
612931172 63179946
360154397 811447906
223683195 472363851
645901446 211421456
773375820 788030037
728832691 896307626
228448248 87642425
294720018 546739002
931490771 890942437
600605077 780427128
498890271 851467747
462032076 278205662
831061052 739947336
702141708 254595696
706231429 517732753
172894877 464261084
378202837 542332049
737246698 403009963
515795760 51521258
367672182 749444094
834454633 557152465
412256582 955098240
764027889 516398317
278578121 782951303
768469189 986851954
555397686 760619740
969662686 717768962
234282563 744240765
937612121 948829615
88790861 478263732
499723117 188501840
23546967 867884633
13273210 192424737
34588787 177588576
645911976 194995233
815421458 742424360
626805834 229526827
944957796 320087650
824993577 838490356
538105817 97038001
976530405 27237177
62119087 226202265
468958816 545869344
614453849 845872255
606736248 378715085
884566300 135397587
137628008 322247940
16388166 2278512
377820865 708793365
822807675 552190106
806706702 736411848
149104978 375079004
386001939 162500694
197802622 533349762
951762182 868283749
137391269 679537690
620377980 739165474
686733293 576596785
783103243 83160911
923252304 397036987
673188212 625349416
193908505 824954617
615583221 103385694
175627821 953010686
972865648 428854377
83046179 963990907
363498816 634893496
623433350 52157526
510279865 112029474
864706282 569918689
165036403 244072609
283418837 761803694
452053959 159592985
642091257 706646869
648367054 680733581
181955689 246215716
94416850 195665848
201703880 178619648
682350890 160639391
998317146 217698365
89038726 144761484
17081450 97993221
652161407 27586881
182020325 899022015
319540924 641179223
563792924 780390470
925929680 783902903
962507439 548810668
202948537 338555230
709442219 908214639
5034094 645235834
115894598 462940228
192091581 994394517
801603491 413196741
53116419 753503851
76541555 964106032
525194527 912566538
781707850 342678958
4716534 516216208
582620330 23462583
924865562 274421025
976180595 322668197
907688250 893808075
943682570 834285310
801207078 657536340
126153261 724158869
546558482 874054545
181281722 829853295
892399183 723278823
