1857
806172884 181982518
948905726 263364053
416464611 528950121
410780832 809243388
291470356 766447679
931882431 645140465
796182208 121615141
480899684 290865759
761968928 213195873
290376283 186957642
409690678 262633262
548611854 688192407
950649754 868241066
978208057 916300140
673464340 427475574
49833368 124010534
653032644 86201012
387049156 890030559
643492411 230435421
196707528 849373084
33434091 702966229
82574591 28074533
917109350 843720863
869170223 990594527
937700553 528617199
970797664 895513193
510647029 141039946
226786397 815811294
294281778 994001654
963462136 894112950
778095349 278529880
483387718 228730381
676333083 560831230
320425191 426658944
297860455 514440214
512085675 381353868
649053803 244916932
727570255 526608313
892467764 470241538
255604365 829632607
485945674 798935394
154126835 475564618
712196767 56908372
678367269 94297991
420454208 856830903
231277663 703926214
661102958 34720034
555340186 598145958
240488658 772881039
331246255 118549743
519600572 232623345
667330643 870826328
753886243 148887061
943728012 946932059
50907741 991660771
301400046 13696183
712135840 404971672
40381105 180186432
672609002 580059814
277758924 109159209
41834208 42163422
683976727 92023224
65796096 387543512
882965657 691710282
707483481 72957860
548406855 223243806
840579106 42524308
358951217 503970721
683485966 161165131
103105809 764522540
458554709 32912531
59434314 777654336
375600803 623727727
909991078 580097509
932063197 757461708
5399726 312516442
840219913 995207889
123321681 8907393
308707768 885437943
641119324 823920616
880049407 642821721
244440629 111534334
987350926 768292982
689341512 176857323
113086685 721094548
287935589 619319400
820171000 669445772
864909942 111940805
510369666 504399641
710909123 235215913
307946192 990750066
884549280 343943807
962273991 920780649
724800358 279008233
387665436 942812912
226641549 202150815
844813513 815178170
34026121 926607599
689706421 288955319
608673005 404166668
228222083 621160744
850571932 238075090
156168746 488271724
525212707 386317871
13793010 200373136
521012236 524200720
900038399 606736488
151458763 906224026
786212001 486844930
742027453 385755100
37036174 64705016
524906490 255362197
915037138 120743752
694621646 798019716
205663129 685628579
102200238 637999044
639142163 535391841
847301005 609727150
825025671 457955452
640708698 81861478
791044968 312015047
444793855 602728915
749942055 680036640
198106714 999412973
84489917 918336513
100498524 809135960
710532481 835352510
647222476 73989373
508758064 93767234
382527331 939996672
510648461 989766062
720504406 785941911
28582593 95653498
769678730 856569445
525921407 634340627
434365673 979463807
906976890 108586778
445907480 314922725
658868987 55392413
771192474 541303518
22135542 825037180
719548958 303853240
271316211 241978727
184726739 355719550
153693850 486674932
643111181 791760724
857700866 547485557
122459131 410721485
814238931 972255201
115283507 1192988
674596936 683077535
141767385 719354636
663896480 972414471
411264705 156646075
865961739 307978450
524834804 758267277
228230736 574672956
617811424 207458770
670392929 740275301
912136050 54175644
957275296 198034624
49025249 473974754
950306078 633168491
901722353 482086758
126868231 596796680
440679595 215581671
129094467 203139680
614279667 583711494
918627906 275291471
688111916 785700956
375603526 542353718
223899200 280399854
714926471 710715999
104047220 668618842
293029892 68223293
623799041 401052806
178511230 389558906
248332950 192805518
56058594 153207935
968253478 41807464
851790480 646407346
400521085 206268227
893411938 136739776
809423689 508273744
667720421 44581748
423154336 379960850
385771774 758404295
95404605 459745124
366872892 148564205
589130565 597142401
494509072 927181715
693049215 101718216
551388808 639493169
874483767 250854647
104349678 115245444
497908646 593382735
633311709 418128223
200974481 56814773
656410749 364699307
55772279 780693778
618182102 904460743
77626559 536576673
861189048 471399378
160048828 59638986
30364826 696129260
812467998 847720089
854812567 252200442
315202916 992565166
123702301 752492404
402751575 540115667
890017885 230780337
903850721 336697373
714294350 586612875
134677116 782402883
121010158 874127385
696093345 564759721
516259421 461289118
71426055 148604909
963974516 166087411
533896791 213749811
828180749 880484457
64813453 311707138
281811558 682962593
699080415 469913479
143456106 335527296
685633267 22235831
413329497 661292113
822162100 818101874
701062877 466612403
409620766 643239045
322142502 572520844
365222065 368345119
986689853 489912767
46558459 475127487
670706153 487678312
857504439 635983608
235277184 947472790
484048151 21341073
101545760 366967250
148495349 822515707
372317589 368082672
664438320 684461004
486427775 120145238
10912015 467384236
643258506 199153654
645929096 697306677
849958992 367993478
691391437 529676044
330017091 753524038
538508617 953270789
81986329 59117919
21106149 105615338
562529364 697698953
171439525 820414874
56559326 535310608
134566465 822351846
391354389 390359855
726096532 346731487
403467271 19592266
927131493 313507656
156945240 143317674
722252989 842329827
217523968 922938491
932561094 682921523
806549038 124479124
450305466 849857557
248109 49484028
160485463 619326996
294027344 860860257
936759231 961594495
645588497 529617205
344873474 428259297
305257367 579456662
467416785 445437039
970403889 546621768
993324621 891346381
542553633 977765689
673860838 616706578
772303765 97133053
25676260 650715978
617329073 184017188
49966006 43350038
453689619 502225839
921667442 24296613
69872722 141068581
992090562 163460052
573531535 672176403
393844712 759404093
390784236 356738691
162536235 543589876
160641010 212322046
376670879 770071784
360740853 49032355
841843493 230768968
522632250 121284785
499073070 286508266
140931355 289399184
951755594 366366207
724300525 78836365
896745840 142543870
704898557 84173283
135276779 561201159
268599757 147611394
670627686 864141347
781944349 503458680
534906304 936541084
912496184 204996859
562609632 133298378
71162071 2996195
11764079 164231807
573550824 290174435
548288659 345602330
413622406 200772107
333500404 367943501
3817636 85033142
875359908 836622259
685496594 481400745
54480255 262085100
560153072 862628167
884732003 453007467
915032744 843026419
501707759 19645591
807058497 903278885
418640624 84340496
854030473 255119857
943469765 877860051
174851378 435755269
62766746 500698933
851065643 322791317
706809391 821718369
98175900 616900747
142632677 983467004
531966499 306455934
178254435 76875825
350037330 640907776
318295841 693414447
599468445 84938850
72452672 212837941
74064397 859803950
179083578 755408071
32528306 870899554
665952679 762845986
956103051 257483891
713539513 161154239
542229150 504502162
569576066 413695588
79549796 42420360
334815148 286125389
961182310 282392126
896325653 200820866
2521954 698966192
687420084 862410727
426731796 263207147
25498270 68850724
281221086 282553356
591290552 110295147
545508675 519389345
540718262 449773764
935817079 409405953
395999173 952156795
7112426 451570194
144741581 304779333
82810772 51734107
731816638 235327685
250543457 256813289
217809010 31416062
703144636 754100606
871545183 8198612
873564728 655971084
746582732 438182801
576886316 267304462
92989748 700573294
844357890 343894907
141166423 111317101
7262899 575058425
362975572 177028074
386629246 948585081
490898764 715602765
910256575 208095012
818901086 221956231
866524441 315873890
679627512 987258193
762815520 183205484
739446842 619364023
344615138 781990259
570853228 28469643
937584875 100632100
58561530 126737880
537301248 192291746
464675963 446647855
970965931 533852347
676654224 699987579
288699629 628354074
902626588 499790685
503384964 520220245
585428022 371916520
192311587 202095467
681248064 476261924
573392901 473099296
514981887 277634850
852192471 487908835
99550595 752044897
945751312 500672905
4159177 145972598
549250184 602271956
728494777 568181301
607466906 838314283
513741058 545562800
344148046 790668948
645941385 815788441
980490291 427571024
732847922 729383032
552611252 106396011
654037402 548713130
153350357 118249408
652564364 585470482
365418027 739578228
470912419 158287789
261296948 834899807
911682981 428477999
926843645 964542226
114954552 329685855
166009536 65553176
149844917 235655349
396882856 88941186
657190797 626209411
17577861 972856086
123124295 617531240
13325076 808128817
232172327 930895179
12270214 689824642
839052229 555114795
322678517 263648865
803063450 208034621
846116367 97571540
580973579 395611229
245220920 8367570
816332457 647145609
781414650 514166361
846704478 330838851
162505600 799341138
411023357 901244426
36209081 281784131
94415888 552158914
259602138 479720072
359339401 366372677
779943562 901021656
596672127 353442523
672661142 7211430
194642734 581387805
132088513 545401891
622736661 557237808
352762635 110323768
287962921 665764423
590814742 397213593
193828542 719341292
728525097 192562866
59795064 685069308
36568623 991220038
307646854 31174424
83096930 303409813
966982129 749314491
909036216 780522023
424877998 181693507
486892667 462194653
545274948 446910823
735302443 782503829
436447786 725575463
407002802 979236457
512412459 371515962
347450702 311647352
287855786 952087692
863497365 225518852
369417850 140527623
954391695 558899674
842561747 972233230
61741320 432213551
722774566 231671888
61235256 84545880
585465653 788245215
647328416 203490412
405329129 887666345
713964698 336758336
850607824 469670526
358084443 743736798
53625800 218845423
128783857 690471120
764324285 16492878
179214586 626159368
475428369 200495043
679671669 627287434
998544644 951004950
568364802 77977353
672671787 893797471
731023751 991275794
57452749 164104416
358580089 435639386
144655173 335518548
664869889 745068335
702213302 956368817
778145790 526853943
311977918 865246407
647377924 350511109
793034697 590428233
572687660 417454001
119189200 962962812
815529150 725978415
137129161 889484450
308263390 118207003
22424307 299818068
472077075 824243060
97222594 231989003
476147729 36573930
487543635 468744028
933146740 705122743
281415886 131072966
611759571 565922502
386067139 840481680
28817759 861086173
537321017 34817756
888000494 985178302
278080259 79789062
49268655 365200463
264646868 771530507
709455741 288491067
353700967 346712106
708128704 13963077
14792935 771019489
293196249 419960632
368064623 35975995
889005953 435955718
919815841 769129472
601835960 989277447
338965258 403564397
234218750 962401342
422137156 929541743
984139197 860025293
974627957 595904004
574138621 449760543
136496759 13363931
702893669 900217555
927675258 610346742
294847827 43455178
902119159 884696520
75972869 139497192
406724894 750786319
287944740 137410296
164197868 192812522
677530634 339704875
34408623 799330415
535447119 911348377
793074849 13696290
964049450 649993039
644498031 618959890
717748383 866916403
703266604 139144747
942990554 923602894
968915547 925093328
163458792 160570650
206781294 761513430
849303637 498200657
65181615 179254604
418573765 89895346
322085886 468741085
788319677 4156953
111893838 296225766
851021453 223349762
840448805 360777019
571657668 833504192
272035004 754548165
76186906 205564711
671951215 305596121
26501524 906682744
66617623 412409186
139169805 840709517
483843172 721915115
455536150 919242007
535201698 403133525
52381962 314967063
336974934 338233526
688946222 585656336
844376230 682356623
310472984 262195823
534581707 255867758
878787475 722605635
639014137 313309256
575981537 270893617
355272331 204261075
442049014 866800239
852557711 690266514
368517017 631025608
496720205 63382206
394947649 729683400
621519849 609648091
712667187 699840060
483878579 527329369
523378498 427841265
512694767 738290741
71497920 499810896
441338476 744168319
952226655 838292820
782776999 741298962
822111095 131515814
812372450 582914486
905454613 46860552
826949621 648724777
361551561 119571289
398277986 425284377
174292850 528346098
637677237 277126989
295512805 39692179
254257458 411476903
779993958 498766490
158876029 384702478
158800574 508933889
756799114 238098521
409088673 82046163
460792422 441136463
443005035 153534941
317082508 857833946
462895607 998846354
5067503 642067205
697975756 728568684
318593942 272325451
637654268 905358612
449357102 315635828
859688000 28841119
788308999 100187801
440378041 856722466
200190466 763862757
198212922 841176631
673337863 669931837
781910162 886283099
759313495 37605216
858263871 435375438
582038459 268079789
93136608 516359052
523538235 945793814
452204670 301383028
538729578 643324370
373252271 28160103
798321912 166643297
402873481 895404981
453173847 209265154
890978120 851749167
363005117 507723872
720605905 538210516
56227910 395484776
788458355 579838601
536314476 425698345
460070088 311140766
388613511 404328679
122143894 202513523
846987702 464405756
950229616 90799041
762040628 769525437
869108614 544158801
708933350 352281531
230917736 809090386
226353266 897654422
400536472 272425864
385530629 573834494
579776092 467255107
937419518 169333541
141134387 644761777
927218541 132523726
115704891 661106339
966347706 441833902
591057282 495128951
458870748 591371946
163617668 904138007
265800499 35261134
480358591 74091612
572071863 562333641
380803759 513438964
830125711 629583342
946697917 816191982
788225382 997645003
436403262 347546345
648731985 580464372
688381311 475817472
136866476 134574440
532782103 517399536
333363929 547365795
621239608 23012286
697769333 458422914
376111096 35571397
113849968 997972029
576470221 993192134
230026861 384729124
718611067 279161192
534218708 844884106
953261346 549307256
420532650 604008932
500686553 735291709
184589274 99210095
110061331 936924532
490293288 996673857
103717268 908259430
6193471 976456112
299722728 12177463
127624739 562300021
740465176 698302926
49436909 413546667
989467663 697182766
927621131 819107681
911879248 618138116
496821376 678518018
450810611 298719275
345991417 901767495
601121532 458310551
61619848 678199368
618527015 894928360
668657073 290109433
69764175 430356515
203764477 595126339
136715965 476596798
785961289 97049209
543264973 799273350
206296658 35020569
540236901 461432537
863848325 40010071
527319103 429509401
560858208 748662027
976707758 51633337
411509325 282372074
949673358 818059877
273823080 133593875
976084833 455612205
960526961 486601578
427904540 984799114
671110114 645302508
609452949 183426674
960474824 229958780
655457468 4143743
573675556 945517149
19968058 252459934
707362568 262921388
299577023 688179426
314554753 326980671
886503600 602618180
948853536 45730742
572785122 419613304
465638136 860410872
522281572 168699107
591573183 671266234
193292001 750529801
92201068 117261980
570349723 450622656
954091038 835981645
283109218 612076896
252099036 830682880
901575081 433711933
532082050 990921749
163602138 562163643
247785424 609349143
706472685 266843801
604461218 763774862
313348726 142095110
668194895 184188236
768697577 390751146
301432656 615613635
442674931 704203509
388915423 991131910
839013291 934698053
145478219 666733706
968589768 795556355
310994383 422385121
536396239 909297666
841373774 626949617
726989856 827067038
160859123 33163715
747989468 896422359
138526699 569406203
544357262 951777476
512879193 552981994
62255410 729509590
281613913 229696072
134712033 23938621
807714828 259931281
888040228 241878898
839054427 73218685
204958702 909319711
460250130 926360054
15522814 807689246
349272638 265565617
144635201 256863081
483739448 198903694
614475526 987764350
850428526 462659700
450688757 160713924
571806767 62721893
993967522 319568800
965381770 588217546
585010405 945959275
967574476 255821214
55648507 127574763
868230344 979597764
359601050 795501735
245546628 460715524
883047220 134544002
373914039 3794871
177672702 387762107
30208192 621268924
317233682 730456585
756589309 924021530
903252842 10884289
730352708 544956485
985076254 139434111
275620580 928654748
950925225 943455659
987888418 322190668
190683433 78802932
129933465 823988117
726304550 91216745
431609572 782504477
11746275 480917848
383403371 699272926
182001242 570639276
775892826 680538491
205346114 15135471
703600991 505057372
999687480 951685271
126246993 122437101
605702935 475174937
988906044 708184156
60389058 316510066
370591466 659622828
745484181 783718137
222056820 206499854
595671509 944118088
505166452 598995132
854416858 807812548
269012902 960892410
127178946 903923300
256418529 140506294
685429736 203102492
261860096 164969516
35114734 31033360
631442317 9754835
466736097 640435181
718471899 653961735
599931410 986686521
268885155 787669561
116399145 323354075
757096116 532119043
676723536 277200437
502042299 786896381
724127383 125370897
777781896 801056032
659281326 869504433
121688304 800188575
559747606 362004877
677195811 627414172
309033312 503533496
73018443 93700118
707673349 889828565
100086357 736527522
322427664 287038094
571689140 400441551
197326041 322059117
227512237 441506410
876374646 253928331
420046342 209439058
262596591 757395236
313909914 193862214
430996842 560850697
540180001 318012073
235219491 496908266
649693752 993460737
900485399 231809201
192029356 1083275
409137789 973461041
152211634 730189477
952333570 552925291
368472088 560567194
89446782 110507979
936401882 227820708
385439839 385783134
671349134 61305802
422374083 805438225
8227496 27904469
585495239 546653100
815452990 264976851
4113733 48742804
673258916 903800427
51807953 340607166
339646552 530317545
841190216 26429128
774857145 629711013
505089127 835418224
789150001 781359177
605374860 698991748
932329390 713624944
985827115 574539129
837523774 427821819
469284197 719898439
43820162 473020281
974435199 142672309
471591440 190944248
588026917 669594721
424274454 661559395
427641304 248239795
806754471 955609964
560869415 716678501
526598457 550634107
95218281 124287714
269349889 277892000
480562848 196961876
685005302 26770824
761761081 178195268
611544647 555214666
99030666 493808961
762734664 174800509
488282166 641031026
228825448 257941911
142560820 75478854
926571924 322166805
212907691 873537101
955215482 82366606
32640946 380612586
544340099 141745596
681252739 169844081
643589049 66729892
75142441 753598700
159497568 92859014
961632711 662270254
186585824 98106919
699436565 994272887
535471191 615059980
305491028 226764357
891806735 108798125
878707234 121612919
913657623 350144
976976096 687612696
822513237 7898113
399781951 114268800
162702204 114669627
547793962 394180336
852940844 257276811
197625010 371665211
473835514 268027259
183773722 415607144
895795191 452086507
515840538 687277758
529889585 845628561
762229407 289904309
119223362 906219159
997192747 795071867
697094331 887020214
729722690 195627435
538885550 70261565
835860770 655358604
499293931 753286595
142714935 119848604
870044643 102889945
709331438 641919122
689948078 872128124
611347813 874646652
856355814 96032216
279991259 785204536
390415905 970508615
105923998 485580186
10140042 75900315
341936488 259070441
847388482 785834122
571360153 43477543
705258490 455827848
767612966 580051531
659514929 327809672
224310839 60103053
124910635 696554121
693873515 322741473
116405523 172818668
712253133 266657383
647007244 651069504
124488592 876919866
891263925 572223293
525101986 111921424
816825745 173485307
982589659 967414493
660030716 230035774
917459178 587402389
774771368 842575386
729382069 208779536
966763220 801966122
52561055 510626754
446927095 626269136
653786262 279761373
623749652 91077417
875123825 320117705
996519203 984760146
891797841 505215062
872988157 289338583
821261681 819233309
829113484 625599455
22870299 166702306
944877981 459980646
857028706 721828430
348069771 874786605
718380970 571656657
318143116 171073240
998528407 484529103
302752710 181333489
62846825 800116548
616747195 512319105
655109300 701630731
730547665 723674075
336110708 291490276
82076242 383421365
849775537 998845513
392328060 588343379
628245682 725873696
196856290 174949525
82591086 717712771
164994140 431585896
887851333 792955540
323149841 238932753
412192833 67643239
698736362 210157397
877644913 720211330
822772096 7502622
401767951 227419174
203863281 432823169
694175976 787507232
3871162 837222212
303748573 685692165
995300982 635735237
945919720 349276623
44815363 132323481
317369534 790141904
212148295 168166241
649858829 466699110
45638391 893614349
941841238 386449947
669953497 81859983
567979846 597994253
445054622 294130341
349658074 141792637
30832783 751248673
228467552 521736419
763530870 196190088
56793911 108678284
382665391 216449521
433003429 144682429
449164067 347665959
644912897 770024238
571370838 907551904
265950506 263604818
469521801 224645772
718427539 96205723
588083785 653967288
488959285 926783889
514163245 408769168
476621911 804184972
88245316 168251910
164386426 62409974
838107945 364757574
681641003 877436489
887549904 405388724
481012359 255930178
649955888 363178319
716643257 996414931
887939490 964676172
266516275 913439105
377827710 275728224
727615115 306548464
519561504 837461622
298922143 753117392
528830490 669537720
708409817 511274509
998735519 93268927
526754790 31977500
540578975 33471364
825463589 809470614
416702541 489208731
486683428 10780026
142650858 817039348
814439969 54485299
606918543 80196239
696468244 677265577
856908323 47882604
236704499 323383789
921153208 176464824
971445280 313553965
538256038 779396716
818750606 364477158
689180101 292789237
790934961 182830949
635707005 712984144
664647574 575366342
27815717 890249459
404572094 287077854
19043263 189145826
697136064 462982836
476470952 510730706
520838101 843124536
254871982 140286081
598032237 55142798
816178570 673779946
691894447 31232528
131515009 146237856
77727771 745773395
457196306 553706066
50375324 582593439
759554011 868102553
750958943 852213887
698269188 538875688
193513501 297031410
321086116 128489249
554149998 951977098
19610175 956147014
316462875 685184867
127444612 97270435
414643388 80217228
477687588 195905206
137807177 34024364
778394435 226156951
154789338 682821222
536228760 848092356
851501506 608009671
135672326 405245120
407888550 882171375
837844520 327363304
265341322 342924250
575220630 842865738
587448118 540882886
99474170 280243110
403241940 786489605
717158201 174966197
88558530 988996986
673939938 238610631
286923110 89774177
89596470 79136444
100225808 826299808
75198388 877974018
816806272 795025865
105798517 814163434
508719115 424602283
500819992 746775938
845031044 605000411
453729032 125057072
929811679 1411322
549401378 61861466
612241338 717536883
372019923 678180868
598614350 151786686
321891372 707507017
170803140 886858877
714313499 244317264
734657151 67030419
850843075 279512599
374332637 268515700
580738160 370444562
565272243 352866560
995880007 811826597
93812366 309493880
536963251 650880684
790259188 822517768
911821402 908549164
204486219 968494930
292836380 639635674
967868403 73590128
661691325 234122296
419243559 933520262
470377635 444763034
301676195 709967922
122861426 841260446
204527625 266165572
801154604 595309622
660996666 246515447
125713574 7422523
509278941 823172789
98915355 23443278
155349979 422091598
925320813 271162928
219276255 224069427
711117168 419686841
982196825 738319425
7411557 295847298
801465809 84929216
858639983 151836905
974741695 377265833
403117511 128702446
483092654 557239543
586809193 882588730
749489043 683998020
785417279 540187622
427121574 967808318
72310267 469799403
994296485 344499270
188632409 143937301
764751568 144509707
92161618 865379711
917932610 563461340
324993866 257272241
620403066 440120522
579288089 398559946
570378629 243582724
940032727 478922095
978177773 285853095
531671832 492950999
999981410 464828557
621906594 278768537
521970870 143574864
551413839 450143084
919445300 544237330
248992504 348240837
973587953 735179004
192605412 475768036
366728286 467789670
804528632 851502520
546814639 875696981
807574813 623784227
847457119 273421375
538231831 722993715
596122050 312544226
677262376 883211502
105215072 79767483
263792788 661129840
720039867 327448264
688257950 823525193
97585043 286935055
679692373 42419575
427703977 318430779
597392337 961913602
829187356 739942025
39820644 770819281
284590511 600252950
337710203 572684720
940301481 422086393
491845631 741311446
223601586 298939523
813115865 441374318
587006096 383742655
294372947 752690646
715022402 117276766
377998776 7098255
641348229 86556828
707784914 14993700
622777167 358697379
977053101 752319139
682906404 784327847
564317099 70492017
278768158 54944298
597471452 785925470
370611673 176406543
235187341 301073997
44725200 278558104
696185034 587439813
757810211 581182590
846230081 933731849
956233402 845615205
714988549 298756158
193776154 707437166
999223026 503082381
48481462 233100227
258391546 9508018
22769492 721118067
338189920 971535808
614627330 874731306
166925292 193169328
539412923 618509965
609598540 35110451
202155274 348103299
807648266 768839248
342504602 593702688
11169919 152773852
917146693 408412262
814284157 425812990
93309150 619271686
41800990 20832201
658925697 620171872
603105382 673494423
114753770 803917538
786139817 185835625
469736868 653785872
661415336 772735067
414876264 325077837
328744600 492871544
895865216 51570332
365424149 413768679
39334428 388390007
791658344 308791028
541798718 876938618
901887336 483750861
315060555 866115074
229853936 848441736
70929016 303823698
922145145 73346486
869369206 58981424
579171389 684534727
215583627 455573169
788253880 972306884
183121267 448094884
909832628 165418869
750323436 579819798
327416718 360825153
709695097 132073777
423760207 155679725
278088983 152540902
910438752 703106633
226593734 404800490
661971965 72241550
546352001 194971940
470192046 618204292
875799632 199592535
655365787 312940293
177290085 495708058
571144696 372564189
858790688 341627839
645814645 493829516
253290245 238474950
29798527 464538777
707009010 915005708
170514029 415579511
861852403 639693695
438709191 732737942
351534353 159985992
801027215 990990184
801389276 39899153
186782721 61462539
126212774 256497012
186871375 117804320
673675457 554831763
903972779 349332555
547697290 934078274
177987470 99098614
766979463 113913047
973923887 130685812
234653119 101632084
935187732 766433428
227457119 65348539
898362139 409458522
922668164 416419275
561972284 331739569
512564393 727952136
955504740 276886820
69875038 823443298
547024345 681092533
666576725 8163660
787662043 116450283
246956573 598966867
23484748 497608353
149238181 826252336
218213718 295280570
415317338 775666489
943410132 350462314
715264833 147275537
695039292 413126065
64865517 604125631
141862705 680575606
975262268 581545425
485608911 338221612
819082903 171075768
885466784 163870437
140053062 147049774
733096580 762145292
649740943 499144424
498587195 121624003
938890396 752562939
170445560 193258642
477030286 862932030
881938989 551856165
728198675 588881201
929868758 223171610
418882956 842445891
174332804 565313943
342843344 613131665
527838629 453162813
817556817 774335690
483204514 78531661
638728128 154338196
925541152 480528886
481896471 724714182
700699634 742287156
325851779 522756497
652233687 121678437
299469079 400741844
858523528 746778184
854880085 120766563
523896696 477104473
15671750 490574186
82187342 644048750
554921315 904758297
840938907 33501225
974697640 201079780
998542644 466594441
842842514 486388282
866240762 870624821
864116104 997376443
972557799 722324688
43613109 399788742
681093765 435612430
969488753 471183594
832121831 728694025
888405920 499365463
949378973 890899956
380854060 309756244
364020874 882922276
961922405 82017068
585655574 984422285
804537270 179984987
134085868 486657178
578490694 80261600
857714430 712256563
50061945 755540194
733424505 986715664
453809030 708746811
925780262 740994513
373237500 916678752
267219748 502405655
156736925 492287743
25384408 865547784
612799159 885587075
618261929 204479209
106357408 27566395
741901172 61004598
981527790 153475908
899019580 184059472
527407498 671995713
677377044 31691714
131158081 507162905
539861211 728472380
232695831 123253718
688078544 253471705
581484960 310397934
676039097 185495660
341877266 347576801
355069635 860185418
391414584 321729238
366289332 832821777
364284176 593533159
595595698 662722654
784526550 840152168
830673322 967277209
706951585 148355855
869981562 852633495
164001111 203381057
795534236 31111001
849785233 136780957
591124802 143597600
137772842 524958782
547510394 293378544
240862470 685208884
461266128 936872836
417320411 394141891
43658079 253619866
40106860 201131429
357042660 585886436
669349276 273929201
328375599 868386275
16695203 271817409
630810541 194114354
598298934 912516989
8525825 681144666
680779744 383852365
385785920 916406756
122470577 450199411
580698825 366738005
447129053 555230284
509420953 951467196
209927837 160412637
409181817 466730361
307713598 63392437
758211547 409127905
582962253 775638306
882964181 102133494
856241013 716390235
309228023 318257667
642701877 273630767
163049833 68197305
468556349 869738803
13617519 603754225
245911520 621073429
283123876 20440514
549095705 230945641
10208444 371632560
829596624 802962488
999420074 444120510
282534198 59863858
151751554 418789523
509473255 503156867
886181370 469116301
326034804 257514919
882390441 421127493
607394024 649196266
58391821 65249059
279188099 633931207
632545122 213781785
515110045 976433788
213299474 512663979
256637890 526343789
837726371 196354482
662831480 881969541
154757124 24375119
768940899 746664065
431114248 677154370
496482510 534809582
759438270 430796543
15446208 838323790
80144568 522072014
634654618 573836790
478890484 790012160
994951292 101890968
661419850 403102853
203557102 586261820
21750238 119913739
673232371 971160005
410517854 679975993
972178345 744679956
677051060 991009140
15277494 339815440
539390207 120120296
353460856 675880895
330912910 65186275
177102399 723696538
128264647 512646318
493957581 328077310
456094683 554408316
828208871 759165808
351870311 873608138
703112179 339096624
944276329 334258175
521947301 370416091
915187099 715439428
973268222 924568617
864337207 817954241
798539701 940423436
681095134 935481997
12176088 185532287
341759014 912921056
199614230 731579339
827003458 184530931
939540581 351877012
72384671 681545075
694487849 764883976
347996071 21303656
687567264 778995370
944625477 620850404
401190400 970584958
823278182 180481676
463154831 558050132
233501012 673725329
329491063 766558983
962185710 328990313
136779639 283131877
783923622 983551274
636893282 660388016
561788042 100045954
925299668 673984744
359612454 206188513
834259484 468859442
928250345 742956169
358180536 45367056
145399677 353551253
821914097 912384674
342108889 453622656
270990440 607214454
214828480 836693601
74098767 636797602
592609636 995380574
433589427 646543019
805430707 560999942
523109299 876857424
413160960 168038404
65936885 775543905
229449496 420027269
583979582 320162357
440926289 937364925
967401873 566588819
60440427 820852669
476214431 577233955
577471803 523673006
143946477 206944160
580837659 431279475
920592084 916527355
212619523 655729045
167084002 33663027
65903874 585928953
709822789 895912161
19974439 359511142
312569399 815863437
514061531 821026438
546510660 261653628
496936763 732416537
148020156 168550191
676255131 17246126
920212513 978633848
966151099 374057723
488070400 522171597
264373578 729626349
756045126 507165600
494870484 391134402
110489873 300932489
680693870 81823887
477412427 457300624
177925780 685461931
428153453 281792250
988470257 549041118
508186036 981552849
702465560 98713315
426850452 383836920
103544810 823742453
336239566 103054101
843290111 33590801
646822348 500265281
704583835 320116095
999728716 142993187
611385193 316763454
668282956 178914471
531313178 340487764
562115875 117939459
335791282 893447646
726057633 6028716
234366993 294449519
758145084 80079071
41890634 168486776
661741855 319602074
718724305 189426377
39944848 219010665
3580463 323322494
152969933 926000814
329767461 296392919
894223908 570899444
99588250 560730856
729482454 609474886
79281884 357590978
750777584 443902647
392136445 444902940
684997872 447280891
61997102 393626773
425784685 213390204
849674002 706096831
638001781 886510050
332390835 968303501
208043977 99994337
342552784 427006668
952367779 804351686
705911888 563373476
734994415 852447441
508898462 682693683
151659767 40910640
111132300 947712581
469696062 854611957
896528040 855590293
349120068 539373999
394749695 588149259
853452381 270358583
106631924 284135494
237862612 1582616
627384576 317178874
790722854 52027677
475388871 440616120
848091085 47713232
980885289 537517734
572577512 690804420
863370505 556019229
604151957 751622751
806247455 419843526
9911023 207687989
511943834 602537591
268789284 323778216
330624715 58726337
953087654 224201976
940026761 558857125
134500273 242178316
50411459 609024078
689486390 141589322
964237777 215255404
133012467 154112743
199971746 905863560
694176995 137620498
409926893 87317225
143090202 707839661
487146174 29419296
581948283 578473939
579102199 390241411
401402187 180135462
758850804 769007360
165624870 410467182
244476620 744004895
646469151 691980137
832426625 792068534
635477143 471275697
403919994 109505088
913377621 960747316
242381320 468927482
855727448 250194325
805738210 302055193
184661126 762765767
517762562 713653992
200230837 445426262
813112652 535013237
229818621 81746855
977653213 786970411
743841692 413047013
244420860 43038504
855006782 625920169
513836139 606355581
798628523 381374431
945108439 406497328
670584121 556354804
670031590 930315707
317549921 320402217
80186962 123213008
315364409 287037707
252049949 831165105
371404483 631151111
911059587 238751865
172189944 169505584
984035510 546168734
534212581 647789517
567033962 173298673
448923046 682313885
782872246 906174289
706608662 839955173
334762090 284075960
337905439 777373001
196704750 417963839
480470765 350768492
760427322 300450455
747234987 880592896
429166457 608458202
407402519 66810649
636564032 540595881
73558496 795270136
220372263 759692062
776979216 242826262
617560045 922079379
214998014 762255205
905680121 596730816
454976632 22624150
584921892 564373558
566900662 769846450
198758009 152609812
87713662 872412469
498316730 704145600
32807944 616402810
467060688 367482475
599002939 686742156
685887096 88609654
36740667 504839453
762249805 152050554
181810202 706046067
637139577 418023229
652904732 829314789
60423331 914064581
917754142 309115442
412622155 86524692
429087600 16120974
349414366 581566950
596345590 840867539
317204928 64061267
393118355 910969734
374787790 683437800
676697922 929076924
713439252 508411469
276856797 19977306
376183155 31539477
207229966 719407268
987387367 16525188
309980730 93714488
591480801 867531678
987116799 236740243
96688867 54970515
276699297 210133703
458539250 677059477
620325657 431593511
965853743 976462205
234317970 541360300
469848107 465983959
594975910 842696662
560424572 563965545
315323096 355705809
563809749 463420150
738354733 770840973
876584626 983775225
527264013 955660274
344621194 144639530
110790798 128755338
630973990 959337237
36478102 701245264
648216572 43248256
541934636 980997223
960412093 998031873
414172786 131606497
313588317 541421332
251294851 741552369
215766651 408350523
812709111 638651054
568450144 288177241
844798025 668342700
231074692 863897570
381685112 111638294
103319925 783015824
255620727 696418491
743819315 509656528
141062916 894658331
103555609 559703212
643286159 442477212
250788199 657012982
34712291 111835663
622619137 904303382
572255657 597963592
510904976 901817496
752936155 220065826
558511584 667067353
447656837 186853508
126202168 310891013
689499165 19867370
753226009 737304911
822562230 804242652
215402080 812529848
582063719 85707424
302862701 262932365
637744630 307431845
731650486 321792451
247707245 162452064
576944474 340526333
220125933 895394198
466048296 443354957
152698937 901089100
403280001 852079239
384040570 872754159
970438097 55844997
580224030 328639532
878174042 625168290
760656580 659170429
46395149 998272522
156708301 969231112
250542257 551805947
264893266 649783421
182839697 943872266
252390360 376602782
295774079 823312724
337504150 372235136
785946158 319246993
434249330 867253080
324524964 651516378
813156588 37339253
386272067 132229081
134109891 783918343
662694726 959488114
381736110 362056421
389701910 872253723
73538740 206006623
931107971 255893158
491662299 384091133
83338887 710365342
971651732 998934427
302468655 115087056
659146316 320969953
710664558 264684662
214774772 864776606
403796691 714152118
105987004 581216280
