1219
933048224 706092035
598125168 447538135
22976053 689899460
518274301 26507474
867567912 739957473
790284036 979317012
614507166 706431535
9647411 650097824
771247775 965712528
482568135 47538587
708258116 57886262
808751303 970794777
864081938 71844534
31305567 837322414
962062400 609187953
965963221 81729604
772065373 270176878
616318361 143295710
668455664 606099262
318818764 580874228
720013285 74003847
124151267 324016368
269611673 564200013
338736549 180651531
322827944 618178416
45139078 203862675
566829705 203293074
274901886 438849015
640669293 178629438
987070428 198613954
130184402 978946291
635595926 877136941
386173581 593075317
772349943 227104528
562158697 280078423
71875627 529439874
194024674 918946806
143069426 777825323
585873779 213793059
355939743 168884424
762670712 397795061
584543868 925857520
454225530 735258275
176363714 680964791
494653922 151744732
60767256 85150140
169788703 940753902
451431885 71343417
523624813 416676816
494270734 553704226
884342540 292051754
86492465 248656954
766494792 965867362
60497166 975706321
667746061 648156583
161404756 392169681
642731662 4579325
717782603 960530878
894895386 93775803
636179094 578757956
486763827 460044613
662663515 916494845
600088406 471538292
242505335 254911852
112226989 903663320
10713427 349776657
63515379 82339375
346445351 110981966
836956524 835955963
360217390 694522946
665256734 547888625
173607535 695790821
115505154 579579878
249624649 249381643
291710671 794388802
663219112 954548259
833016766 923211412
72009340 641089142
563896543 703034763
108492519 982488795
354585976 465126785
957163945 311128244
335767804 678478450
797454409 317206786
104566914 667898326
51039455 587001492
415163402 222011319
352339346 652152085
276794020 373265224
535145570 770664308
598914089 30057573
512312164 71770798
344466380 995427539
749432405 94244215
317122017 356910238
827594271 564982433
322569323 264829968
558561506 582933852
639450322 838450468
833570045 560366937
554032759 790198824
157960286 816586183
447498762 641517475
300962176 786219909
642205323 733161620
39164578 424720171
68382863 798669549
346692449 273740552
105633144 893607545
182584025 425632668
398534094 844219957
42693716 697734671
761541673 416428208
688635042 257640731
186896432 196251145
66735144 570242358
436647232 496245385
497210030 898249997
217619866 933672082
671137824 642033577
881586505 24710599
710448735 965751780
956606787 486347187
592547874 62305131
616219039 114105873
311970964 218749472
930211964 885135241
660572197 291177114
28931422 525656436
346306044 409686457
497975944 451253907
106318946 38166298
613093850 471210867
349905716 810037248
483712460 973042732
620455050 343127779
80363463 987609545
61571217 860101968
323149510 560193922
709614192 603314308
599348928 259367463
460093822 980025815
570207121 886625421
655789408 477327505
570529782 620910069
295872473 251710316
81399825 870364862
564617185 484551949
70604403 268402350
819562184 153169648
505565862 550360740
808534343 696128968
860953347 659997966
586310424 504283246
937285300 620387304
558776814 978515121
909550659 403963450
723285531 245634309
19379374 454756365
293771705 169528000
477348941 547808880
673789151 945883450
574066678 370173801
413865363 937859899
880452556 322496995
864958934 429528633
604467245 555901387
895752364 66383778
754488978 248428660
729961250 127223363
630445884 106064254
955925986 35851253
114695840 900906966
349516398 544673502
316586800 122102102
379295541 526612010
842790437 643645645
805705722 96868837
447038418 360358610
701173564 495136852
357902475 927453212
140311985 282210566
978240814 884723475
155678202 353234547
14864292 704303301
262109046 727937064
876156634 548494134
177889063 606213001
494383251 827837700
808325862 336942246
925082016 62140258
232211261 47323879
217227736 872891937
645051247 442460314
112028377 412492063
752350259 561702837
680705119 957937658
401348235 435853973
139120320 648957637
502529249 101794537
360757151 808233353
155522739 512839723
262938465 358161339
406917717 290253475
174711218 231497990
148382192 680463595
952616539 858688056
935905890 223890227
990277186 962347759
878441868 800699442
987421518 575939878
378120329 623175142
606538685 737282509
233742752 692331503
921016317 560743906
925564717 336405671
825018535 351096621
901957527 619432819
528853056 577692298
55729872 528145086
835390863 882872661
458135988 242137758
300606780 693994849
358101504 660733252
393998771 725989151
853401855 569417157
41543918 357997198
780255260 233515997
937037807 416858987
306891287 794943381
705286524 250396134
248986365 667817954
80663531 400464918
150565201 654950253
779867515 412011040
671892797 32824046
561953533 920804036
722959173 648049565
98590291 910361698
942682635 541827576
179991398 8494199
693296088 986847310
799982977 440990916
591929081 786371734
786861927 162248061
233475442 875350069
200720291 976678285
224908662 835309354
703014936 812954782
201094517 435077531
934584 753660545
280601260 607159058
271851949 627855874
680938960 370349227
931687778 756164684
416457626 172726059
554214032 1625574
748215165 603443821
545913555 586782862
685105033 591446805
763404480 745753175
49708317 995889199
825669135 440713103
969871612 910305354
648654187 246939402
994510156 250997764
125570095 109668100
365932839 95254418
39439012 736826146
578070230 168322485
791593396 769435664
194586183 610671153
457678870 517204722
105407041 166235114
325581675 816292161
837650273 579147526
576556863 169647061
825784166 433298552
686060516 468452742
959010630 321491445
65165801 980056603
188733262 558469453
447032934 227540831
794345441 96045711
958802912 488315270
27759777 76949474
147707181 134758420
455360412 731055068
820947334 395214267
563110144 864721298
810118188 876732686
182319694 309422644
722335128 319613713
664273322 593065162
7350930 615400136
794811111 61593627
674010873 137633687
580214377 387172787
902077284 205163358
601129491 767078641
991041106 190983254
148807778 110275777
18252678 637126340
42731130 781746454
863643332 598415765
923194939 130944132
608009021 839766666
809722326 745264234
557824730 651778323
629110140 125907882
204798031 458721041
540566160 439237347
54669174 340421360
60232351 214421106
359915467 481651393
677428830 38317595
957753882 813321992
723054126 260751786
735799887 267519678
747050284 441050621
858812461 795496233
709319398 694259568
558277666 571395042
356199263 378536760
79729087 264652604
548903657 723547521
794910274 773646771
272911388 26266859
907939728 138163673
577838908 894030537
977251240 90846044
376568142 606551783
751569673 996131187
28082783 631038457
125762960 109266262
507864477 393930045
93794754 296186882
285720020 60913400
243244024 891544978
1418181 108048032
958859368 545741442
486939246 81797177
621074830 199983394
338878871 395967481
606711146 457255942
524440592 715396849
677487090 779706403
645976448 358675464
783796125 561322979
293512012 956525574
771353613 42379792
835389986 814357329
87042044 394366311
237919867 16599288
218999840 959599854
670121521 948856822
778683062 895891723
641477818 20288767
248987013 217022154
320365971 503684735
604223299 406298729
588676127 365494992
606937612 68559687
817478234 339421172
432355123 328247935
724013067 786428666
591712981 984754612
55251706 330171255
117406944 138700401
334091704 405903107
386114059 663218315
876624349 604015626
743332464 891807776
444916406 855615365
81073579 253229178
953508931 603923182
642325058 208687228
391055122 237783121
483667362 757807306
7972999 640767718
88708248 629530610
932655950 155373122
624642244 879204968
107159746 374733744
178888423 233175768
109622378 192437701
157031635 137538879
721087179 231321989
687037126 339566599
399899527 162957238
174883516 501353285
418242637 498049419
858968297 212349452
429275220 68493717
810802937 316979762
789210638 687201116
242662026 950387311
510730196 225102802
500431544 515778852
469746853 121319466
555244632 142130819
366156767 68721904
609749042 85144935
273806428 673186907
481007370 441666488
420877163 685680455
836302673 919721039
475149083 819882454
81305233 127050502
839169226 411535946
793658596 564526352
272322152 772289117
75591779 744653504
649808223 830344903
646578937 802318235
604819552 341861861
423290175 548071068
405696570 830073815
64261995 615055991
503055437 888060851
184224356 948868309
974136272 243131919
807689451 925175346
307278316 436829626
673676724 764807024
496957701 324105483
138984336 447446623
589897295 225129552
678885645 474744735
634542687 119153393
474310357 214589764
533644925 174981370
710248889 39596838
543715514 292835879
823854703 247104057
615146551 384984429
551546311 144249373
890412723 44860210
551388820 432495442
416446800 896285990
268277354 543352877
391649931 428484770
555544902 994607872
434706967 532010009
38641220 654109563
756601513 5163054
57745385 631068956
462374990 834793916
705645070 867766990
567273579 902312803
886667184 614335207
940930026 336871957
440917012 855863567
469235377 306205177
741459165 15993255
378552032 101092529
135423848 352963657
4010163 328099342
544189570 19351119
807848684 174168878
928767610 476730060
36435576 823313052
282356392 731492991
861731081 767227974
222448030 493685958
885001523 987056940
65039250 974784861
904064224 495556925
111463604 971652780
659631893 414949299
647484095 637244848
601637956 326757001
908213527 268558814
305806991 712232810
750652388 646669798
131918643 704871725
240492242 332789192
356099827 306965911
202075338 959855017
108107988 174014754
307695697 899663658
380991753 329458404
575269744 928975476
150505627 30255990
288082526 761854208
85390149 971904947
413134526 929677219
395845899 127957087
834314917 124351087
473413621 465649463
940340373 711632620
928734757 372585237
381340028 327504267
677688341 229560883
928302694 87997997
22539700 980022147
82485123 94700110
404494039 575819559
160195474 593904541
36611260 938097447
839934230 504359207
351376728 678858381
877758526 715067708
186422036 492560290
725975888 940168862
182406877 812989501
262299538 246558730
753858843 385412778
65009770 389944476
642953451 287164849
822034988 362176081
430983549 93373282
774131200 484858482
588979705 488191780
866092595 31176645
157212980 684082922
915411671 63843385
319286209 181672951
13569689 735169273
465496613 595462114
768584132 6480922
944875581 309329074
704420534 404383587
601859330 157295701
113995777 80029862
567101543 494718901
42297683 397707944
70203467 885361892
780030916 577174514
510853020 877801209
275603020 494330151
601387832 15068689
731813172 5350676
507326790 178484651
284370805 392923837
583858942 771172631
402522223 171179830
341245583 299328592
463087638 692497385
159268833 308383107
401448796 345670657
166877517 123373552
416250126 961786134
152984739 953232424
8025345 422639096
600659121 725267227
548947676 270812932
180245707 924269490
670747379 24074148
222208658 555579577
117741331 629825571
607576398 102513263
294563247 164888093
76413115 559521853
170133644 81707999
53172010 692829252
731093355 738046047
839403907 866901781
330192237 284599133
82280015 961964653
643527207 652820092
418985061 15462781
905596568 369398057
27123150 573018146
309003116 674054929
875403611 479680528
539185036 870918052
735613381 155507872
729122980 982593437
895243049 805084112
365180845 111602962
661681661 349533328
326155697 883548878
95797927 285263151
559984066 675011859
886150036 521977191
820259964 664259808
934134201 358143660
203448173 418478407
221952439 161504593
358312399 176511548
594508120 425288087
590873632 15383132
172250787 189059494
125723860 621634006
427940271 802166200
892690702 198643532
496535153 537714615
631555940 135629138
542877830 928387736
572849720 823179537
498199184 605970000
355257971 418296936
795081 526281306
620125740 952306017
746731892 971788195
89825123 535141067
265382510 568253106
921237268 976783711
730407159 621265345
832992917 31199793
710167075 669116569
504290617 589911668
235973684 669585981
647025803 685597908
197846587 978832180
212074448 294004366
925557022 488397569
134914860 179024906
693186523 177024963
469566854 644035580
657779681 344557567
791865713 159516073
325643825 372960597
46136232 917035244
897119380 525654237
396541634 849951963
710107680 157388841
961771938 343441995
294311626 937325365
391144906 895880121
213716493 849698811
856627717 705032525
929595736 583764463
451887116 415195916
562384124 882864981
726907284 639235563
922621307 839280984
187423681 846381080
196211410 915816830
612656612 521422802
667243676 938188440
942824390 358465584
5175058 220457211
625351995 530811858
498971011 33510367
706912685 888601263
752805752 283744264
967428095 727459373
118661475 852405338
547653351 732124273
403499979 698747413
349754634 254843738
601686518 512608082
338199068 250489632
258882923 494949214
224534317 847127107
292564614 532952573
833027610 543238260
355850301 128767005
647546531 258877206
197584456 93908232
183124222 331695363
706252658 247903793
924795047 976232168
472013281 321531830
34229648 618459642
637423662 408432371
47048706 246687572
456235958 271593589
560043633 243391921
902307583 967719581
671120511 499708533
274023937 413373763
971404821 226712746
823882750 599719706
604157481 269444702
963311266 395222257
64759360 362635909
459018099 664490879
908566528 93303266
561561960 403187406
606813654 201198893
150288976 870296403
873608385 776581833
566083702 724425739
655907339 981380073
274627117 881500056
452869352 589188595
9155105 16687661
489345821 101668702
825607385 552717509
376212332 711862655
905230067 333777633
328496011 739656436
399997164 745999874
344564494 671710477
841006029 764974702
227871334 354337705
938288944 998829937
233913932 392699042
927159342 370346859
330790720 743761234
419528341 769447541
603810323 859362286
763905999 637448823
696357512 104340873
363654580 600768397
113264186 46267493
624391413 813500870
278495282 708291143
685779379 643664550
98272567 243733755
631512683 766344957
777928541 875833703
369601228 902001250
35165931 469371252
905825619 488132781
827103449 282369679
547228912 725576557
759096048 59039379
849516514 326123055
355053160 371660738
981051215 733532278
619232238 897363294
309140231 693556062
286543961 243934196
955821537 758922697
393098158 947699218
161077800 522976985
384691492 698829100
244491864 904809171
208127346 21303550
889855589 198180564
530215957 552637106
634343619 931183385
48200883 658962203
606082325 762383763
680263016 534830548
519229450 64020388
18810663 553152264
144190325 57117631
919221668 905842873
692445875 638525034
695883026 741975823
474980098 694954449
883494577 669413432
305836115 549489101
189992167 652199867
509925574 505568414
904523987 564548838
533610448 937218058
818625845 343668217
193141736 970633964
742623531 168420788
981856216 393028632
174652073 459664712
597559035 44938103
428490428 242393196
731830480 715273510
682018836 935599444
494491991 370149245
77424772 29261150
43355073 972039859
884977245 505799234
505837108 977603301
27094330 352165604
220193630 742066784
405756249 18734625
365436559 550128245
154857027 356282221
993125438 360897997
52865758 107039741
805849041 358548412
423795933 679498990
792802798 446188803
619011947 52329699
661262005 114739314
161681787 144287569
900086306 502681575
779714184 811760217
116872716 767550090
173249897 184576717
318912371 270858128
454818184 610778601
567380661 714254095
295383560 356345362
889011079 74804337
851246131 122990552
293934665 725213340
661096830 588976763
109039259 455710488
719367521 946573991
373014257 84221246
718865429 846581685
317078361 946035761
730603968 862873581
422810614 386660865
420711732 9248694
222225157 26584929
777947760 511321672
879722427 994791351
241752031 552032143
236945762 207386026
335930478 647359923
17920989 212794359
605148805 440655679
30304566 915982110
407325329 460723066
58772962 993918329
450281149 400589146
772275089 749736334
271844237 632031734
724238601 108304200
665190486 442805759
992897897 317124070
59646865 373596202
412367914 73621558
258385357 732018123
244607630 689718006
383455094 992247576
197300093 539553492
395051803 862469855
60259744 376101729
720942975 492506597
518282257 178255947
142789813 663041170
75491830 159185987
758149174 958646766
775658572 116931469
268460883 699754160
479998258 156833027
670319415 745137019
631493939 671747518
41259911 46947646
275651661 856764189
142948209 386893939
468951180 354759540
370171257 52405170
351512199 241809782
897040563 623857872
956284001 645721849
619596530 271139572
565289090 702594001
950816967 64527155
331804230 626514403
99353947 986201315
358606073 133875799
699059227 962220620
541070074 556419416
570076532 121580700
407081001 834875424
825608042 303344165
244147551 697151296
920940476 990187337
470474745 355056236
216185183 873423609
912868822 845717283
112705113 133490244
784160848 168993594
80060812 445601001
146380200 738017969
634556389 706204191
893950609 730120279
759298846 10078865
495693941 138093475
814496683 820238230
973614343 903999883
328525041 802029950
138105530 657037243
987535632 875961491
239524199 447296830
547358345 852389665
845829595 102841222
560978471 999693297
662919556 149093035
599406388 615886282
784896709 924369383
68077498 529125511
19942336 246879064
26433991 362270915
475260760 592316909
446981281 798526412
265029983 442709711
588892933 545051037
319862893 138483031
884556805 230678028
770289466 314423439
165236442 483147131
633612817 258000958
816105640 282677009
961890651 957329503
113616137 629362853
113847995 557097358
663658211 912030869
269207519 918993387
110098752 586653774
513129207 475287105
783885906 742499063
478467702 815441907
667206917 428875239
211814540 609255500
269020204 220744057
340555534 421622224
550621944 804711826
296617536 320030611
246036722 140972363
795730352 740259979
414702160 760072583
219411409 705364531
254957178 836409930
127989532 623274433
540339248 209046815
943530553 895579558
421926071 279911044
260527893 596437348
302394296 186778768
971490473 490158715
754491772 757046286
915961615 608395776
406608524 156944316
679701805 47433251
33883901 763333231
987878495 281548877
504386875 677698006
558241795 453817408
822821367 743429727
361009825 136262922
672146406 640779293
351008355 824452666
334048435 454230712
693721396 720695860
465672844 571600655
110473589 776994172
253565175 224446089
750435392 348130959
708079322 77546221
350144355 311224366
21283620 740849119
612540282 195012685
39014301 284265360
774118971 204717931
924216441 482431797
838782207 825337210
790103998 674241354
798535523 337906870
326325188 313578925
84007406 64522859
184623284 692123166
774468877 199785038
96044696 90220715
985493350 632823923
461362113 135048155
85601781 694125664
614335070 43266617
893108728 255996170
372983337 588187819
837399448 271119219
760573464 127640083
634519525 842113647
404793901 406427703
422866403 57190542
459893128 182817773
454220291 134219096
235068159 985195428
533396981 42809784
385776394 606467103
208981479 52766854
383135316 936604855
705599353 923444558
293014410 363201699
615893876 864396759
356643539 153746661
169348063 3133556
371448976 266481205
445445334 371826185
249930703 250545532
952179350 811631978
375915746 242588004
189063052 481512272
578663705 278576481
290767232 371294036
5109460 969540493
635202686 13637453
732624690 141973158
392055861 416679099
838462051 902609943
128038088 228992948
682408588 3774581
520811783 402930805
837966192 93784873
131088517 588357994
817071863 796266612
622084871 859824004
666961753 925966380
526030673 96955559
236706766 680453790
154762964 890293061
682014723 50187134
861587291 317311495
719023972 849729886
506379823 521576167
718284882 635097747
218238909 243468558
97582416 734271573
5330028 344287648
645222955 804145166
437141260 550214183
289623979 675321580
329263949 747739912
64284600 102283874
624079750 264003240
359573414 29125909
515164380 739180815
947606952 695696277
836764125 315502417
19632174 506266205
827599128 309536370
736370426 688627791
931650410 931703662
623317515 40862512
672274889 234951976
119343386 803852703
229452427 124244649
39051739 582422485
477326482 409466709
350663569 890994593
308479827 533061272
63254140 195104466
402552244 488419394
970389771 635078652
134978926 868245
964675120 969595787
634760607 733250717
109561183 79296923
907705746 519782481
337645598 622357267
868893191 63446177
495478815 986755656
630438352 778783798
512814273 755330708
593192572 353313147
188244702 597667701
630549377 106322480
166216878 856558839
478301036 213095543
577266606 947112532
495961472 895618488
32330419 87594113
429860368 800935568
689885959 214702142
997375104 39008219
556787140 202512074
210531059 620136738
674602291 415543474
391673912 394753875
683498956 845283729
957019060 997014499
272213102 870876435
307475994 783793515
134667811 948428427
567551768 921988012
881291174 349260382
321881451 177520328
845763797 739535327
469238678 709704783
591137516 939612414
235181379 740646689
544238254 9190543
103042535 858681417
964319195 686828527
62752794 230992315
132411858 62720493
677236616 285633810
397396517 434480627
343138114 549543575
854370285 338505210
323953073 375411149
652257018 710471153
496038913 941334013
314169011 239248435
893803051 80927861
612597578 819967481
75707512 909910205
285950007 95860494
183475449 598439453
601625516 178844368
216993025 329878953
528676986 177338486
783152300 729066477
818586771 527157136
85972509 744136271
616790399 286883666
651879863 315784441
996026711 355033320
425634017 967672390
888592809 392592
204884669 518917974
213528846 158349808
553687751 338220182
252647049 184012994
682521082 636628976
706101228 299713321
374695833 856431512
57652898 561871908
50646287 59976870
255179538 76785420
619495489 16831491
31111825 166444106
788981971 456594758
807867904 848037729
35770212 853456433
126278603 902087259
280572253 217369812
959235856 330061175
404113499 506229305
372358920 381889205
313857027 564279195
201055375 604329911
797949452 287406024
770966734 665925101
202824166 955045541
465937169 243729837
48955263 53943363
703809281 762815693
838637681 806683281
926532280 605023967
843266231 145729519
465458812 373470217
556012291 59473004
400513437 879868549
701476362 113859949
290762731 6521955
778770996 295324475
711694916 598000677
723980447 95713296
414097552 577839709
920139074 6183251
724587712 275506553
652939094 805076581
471829903 504460820
958453693 883589125
598057532 11273674
968981632 152059815
402982904 518413115
187431097 623434293
314594508 81565502
471229824 15049779
427633990 574016210
147430637 697540133
923111555 386595017
85830036 898697642
44383903 200398475
455084631 628451980
81215655 539558928
336956157 908309682
218720279 917516102
250891886 186327621
412933218 575400618
835124929 316634880
253651108 969451599
229979553 87389071
175528608 845544729
187269694 933070928
773081181 75481889
249115255 222412177
349040526 232070087
738980064 589674256
410007256 80676962
682136258 327222445
49997757 566789545
249181524 685003476
939352710 28395252
494074303 383175234
3289484 499226890
784058165 884840458
224075528 936180007
547367676 323276309
911644521 253408663
712340852 892900367
83404718 470033285
199437830 544480853
171575973 199151816
456400010 162670360
424203666 973675134
44256865 565706225
418846757 561396875
887781068 632327409
519522459 959755606
426358391 903023592
881774492 733670780
205479990 184464828
955291329 255068776
554884817 466310144
311273823 26910318
532607064 288457081
288469344 404252234
335750968 830280869
613913650 460645412
656768382 364139033
968019126 906831379
425244626 334557977
743852535 620013590
219564977 829416669
67487666 215197769
668281763 409640942
738755396 448326129
318670613 302734906
613709851 753066301
339541388 708595314
869191863 177504428
392450036 988083424
750319946 65899058
680135939 398697842
538617734 215603783
717982107 642288458
263108423 89875881
823415791 584560842
465983117 908545729
286017856 43699502
303530095 353648083
54743950 761658400
923751771 906219352
537835799 289837866
514896544 460248847
274046682 287059779
732951984 507828214
753291316 172706359
977286728 170615228
