620
288129995 411110390
812951480 654095633
222966939 868498678
830346850 129834834
615108656 945766344
483423802 892243073
308225189 832485464
807868958 10563208
101316312 28776333
114660321 782058395
789086026 265516909
380740289 47124012
623450581 591392154
320893580 383033875
766309080 577657224
387069110 854066202
771440041 128379896
76711888 89872302
993435284 502732251
778715436 100720270
286925643 778645853
38132415 979301340
390712356 92786787
993646432 558293014
593383017 413678662
735673178 188083088
321751875 188239908
646261273 609096076
213141945 172151559
705187912 126985057
749855184 493578053
283084929 169285248
560134256 452889073
73898852 640008499
897201805 346100813
104985444 891988279
965224006 131732032
53257701 269703225
144885819 722363678
703524459 194352094
808431895 243343544
870652714 852223085
51997794 96042378
445290547 260444817
778987938 757676240
149297374 271877710
679203186 164592856
265035408 909847287
901913362 101671331
898368452 486482805
653941076 423868962
749391853 690985319
8781387 190961294
427820281 720455741
523741492 414236854
663719293 979970976
75172658 366315442
153209990 420950041
702470497 206964991
234418888 8622581
127916930 874697906
46318110 734351385
177766738 983758782
548795790 159731798
931221949 61028993
822766201 358916402
144902454 484149204
69708041 913077306
722032265 645632793
517765743 928331379
531950936 759941903
336600528 261741896
347356528 156930965
976140102 916528723
483545268 542240282
803841573 230275131
198914245 91184322
685804015 222295919
408967416 600131126
354017553 710495435
278453284 43213140
747702581 175726969
977520465 470431356
900395918 349682928
964500673 96564137
368275351 870074088
533921682 429023184
844501149 703638373
516659165 608643573
526777719 3352074
581269198 699383326
971438679 340480682
87251347 285544285
460855150 494402494
760701844 669113963
572295002 860983565
706872876 602545391
134318228 26633190
698771235 852057559
462316465 293226891
330742007 883594327
739330065 584688222
648435314 415484500
520082082 70368035
197633777 827015504
709790484 106630298
246071881 417804286
99057593 566877572
258748870 567373434
969126797 490829035
233375631 245916258
514883636 483251858
976276409 745133764
208072315 126971626
481023032 762571974
663357792 638031388
244755251 714980221
448354478 287419421
126562048 455123927
303887230 858267390
920023945 504357045
50197727 328890754
790970590 471771913
102837848 329488461
509277435 295292935
571696964 148978872
178828984 914760258
530371971 945393876
92968342 117397658
995185703 542718147
159425158 992842000
172313226 430919105
770649833 301425933
724662410 412542058
384957428 547063232
97128438 341846597
8856269 939796004
400268434 725882974
846438347 127598845
480269745 293987617
106971188 638334150
865254597 549553507
708084396 911711073
485722241 792023661
572693478 346534695
565501957 438021312
676114894 83120436
694243266 991298149
205976685 52125831
860853241 990190694
211066489 736902506
441623184 698788093
253073823 523411065
292278368 487754550
9307725 623810406
996733943 425333898
558581426 734787061
498351079 673388039
562135766 811446468
361649248 865414823
356889184 271262665
173200066 508649652
367121833 801935826
231583112 719362814
757268721 854260402
654488908 292641274
311136905 304851552
647744953 770147498
151656053 198252596
508241979 895182163
669970446 182176419
590300707 330098031
775830052 144148127
667893628 916001089
617481832 58074989
605788678 167447078
428233289 312234768
474167076 570423134
753423953 871618266
279219034 417235373
30633270 68365708
575292459 836963790
764062617 204305835
523506005 222931781
137420336 921563738
498610562 797350466
556226643 723048747
763236089 938428346
851843251 814165163
930813835 662686870
762935521 295082747
343666593 361183498
146808727 897351324
107574448 414342343
818650234 86271467
39165619 929414138
786174713 467479340
234589848 184770431
941209923 4613233
878774930 700613144
124416798 396951210
711757928 403833439
578566248 473887863
320462756 554183761
301382331 322245610
976373162 513594134
54266609 6707538
883865729 184077892
464247326 325942314
215640153 799362739
49566845 623729477
644850210 752915478
864001842 914812192
65578766 126401920
260006811 705731475
629192180 808475486
956753453 753905043
649740993 32511651
41088480 559930195
209540811 840678057
355066771 259572061
690237109 700793742
233435694 238916361
82581279 719703021
433055376 222005750
112622580 231867449
655380887 781881604
266264943 982660276
556153091 535587790
765396519 564528859
279032248 467168706
123143162 166256563
590203121 235043982
714600353 335195977
697647742 449622817
331990765 164688643
37659786 440837448
11095618 558606432
332934052 363087669
166652079 126500112
483440672 107034272
585423676 884783744
281676606 246529053
947621440 399439304
110660978 984260296
884293706 57627935
458676445 988212578
295138993 566948740
336113729 935051573
875195769 378827728
444201325 429660377
567391426 642014813
946779857 978734928
375614291 142793721
602948898 45276918
430612305 193861981
639636257 388245554
987498125 697259607
315439380 65244546
585231540 225542334
839324424 321534324
351542580 685329082
102287624 357940761
474253094 779459524
31220994 736952997
725194897 474752025
119819253 410353499
214362119 985496354
569256624 198956495
673619284 730648901
401146330 178762268
651174632 961431236
908802932 262325136
753708441 628340635
421845153 197519509
614039299 714815217
268192505 268902312
780982608 368646862
908729028 84433342
431821819 324517987
562990494 322554708
654338281 24933570
411092124 189101237
779448002 924404517
938048850 704318992
593389 919700246
854653142 290920108
799465119 962016608
416098987 224186980
603670120 604001722
444915759 634041358
246493771 464502253
878718309 824588273
387023256 792442091
538507366 802808976
494899894 893192012
21368955 423559991
103762486 988576614
284962078 614298936
850344483 306741530
348113707 610163015
691300120 243454322
641290578 610045448
506721318 818565468
199303528 177337848
554877572 56839037
687358079 852142288
933028928 656452526
644372198 97422454
926592440 138702000
592272635 315004333
354080086 512045334
71246167 139138079
691552557 244945706
203255710 194424632
416127050 721571234
37797811 349808814
85024212 848886891
778474464 586277966
849970073 247558217
835919315 737405591
311043796 52702045
272524684 614822996
466088234 957844606
389735030 573805598
599921744 642917192
995659703 415019317
279040263 840545313
893863251 736409099
188040014 60099070
944723365 264483097
300253394 333767698
912117908 956562516
866204727 766294328
203071590 272292002
746928107 272438008
49620043 835957543
482061172 870573280
4446613 534672911
319287742 983250242
952089404 108430249
758325468 145840543
828803835 921610644
286144567 20021506
892363351 782036215
689464765 876879709
818590861 124790756
759461135 524583419
463439053 373069881
774360953 830959132
634123601 306324299
497409227 885189226
350298518 185822924
307220745 927330108
502488491 994343729
24820689 205196075
752775250 54065583
376301490 588893142
52339294 10219761
797032916 889448713
446515539 975542126
692618688 757306616
581096129 261273930
887301768 632682606
417134141 975190559
961537967 569649397
650930426 980533017
850809752 508253991
897828047 788606365
601446913 570820941
746368 296198260
269804622 69432488
463801279 113554189
462409993 763687667
939774325 2544770
72628917 495190730
364972144 92944177
190118945 315202375
264178284 708149793
781490227 408547822
309457645 410841855
254843673 686286490
149957725 744888449
237007332 952823946
877834090 257374026
406120358 508199611
714591524 728858558
444870751 457930616
697928058 649785634
391540981 350427253
713445153 425862788
337965697 132236264
951030137 481124055
317338739 205022756
317146915 222394071
973971957 127032700
529230799 529165551
222414512 307778145
27723207 902675249
182760453 848773401
324635696 430399841
142709909 841445763
346791415 722903619
560868292 902718663
516516595 451888842
364014401 755632226
183339182 516777570
605095811 881086760
87527447 469644156
499133193 923389885
472292238 9553333
569318289 932942647
295494895 55491070
35987971 398667523
163316085 601263576
514962454 219932141
954387199 616628857
304318946 867202682
841949987 97790668
182957553 358577668
785220466 819134092
264808178 261876139
87876030 191574138
915803787 737179775
101133987 468679238
207208588 574154037
972789102 614863457
511797555 951038699
955277235 85291215
25608486 593434409
138217239 602053230
795256363 568173312
419854745 589408732
422655342 756278705
646229742 734917002
25646826 416258552
577130712 60930691
336591435 740420755
353073534 558765484
102051902 81697216
695478015 436218087
41334932 461937560
586160618 707931168
601111353 234495741
274807695 87068285
581526271 502158639
308158812 782405298
266743845 659260127
564091039 967009471
133827292 271419770
738829354 236325547
525005949 253193686
368302719 869869943
209913904 754205982
85879632 943287413
28795349 763442493
942105799 709829502
836880537 471992676
478117063 604295031
378774158 901281082
558340446 361655864
433741890 166919388
447835295 930964429
595365166 346356050
31946092 845346224
930618769 677152316
960369981 691122820
533854105 823897949
224720212 77569361
774809018 632417247
751314447 704922616
494723574 593574694
183172894 141862622
852949853 25085627
954019220 939455520
153023793 809072778
770792805 280094
416961533 471163302
307688197 11991300
732749842 251809105
558368036 759118512
441435528 745353309
284671331 708933730
350655759 40721600
100109177 213987267
44666967 624004382
815270855 874694349
348831334 433299947
560301909 84879270
918696144 718310111
219089643 508010473
30056264 697258047
943276424 714721128
93397616 247118932
888595388 864243712
327854611 539861335
518001889 466035857
78739978 761319013
702924015 596210167
671956250 273808239
278609218 80745994
462674539 632543862
723961911 896190196
631374599 301184749
573058438 426764217
507467967 598607504
347689627 8877873
462767787 524888966
821302753 306679528
284561224 118645386
850475468 367318294
144535593 119228364
38156650 110415261
487421333 403203381
604492019 601661447
247908520 239943555
155437466 804384358
727026105 895929318
380180313 532196650
548115470 268069777
745935589 511977257
639190942 22818370
543432281 717278321
833652355 69020196
735730846 500441449
343053681 574320397
893506617 41273177
709551749 737819777
630359700 803785075
20485309 562612119
898668253 637011626
122404280 418800818
902394577 362384350
807164787 461102997
548736764 852313354
718374392 152006923
740518708 652944378
853981392 999255095
146268494 683376288
778115578 51293356
122409808 749843447
294462973 276069250
796986645 741849847
117354315 389961305
798178598 581843757
894534228 238523069
493088055 972259621
35857294 401086776
767158539 84628576
220096784 33210766
926014005 673129616
719891326 788242724
343527907 539223195
800125269 310234514
23233427 133524141
259035080 551990264
416087699 699712054
96413692 313336907
821836833 636022992
85249724 613489307
800259352 661270344
42200737 602277101
924902922 300496741
193991690 163047303
843236115 787066186
93553200 42625963
228840768 860735398
716969749 436386815
601315716 891217996
393898953 707620782
453637726 871186371
57879889 77591161
845074297 763147275
676540054 336805594
546340654 840250581
609548369 241461924
331991162 763008558
802231140 845807615
361486836 453974540
948494538 480175312
358260318 489942817
854714136 953829385
864130061 32229588
53943367 432186598
182437209 422864868
444932781 725192924
354896980 751802513
683299614 603003121
921297722 811611006
846413484 381050927
578113061 496976078
796362581 248354088
794268960 259310134
477594570 595425281
913120640 46543581
531002761 317813210
116672156 856618549
235290173 142855536
767356883 255303335
236980075 137142026
607351023 573507411
456520051 60877601
978508310 503128574
730878791 266819575
732529394 325354745
935122527 743275978
532802034 756212325
308874948 367268467
196515489 812029582
46926960 315311203
720767078 553240892
199774622 58982448
311215434 108488239
62500171 47315747
272115014 300174016
196256028 183040362
214308469 727031190
815844267 968963880
49836138 377943508
641654411 107544386
