937
851479665 407163909
502975493 372153329
738027003 161094867
733449990 186896479
452513342 106399555
707963642 890922675
680137208 146066904
563871238 177046682
205386889 648191531
549654894 619506076
803513499 716320676
450785718 975129650
791862502 138584742
737089118 633471694
330612043 726122862
367542760 68541397
415574131 745526098
28106168 585782360
680265274 83095900
606933697 960614080
392464896 416910247
452537840 7210342
496283761 421718369
337626071 126166479
242302394 546986298
124486281 184013075
143845011 357699689
114737215 528745880
639878126 803388271
72357755 333864084
719356817 8273483
875142933 661018743
1425707 383941451
205695985 696674912
834950053 908361133
604908122 108827182
904941828 631684288
623738426 625328120
195897237 560282524
246965006 488122855
338457856 829716123
195750601 703553895
600642727 632560462
672671864 661453554
32351835 836224086
689635444 539715887
899968661 857143289
424274071 429378464
469592616 915892724
91142191 664706237
624249306 722870430
935961397 447217644
222164777 852847612
101586747 615002965
201812138 193856667
717084069 6030996
786430960 940865805
677542310 853099514
502732531 383557601
337543984 899928140
688769588 3555380
603471777 712671082
601050062 134085705
194017524 723731172
71471480 730478678
102629848 998708904
540121412 889938363
930575498 191233797
335565296 214343407
259713415 233732832
917277974 9150368
61296025 322795333
360044124 294710804
246026329 629694229
694556736 425795378
237425104 200148455
857786010 421783395
590990605 165993866
893680097 933941430
160795068 174603646
729656912 761370506
805402986 407366641
15988027 77600008
152736013 851147236
32916203 592949163
868330200 390282918
50622587 6539309
715306919 458027704
489661104 427643807
862210800 665728183
384870842 607837314
27202218 234707248
757386348 763339059
734457644 589399208
845083780 933825782
972399109 793318748
92414614 110842508
897491310 993250033
793186617 891411345
14879462 512216995
729201339 59140991
521304589 535355324
37278545 128304080
122878605 922863534
82275589 278172141
652646784 372973576
250682049 236628533
152483627 325505015
569269139 126066805
998903450 662394305
243193550 740765802
802812900 251712860
224538198 222096903
998238463 40121725
338455984 712282705
610329778 544660446
521624258 612112020
925237969 321230145
885748489 815708710
717347158 264870044
72134242 726136657
146192502 815298016
699112487 629416523
19663618 883087437
904392049 995181662
480002060 684582220
864901788 20334383
586363995 197934241
742360888 28712617
251548236 330994669
520192869 136346243
853394495 490523210
447910618 530653154
168447663 457106873
517824936 957533060
596392893 938756500
454104554 679840034
85583782 313832527
327231875 313187235
164919154 263603670
91856059 756287819
615474531 831733161
715414776 883317531
976908785 865639537
630829240 272484482
868582901 859530178
619221853 676144593
32980512 248572915
401921650 409178061
138983600 486621554
537573450 537471736
663754966 580434279
660068452 370596795
23944277 312920616
251257012 755408071
614341475 637990286
636826373 16729290
793206403 400122573
480993422 486695359
546937846 997195668
304498639 484029728
234509394 684440480
792584767 493238191
346253050 594610798
823642528 44273231
859259924 861358027
912107861 721030121
215100116 674841484
15661997 976888620
819443274 609361114
23629044 702456714
681547301 875242106
788481049 156177915
952759658 524024165
715014358 472985456
129573362 892929146
766367753 568305749
480206524 688249561
82904309 696746916
97541685 728400040
193828468 63165702
63692618 240467988
234202859 180368846
583044016 997000859
376117022 553225059
723018574 391485448
717045031 87468543
439908961 241670795
821713905 305145841
19605775 981146333
136650799 245995931
575613331 266954134
511478858 726161666
522611451 696311550
244405957 755567268
430881490 898832803
228698045 780927810
906111365 20867515
692262037 626793016
147805558 988783963
23975199 98438508
830090580 595454922
145633544 999441891
350297821 214160961
970788702 564057616
138145255 136085082
110960540 803939799
461609040 337872934
200976692 693857586
416535287 765392307
286515046 886534921
837878270 733601692
929310192 740239546
588440629 570023639
763656879 202780119
846548584 529371586
32143920 600801359
653149335 889359172
112646567 217828511
534011620 566663189
602132061 867380674
381290509 743443506
588147492 273019465
770343017 20358331
217446000 540668560
691228706 361578038
95578 561623270
551019590 369097216
611849247 521662404
7555593 940604712
958284999 894634820
818714447 832327570
873434489 846254199
504041433 401181705
420043242 163543741
646021662 378236622
567574377 692668622
650527087 879141374
100202698 345808839
793256588 59342879
317457081 812992717
549514117 497667911
209845255 48323155
852429228 904122289
176857693 691328243
123559700 172463993
291586272 208431474
337569706 221985233
650783784 216965091
727424342 178315843
851907800 477048860
813398455 728254268
295343007 489562147
315076138 441396342
280009193 232597482
37126494 675523277
842113756 15965510
344763798 46492789
990532044 193554999
70555662 215247757
454774218 772404301
767163963 475525420
907392486 907840800
826805933 418533929
932872038 899314825
176760118 803608416
209654030 626916021
921665762 172414591
469000126 567837829
237023995 496789101
630399869 407532100
936006748 100104941
13373989 278255310
217339608 360601856
187270771 402773672
157045110 648928853
340129065 668927512
301963487 73763949
880601035 553479205
367315969 724094122
936305176 832876297
287794465 832613518
654133178 126932960
19293889 891289423
753242184 664864164
16913910 910083268
734324649 178091756
942639699 463648237
336332504 677899294
718958335 629256454
244180963 82560436
842516552 476627775
308847128 157426028
992540751 233947098
320485236 960102660
575851162 200599208
358251258 151958924
254792456 502511377
585446161 205089375
115626554 731379957
147269394 895451976
101390734 686859644
333808743 843731159
872561679 417668558
551428368 711170218
930371974 634828552
230255197 350740607
442521502 235811817
944816543 556438507
107358631 379037149
318337026 922856558
633680429 279195056
530540580 905938560
909632265 625778408
533044021 772455811
243505532 368855841
903720508 9957796
232456019 206637836
4748575 544803486
475183250 26029476
532967761 590602501
269019575 296550422
644830708 747583306
252845501 946345379
375464131 26501453
787215158 366367644
904927514 452480904
649192809 85911328
999705741 85205498
77713405 782335018
966733796 280716861
650037620 420162646
336709442 332779182
594115931 612838444
850455134 445819523
857183223 495455626
926916793 856805398
118959170 6846621
315650051 987736567
19286816 233887446
31585708 101852345
763915677 854912338
578117830 902357445
563272702 442383799
539276023 398720015
70515310 541037486
247004234 932560779
125671085 869336912
111634182 75716508
235877732 64449909
776526498 710363008
498286132 369429223
128906968 137990160
663162123 684119215
246353768 801535571
161286344 864649184
130274541 288865682
399259185 465982236
431436428 876445211
652987872 106906108
826875112 187771029
724347027 141159242
137888410 274580188
378393476 406208137
96187216 312106479
366093613 360030018
965886713 302057623
254993944 448951269
236224361 532010395
716341441 192900760
685280034 814161527
541306376 122017014
384526647 840941858
825119173 872179485
842203239 784864405
31050565 729162508
56308350 377732564
347268492 237535098
858656976 959139001
676704059 514469929
420974894 169919365
139195502 662151059
813037754 331482590
588830911 91352348
893550910 941488573
17728866 634260842
2369422 325475989
867829342 180463903
297332021 364939881
643797808 72419715
167034328 701679390
629677915 262299638
805374710 813808505
296520735 321064059
95873803 449699284
485986246 59949368
209435309 33131721
159508728 200339166
253455396 290882726
795341098 71128198
129626843 358086121
756637869 53585702
626072272 108779173
869057981 77169581
971213457 77151790
334790347 984545978
635407043 328263705
405471903 580599267
176445760 797140759
117430824 952509247
749887959 643059849
330838539 740484429
462724042 419958152
654939912 239738290
607411779 140939384
919143149 185197188
833987224 795830544
37024717 448327947
944417135 76912652
560844830 532108092
867849005 276962357
480585076 850710532
372093374 160644487
812984446 341726338
386775686 286735734
597651870 849877118
954257182 702961476
902119079 170195877
262022221 304667989
467741491 851988325
889651852 857583530
163963897 979707620
813846841 61976237
941143824 813716034
539151098 612319245
459652331 914271790
433362179 932072186
848485341 603590210
376542939 739092031
538916217 501759681
274032104 450273461
547470520 43174555
84417421 60021388
287529515 681813029
822804119 662394953
810560274 87481467
570160391 654467859
921041858 584835645
892624415 919038861
490880534 690082655
85537333 291663525
820993089 114622649
290986290 64975795
456680112 667741799
204088337 750620751
843830198 295214616
188549640 453086080
823983692 392799131
812473419 88217249
992562207 74914740
493299140 129804245
44788058 727839113
172872645 235080997
511786851 254777392
911749660 9271354
281135676 780729751
664331200 602405868
899515722 592676074
439956519 796988706
580212345 885443196
401952593 422404350
145968377 928375218
210177665 935577079
773415365 813526704
719015030 443116262
64263033 562243942
412614031 685941430
527460571 831249826
4156244 158711021
478863282 521338059
841921190 77132150
197991381 845511129
752233815 422766638
924750653 253576371
688291114 86508863
920365577 84830716
521540316 995818927
219811431 220761000
588202325 364795214
590142887 273548965
368450282 740463494
68099755 129163324
657638146 559287219
596585334 472550138
973293297 146603202
216064060 141535840
845779512 200503521
373360527 908450115
154194708 897704462
209397640 764295351
86429142 230746599
717893181 16586794
636450866 225532711
233618119 576028568
636342134 116455969
775876962 916719637
93645042 978018952
774675721 358334768
461092211 503738708
926755113 3110487
231497529 333835204
510467988 521003395
780954476 281497961
720022364 733485759
978378217 180966037
612571449 604397251
284840092 55675548
996939010 744596756
68982277 957922232
672486303 445448094
102232467 554473176
443562166 479759659
292080606 645115831
565851243 283491933
978385422 611749386
230516455 556237503
887753956 758657842
148528255 948552310
470032026 710297329
939827617 744503849
756249573 415886988
533673512 153354211
654549649 311646195
83567611 252460287
259236381 27685526
874913240 908897692
154555636 15958805
782320398 591004560
128495925 931286682
631305568 668093915
282890605 802104151
10764956 332782756
213936284 984088799
518092014 839951693
510484536 108498145
541214363 301833717
320957170 974426370
36138281 119278935
29501873 848062248
717281041 109821836
564248506 824573475
204191591 710876600
885457072 830107628
64530398 5043061
189928215 193303621
21927697 461319839
895112975 964300049
508087746 986693371
116658046 585828085
95621411 330736460
123619450 731042935
180359483 453917370
69803213 307094070
109649720 643197024
196026434 915052969
296118526 262835370
393462977 780791125
614529907 430345747
180441186 333504817
113750362 702011446
252306261 420719108
122345923 128136095
107034659 675605172
556468629 406033848
545212445 451025276
348989592 301720888
211818923 945983899
926524169 648549826
287621387 824881956
578404143 492875925
592131639 43855723
349158255 289454512
44727378 285312250
660073394 332848999
505771051 598393779
326745977 406077663
114909839 263888220
726041797 280562634
217599770 534268937
459317011 669923064
609662100 63549209
658245038 204184715
866502413 162160513
945733988 171775395
95752993 344915980
336225718 706141267
652140044 473419711
406667284 542607457
993793981 72352546
61217763 556717051
306582593 716140779
118582591 662659721
453990887 158791137
662658673 31134414
66193554 614685335
287096996 32192458
126937534 764003789
755213002 229821924
275298408 274004926
580694555 34307742
195303502 454916453
857336240 588667316
42995469 600306183
331957340 751042194
867801377 286678537
704205945 130862892
60080675 652166949
383774924 692941908
343815296 938906290
963499883 667498984
57098974 49038390
815521108 375732132
922241107 784097879
517246344 416950985
80634242 97411178
14656881 214980110
861030569 835678973
241397959 437313106
52049023 888029207
576295870 158879398
478068350 786961234
958858219 160945037
608681207 900257724
887097478 585583299
783211688 385791573
81062419 622817974
210931556 385928665
841069218 71865967
679109991 420888107
697344745 435521160
451633879 210613432
640423360 318106289
372683371 562625846
233674801 941692764
40631782 903587377
164739301 956342505
400916127 717932313
941472964 160329261
473679393 160231728
684800117 29415388
416404252 801940512
898932395 28034368
822826909 529583242
134845082 213200897
99494137 546591263
709011357 632216582
405520483 993959429
115741151 669811926
211206969 667438528
952499269 978852509
144970838 650829019
659160469 521135837
619270928 125767627
794883889 556808462
353401674 374415630
303691296 477658452
314523233 962241718
856120507 796265825
790329030 713755526
631606027 787442193
468061581 381912031
429101780 481833068
233958907 466097170
946643000 899116323
997826330 286130577
114292121 101693431
62250536 426477676
175797257 411510910
566370813 237492599
74891444 510918156
10893917 565040790
98440676 713067707
652228384 834634716
60221338 907855337
706629955 546261346
618281900 79280117
351596598 259383002
707989544 377092797
765867274 136084621
145737315 793933977
671155268 478545068
401237972 18910334
157682371 731978693
443109141 945787325
379239690 150131680
938083635 870647622
761350104 271506004
828996787 26183892
813545562 569860106
339656648 389088902
826060185 897698221
434599487 818768896
770743612 564276009
516816226 473708900
594760632 388098094
621458561 521913682
841394511 630705957
767518230 293148325
152649779 165352300
744015609 466928442
422677347 94900464
137189666 603959587
688165864 95008850
534195665 505790841
68689971 58538938
562143757 965825269
337734585 902681471
917933238 998258639
9679901 588263574
217524503 984554241
945541662 438034675
234129083 427384346
341116698 664849137
369328198 811432867
859076567 507639307
613197278 136786629
873208147 121384215
92534646 892669987
206306054 675922276
138621722 68572860
857862398 797749706
647893018 542684573
857322988 869102963
172437298 989010697
792347176 279549513
812864995 189025794
946300583 511877421
460895123 953985177
201308099 869443333
325377661 704079929
344410280 492493542
474601074 388570816
110851845 671732949
220891639 936426517
308060845 773513160
262636664 390125551
988759400 829717236
994517477 332796862
755172711 82114788
893545718 838461330
157136534 140386559
190524740 495512333
215419901 472628051
135017752 649615791
533348396 136387253
666282207 643218750
325532997 141868871
46965465 123841716
762009849 473598897
328720975 291090784
905616273 554741224
517563601 478128628
164690111 331343987
55871104 504226513
759714970 836920725
867787016 181261436
832572190 24106540
124672044 760992117
945645131 649774568
885970579 444185587
279611348 982227061
594548738 512368954
871369881 983785609
292446615 533549592
34477297 995952593
833224352 755539496
805627789 745866621
619913817 4932345
148580541 580056059
382689792 443423583
971105729 674449361
511942011 583617015
231926093 967292713
592818054 994743436
926369503 32994014
5303557 681913787
134308091 533240991
832225839 997385534
21889682 48311797
153150781 566087348
344038388 214603800
971467956 540991960
659444544 731905722
17070271 918438300
334357207 487416460
206987365 982844110
295781500 425575585
28679907 794550244
891893081 222009849
820637493 766836422
774336629 747319679
883386052 541693496
820922743 926861365
129457832 252906421
412672907 876174715
29982314 494660861
1400679 778177876
7514018 427699164
180156957 454408398
161529132 732646337
553507465 649371891
449771672 912859952
637601435 917478741
297405985 834161377
636543212 706249593
628289572 295983387
130556619 863750763
84389255 917697277
34430872 963589148
180569453 208989410
562824527 650451850
903412710 102623402
329007386 978030702
205257077 81779972
69921427 986999850
791921411 262815723
539566169 671522625
510856515 221913984
259569684 188968183
798233198 777106745
167507822 670245608
883874511 112546123
100916077 483291250
76888034 701390437
581587472 305065415
7770805 931184123
951487982 32362409
640027707 817051368
230548364 962262692
890702750 664511593
392890641 773894587
577475267 498055149
979773626 814848096
633779219 7668635
700469522 207753850
717197188 98195595
408870377 180316241
648542939 912070901
959435918 147406581
144751903 709448519
434818971 41327991
687429406 159088880
214761568 198388952
28057954 692952105
241259442 919717088
625740427 916305186
152391620 530469338
609520997 838460774
877651589 294907292
20024168 84105898
824021561 90676475
453526468 354112990
130385464 288083601
841450491 231845355
823583338 719510852
391974217 639705491
165374792 954189003
177191022 530087277
959242260 358062003
92757971 555626376
19728286 603647437
450226195 131087934
370948225 501208898
290103943 474274603
959552851 258692083
961204766 855394989
832721229 947840497
975839043 106269267
17910420 410882636
971456157 80801904
548206431 306159724
571285430 524111785
80106885 117440618
610006999 795475093
294173416 676309804
138602201 411669423
166636203 864047249
288634511 132487634
465885234 867650383
425098111 75915685
456604941 973437560
659695453 876378126
479753643 401934317
12909968 55996980
36798089 693025503
428176508 431671238
640991432 582793687
107999813 979668136
379911011 348063102
256542442 311939744
618255855 943790984
710798741 836599711
268047996 423496770
947390291 689295476
457058042 570332691
500769546 208242306
456266388 9727954
488778063 650194933
746706440 94071101
102626342 671363852
787547020 312487706
139605245 533143646
954589469 278806175
921579965 635297252
960597337 244403154
719917351 192006742
67655943 124873275
196760142 504789469
670274736 268051986
312894570 152870623
147303878 94086946
202865763 162394282
180154160 318485886
331616120 254694652
167731 708838749
522277687 4612763
55964137 83932759
182834266 332413682
27882685 240486720
469061018 746561312
399717476 751868276
72365666 914629697
330135743 600285665
851591478 612389729
914973644 570071354
922222192 857575312
479260195 314935062
