14
850550859 293008209 864375743 644917142 746848963 828638569 765617847 871913815 908322397 912533951 521958067 440168462 107638782 354014709 
823053682 427716910 169835505 854518 657460249 773552659 63722647 89815973 385662404 683889278 807611316 154087954 142857142 48463393 
346140934 18555253 978423413 647633289 53651539 914151432 637470625 431714835 21057771 242591631 391949217 654011658 781884212 22827845 
826044495 138431958 634266182 550401318 983489486 463423566 214789269 300698873 782158879 342539750 480605487 608020264 102511673 984435560 
755821405 150883510 456404309 711630603 998748741 775505844 641651661 621204260 946104312 688161870 289803765 567155980 290383617 548234504 
712363048 246436964 546678060 492629779 952055421 669820245 765160069 623371074 445753349 798760948 745536667 988921781 204626606 629474776 
909817804 591296121 918393505 505539109 489394817 449720755 889339884 940397350 182927945 251960814 203009125 730491042 941129795 625080111 
41352580 641346476 34516434 556352427 544480727 446333201 61372722 996032593 127750480 600909451 50355540 172795800 660237434 332438123 
315958128 653584398 410534989 427503280 221625415 678518021 166447950 497543259 507644886 802728354 435071871 4516739 339487899 375896481 
128574480 827326273 733298745 891140476 643330179 650593585 514481032 733970152 737174596 957090975 465834528 363261818 112186040 904660176 
821222571 454786828 108676412 869441816 761375774 39124729 416669209 936124759 67751091 164860988 211279641 116916409 591113010 118350779 
618274483 580095828 690298165 731559190 915646839 669728690 298501541 808862575 378185369 997497482 772515030 204412976 170567949 388256477 
181218909 580980864 195623645 960142826 190252388 381725516 303994872 120822779 198156682 46235541 771172215 761040070 881038850 1770073 
448622089 426374095 801538132 461348307 494857631 749382000 238502151 559404278 92745750 922025208 893826105 857020783 59633167 490890224 
