13
1251258 563585314 193304239 808740501 585009308 479873043 350291451 895962401 822840052 746604815 174108096 858943449 710501419 
513534958 303994872 14984588 91402935 364452040 147312845 165898617 988525040 445692312 119083223 4669331 8911404 377880184 
531662953 571184423 601763969 607165746 166234321 663045136 450788903 352122562 57039094 607684560 783318582 802606280 519882808 
301950132 875972777 726676229 955900753 925717947 539353617 142338328 462080751 235328226 862239448 209601123 779656361 843653675 
996795556 999694814 611499374 392437513 266212958 297280800 840144047 23743400 375865962 92623676 677205725 56215094 8789330 
918790246 275887325 272896511 587908566 691183202 837611011 726493118 484939115 205359050 743736075 468459120 457960753 949156163 
744438001 108279671 599047822 385235145 735007782 608966338 572405163 361339152 151554918 225104525 425153355 802880947 517105624 
989989928 751548814 345561082 168980986 657307657 491897335 63539536 699758903 504806665 147495956 949583422 141575365 905117954 
692892239 303048799 426557206 70375682 966612750 683187353 153233436 877254554 821680349 582049012 191351054 177892391 817194128 
475264748 155552842 503921628 732016968 405590990 279580065 568742942 682241279 755851924 721915341 475295266 123020111 367809076 
834681234 35096285 517014069 662984099 426221503 104678487 949339274 921384319 549546800 345988341 471724600 374980925 846980193 
316873683 456099124 271889400 982970671 297799615 739188818 567278054 195989867 761314737 839442121 397656178 500900296 890163884 
27466658 994628742 572588274 50508133 531327249 194067201 843043305 626758629 657612842 197851496 842158268 123325296 109927671 
