14
743125705 314065981 941068758 286080507 336313974 140263069 733085116 834620197 707998901 600238044 747215186 252723776 144474623 1617481 
61006500 806237983 852626117 210577715 115604113 553209021 14252143 113773003 454512161 752220221 686147648 543443098 73885311 436719870 
201940977 696218756 290353099 436689352 232428968 577867976 532578508 628681295 160191656 504135258 963042085 695760979 924802392 189947202 
335947752 178350169 995178075 457441938 998016296 97506637 625171666 94393749 437726981 931516464 48432874 894619586 290017395 227301858 
769066438 410718100 201971495 628070925 604144413 451612903 466353343 597827082 634723960 854792931 828791161 624774925 720908230 565752128 
375133518 184270760 737907040 555131687 905087435 242866298 188940092 604724265 698507644 584612567 351298562 494460890 80385753 740745262 
612048707 620380260 691122165 804528946 149113437 576036866 867732779 911557359 614703817 727683339 43214209 667775505 976531266 315012054 
569200720 305825983 173924985 108554338 869045075 851222266 744315927 154881435 326914273 79348124 76601458 640980254 820001831 545091097 
448255867 408978545 298745689 465559862 501205481 152653584 323038422 737998596 313882869 826685384 959074678 873348185 725028229 300057985 
943998535 127231666 65736869 784966582 524582659 609637745 956114383 72267830 875637073 653859065 322122867 104800561 505050813 227088229 
290292062 919980468 551164281 662800988 114535966 492538224 379131443 496810815 793359172 509262367 382366405 688161870 532151249 606280709 
395184179 5890072 707876827 100619525 623065889 863246559 491500595 747337260 496902371 380108035 785363322 552812280 357097079 955717642 
630848109 176580095 374248481 131626331 743278298 951719718 611987670 27832880 329844050 55909909 639210180 131626331 847071749 864314706 
596881008 721640675 853968932 14679403 126468703 707907345 617145298 217566454 65950498 168919949 624103518 340983306 319406720 367564928 
