14
661000396 802392651 806878872 526535843 611102633 798181096 900601214 144810327 630176702 402417065 253700369 136539811 855189672 66164128 
427808465 573351237 302285836 548051393 225562303 311349833 110629596 808038575 134708700 284249397 788109988 895229956 789635914 743797112 
615222632 361125522 856654560 228492080 863582262 229438154 249549851 542405468 984832300 53804132 81423383 524674214 426801355 94668416 
258796960 891537217 232764671 146549882 125095370 931638538 80111087 47090060 58717612 336405529 914700766 398602252 432782982 946165349 
837183751 534226508 842097231 693533127 397686696 259163182 4333628 525589770 954802087 398693807 241096224 585558641 255134739 684011352 
945280312 435499130 890224921 7171849 940977202 601550340 786156804 576677755 142429883 222327341 383007293 4272591 417920468 82247383 
659932248 855098117 64851832 811059907 662068544 691488387 802697836 530137028 685628833 142765587 689504684 727896969 777733695 31067842 
868678853 644520401 706564531 85451826 551988280 947904904 58778649 274971770 145176549 981780449 619983520 292245246 922482985 367534409 
694540238 218634601 155919064 240546891 521439252 902279732 106418042 902645954 441724906 80111087 782097842 171788689 974394970 775872066 
870387890 210638752 456617938 3753776 750633259 114047669 404705954 311136204 992614520 38575395 252082888 189275795 247688222 153508102 
620319223 885372478 939085055 195654164 779656361 645558030 656758323 909146397 455458235 921292764 664174321 150761436 636341441 569536423 
422040467 943021942 540574358 578569902 536454359 255287331 396954252 350260933 36622211 795251319 196508682 70284127 389416180 590746787 
70925016 197668385 155888546 644337290 454329050 604297006 697347941 441297647 684469130 396526993 835718863 592211676 199591051 949461348 
876003295 391705069 987456892 185308389 895718253 574449903 442060609 627338480 708517715 49623096 285561693 260200811 407635731 895321512 
