14
710196234 728446302 896053956 393566698 397412030 903866695 308603167 388103885 570574053 353556932 733695486 745353556 736381115 739432966 
139316995 200170903 272591326 680440687 911130100 367839594 517654957 109378337 907437360 203070162 517960142 654835657 438520462 687643055 
90426343 79561754 75777459 27802362 355082857 307229834 697286904 142674031 394848475 67842646 675740836 724936674 198706015 694021423 
615710928 654896694 543992431 98300119 545365764 49623096 974578081 464033936 969969786 727866451 530961027 679921872 692800683 372112186 
388622699 49958800 809778130 169560838 60823389 310556352 784478286 212469862 321909237 484664448 9155552 439863277 507858516 605945005 
758537553 401074251 349803155 842646565 942320017 623310037 997283852 53468428 562852870 863551744 386761070 306405835 284218878 26703695 
612567522 391186254 18616290 31037324 455702383 857936338 936765648 401898251 727286599 611590929 808374279 875423444 582598345 595019379 
79012421 793176061 462202826 590624713 589434492 569200720 816064943 672750022 343577379 10223700 267311624 341563158 232093264 771019623 
371745963 869869075 116855372 725577562 628925443 893948179 183019501 535569322 902005066 780083620 965208899 197363200 901547288 797418134 
953398236 848811304 890346995 628711813 185460982 616931669 264992217 250648518 732200079 788109988 170934171 713888973 480941190 81484420 
806543168 855342265 124637592 307473982 573320719 472975859 762047181 191869869 727774895 995025482 15350810 647633289 691640980 174138615 
72115237 274971770 676625873 838923306 556657612 371227149 779503769 232520523 638233588 231666005 204596087 971037934 281746879 22888882 
769219031 151829584 46967986 9247108 348582415 643879512 343241676 414563432 416516617 90670491 545182653 699270607 337992492 657521286 
876247444 535477767 570024719 53987243 465773491 259987182 426801355 863338114 486587115 87435529 565813165 709402752 778466139 864223151 
