189
1 52 101 117 125 160 245 380 716 766 856 894 1147 1262 1266 1275 1400 1463 1759 1836 2030 2068 2088 2117 2165 2409 2469 2563 2857 2904 2942 3007 3146 3365 3377 3606 3709 3930 3953 3999 4215 4224 4543 4594 4776 4794 5010 5244 5246 5330 5438 5492 5599 5757 5833 5905 5954 5971 5989 6043 6066 6449 6466 6521 6533 6542 6571 6600 6756 6774 6964 7033 7084 7169 7370 7383 7495 7608 8256 8316 8399 8432 8636 8659 8728 8799 8849 9044 9144 9179 9330 9370 9449 9514 9523 9758 9793 9958 9991 10018 10167 10171 10523 10619 10643 10768 10810 10900 10901 10931 11210 11217 11312 11424 11431 11796 12022 12074 12125 12165 12251 12296 12396 12520 12769 12803 12813 12862 12920 12949 12998 13406 13489 13543 13596 13978 14172 14208 14233 14302 14528 14568 14623 14827 14878 15034 15054 15063 15080 15081 15087 15096 15120 15263 15356 15366 15404 15555 15669 15703 16065 16360 16427 16491 16518 16633 16672 16847 16953 17065 17189 17199 17223 17250 17777 17936 18665 18889 19068 19127 19248 19601 19651 19690 19729 19737 19914 19919 19930
302
13965
14995
3604
2447
9444
712
16685
11430
17100
9124
18166
3099
15153
10623
1512
13501
18349
13908
14315
5728
13526
14354
10765
6181
19798
1993
2489
16439
17845
10310
502
1053
8827
3809
255
3439
13762
4363
13019
11837
10918
6869
14023
11400
4578
9438
3065
7507
3114
4146
10761
16514
1580
15918
18654
10854
2957
12992
9878
15814
17353
9130
6236
19948
714
18325
4970
15680
7599
4930
18178
11670
17066
7511
14462
16667
2432
18968
9200
15287
7884
9825
12057
15293
18780
16825
11270
19096
12142
2493
13624
13496
5045
8306
10727
10290
2841
6728
12470
10447
10653
5624
1362
6737
576
6649
3798
17548
4202
17739
8686
9775
10092
6457
363
9942
13873
11465
2892
1605
19738
15956
19182
1340
8274
9419
4958
10690
9609
6809
18821
15075
3818
9275
1306
3728
4061
16297
5221
19752
818
3803
18305
13935
6905
4403
12590
3705
19263
19802
304
14523
8265
12021
17804
18357
17488
256
16209
4040
9236
10474
4679
2592
12970
8128
3725
11947
4266
13498
2751
17494
19940
6195
16340
16430
13104
15503
11787
19208
11863
14318
8620
12278
10552
10249
6601
8335
4827
19265
17021
7572
18281
4624
7576
16202
7631
424
10491
14971
4350
3100
19196
1403
3768
19690
12086
17910
17660
12943
8358
18434
6546
19387
5669
8401
7334
15192
15630
8175
5963
9013
18246
8997
5103
13231
11510
12276
1774
13435
10347
3348
19186
4103
3940
11848
17116
1678
11178
18855
9394
5939
10031
7240
17034
9082
1955
3177
14780
2552
3377
16116
3552
6103
6607
14709
4291
2106
338
1911
13379
17853
9823
11874
8327
18341
7150
3719
10126
4989
1895
13788
11160
12408
11616
7208
10267
15186
8451
17321
9288
12922
3302
17630
9495
6149
7987
19739
19999
10349
4328
12551
6479
14763
5633
2354
5359
1004
13343
3924
5163
16430
11972
13160
13951
13715
8606
10465
664
13141
10292
15237
3871
6797
12543
14398
6202
3948
4565
18527
1774
6144
1334
2654
5449
12973
12491
8147
5352
584
17255
16391
18048
16111
9418
13242
11951
12802
12781
4622
4999
9144
9912
5403
13011
10345
167
16758
10494
6856
16135
14511
5926
17845
1647
550
13976
17832
15296
6103
1330
19549
19120
7571
12273
12493
9610
15683
548
10242
15273
17897
18612
18851
3208
6678
18686
10597
5703
17987
5032
13987
4954
1789
3716
14501
16375
2159
10654
17294
13373
14506
2913
6002
16957
10225
8406
12515
910
7904
787
8848
18114
1612
3387
7341
17123
2513
4495
833
10048
16784
16043
10216
17815
2898
14627
5439
18220
16050
4528
11605
7965
3379
2815
10552
9333
6103
7800
6171
15606
10619
1954
4395
4048
12986
16162
3648
50
14800
17962
16075
11398
12003
2983
2902
14538
11663
14366
18953
1389
19873
10576
9138
3737
3294
3982
1781
13865
18106
6323
17035
17293
16681
11478
5209
3979
7762
12827
15047
7988
19376
299
8765
7107
15613
7518
8208
14547
4270
857
16013
18297
7554
18583
18968
11126
4430
8558
452
18342
8208
19633
10675
2206
18883
14046
16637
3184
9588
3228
16191
12762
12090
4393
8753
10693
2860
7004
12422
10108
6443
9726
1381
18703
1711
1408
8532
17622
4594
11100
13736
3521
16600
17333
7274
13616
11056
16102
18040
15475
14312
8563
11665
896
16677
12635
15956
1318
6926
11507
4052
3246
3221
14276
7474
7519
4096
4335
8481
18821
2633
1764
15022
2182
9591
17490
17565
15209
3256
1888
10090
11969
10612
14159
9979
9591
6525
18124
19517
1831
17954
5995
5855
11961
18625
19374
19315
15102
19783
13912
9809
4789
15564
8540
4762
11701
5273
8989
19003
6977
6461
16726
2784
16697
15860
18560
12948
9957
10603
13996
992
4700
14624
918
10548
4812
6743
7887
13589
5463
14430
2324
8348
9727
5480
16084
19404
19367
9666
7875
4724
2623
16090
15427
2765
2395
16862
12453
11598
12027
7799
4660
13076
6289
14895
18157
8387
10541
5255
16156
2035
11671
18744
6789
3290
1108
1951
2804
10943
14437
9771
15068
5038
13326
10506
11620
18972
14810
13193
15082
16407
5352
13336
18395
12446
15717
9110
19073
10963
16243
15359
10219
9898
14417
6577
15084
8881
12688
1011
3349
8589
5703
10529
7875
17429
14759
7130
11606
8629
813
19289
873
3460
2383
11688
17621
3900
4501
14241
17842
11562
15683
826
14720
10585
1581
17726
8286
7092
15776
900
10717
4222
17978
3746
228
15684
7720
14506
2286
35
14516
3385
17487
18261
19270
271
5960
9485
389
18674
408
18520
2432
10993
4703
8134
884
6929
19068
12006
14639
9151
9201
15738
10892
6945
14445
11301
572
18888
274
1920
14836
6242
6675
14892
3034
4331
4728
13783
11831
8614
16011
898
12256
17738
7805
13501
11596
2124
920
2859
10560
777
95
18933
7290
2771
5853
6575
16728
10318
3609
8416
16293
13637
16231
13270
14262
14298
18945
604
15241
6830
13004
18800
11612
15907
5761
905
769
3821
2817
18519
9174
6540
3532
4717
6509
13561
3644
7165
16541
17246
17031
18739
7323
17737
2349
6994
8566
2703
18414
18201
10012
12211
2666
7409
9146
2018
18460
11741
10846
13919
16962
18835
5214
12491
1304
8477
12116
6980
6487
2897
4539
3511
7840
15627
13213
12373
896
3382
10429
2786
668
2318
845
3097
10154
7720
14076
9563
9660
18703
14696
8572
18711
13382
18965
5078
12300
14111
18712
18561
9756
5317
11103
13279
5931
4280
16793
16427
10136
7258
7882
9935
13182
795
1052
7587
9998
915
16336
9813
17126
229
15827
15234
15188
1460
4230
10227
16697
1263
17020
12078
4172
7049
13399
12607
18301
13970
7444
5182
920
17912
9290
9548
14063
15081
18622
10711
4371
13998
4857
16629
5367
13627
3619
3631
7984
7918
1906
12401
2862
9946
17595
15598
6941
17766
17565
19019
6607
8255
16324
17390
18427
14095
874
6763
14454
11824
19725
2924
6590
5990
8357
11244
18100
12726
9196
8250
903
12872
5556
16578
9303
15745
7669
17266
6162
8304
11196
19309
1549
14199
6906
15732
19869
1178
7070
14468
9594
3587
10579
3422
17261
15852
10191
4077
18930
17968
18895
4956
14039
10163
3967
9944
229
8926
18406
14854
9939
4302
4701
18256
4487
4203
15440
19031
8391
8124
15424
15811
4987
8224
15961
3708
9316
10790
2167
7475
17027
3490
11156
16215
17633
10941
3238
8544
18348
1474
13335
18042
1939
3630
3321
8349
8750
12588
10809
7327
16126
9402
5128
4816
10408
14341
4570
10810
16605
3763
17244
15041
11509
18993
19229
18299
7948
18456
17583
16192
731
13689
6069
10074
7321
19289
2003
7705
2855
10006
2803
19730
18475
1984
15143
13310
16718
15684
14090
1072
14287
15549
19013
4836
12785
12866
3501
17984
17095
8900
13766
17404
5708
12977
14290
12956
16026
16596
5148
18921
4534
2571
5269
9283
14215
2495
16846
716
2453
1741
14101
11094
3106
8037
14165
1292
759
9078
17971
4086
4746
8389
10929
16665
16000
4574
18045
7436
17422
17512
11960
5667
6274
1782
942
5731
8203
6896
2505
6163
3630
8214
16422
12186
66
14107
979
19535
15410
15418
6027
10227
12415
16457
2398
13422
17377
4171
18016
18861
6068
18648
8352
800
13261
5115
2489
6700
19623
5811
5999
2817
10839
19416
262
4643
16903
7140
7773
4392
10420
16273
2359
4155
16469
1236
17305
1693
16762
4806
12353
17476
6354
18814
19977
17964
11581
437
13971
8040
19762
5433
11191
16570
8209
18743
266
5607
19679
1294
11458
10297
6284
17475
14701
2806
3900
6594
5789
20000
6518
12259
13753
15566
15302
4734
12689
6415
1991
14978
13360
18618
6791
6011
15881
4580
7621
17966
5480
2600
17494
3348
19746
18476
19292
5295
14422
2766
11279
12883
10782
8374
10467
15505
8018
17586
3189
19134
17192
17220
19
7574
11391
17828
16019
10986
795
4126
7480
18356
13243
14041
7803
2760
11548
10065
5967
5642
14723
19003
18516
19185
19565
18425
514
1013
18255
8152
8010
6827
12860
4638
16363
7767
10441
9225
205
2492
19987
4696
16067
19498
14175
10421
12938
12919
10566
741
7124
10188
14288
13025
19042
6737
15650
14005
17418
4251
19948
17659
18109
15605
10730
18928
18705
19939
17811
1014
11460
18246
10727
827
10548
6128
14147
17503
128
8266
253
16744
14832
4787
8309
15652
12829
6577
8145
18445
19954
4696
8458
7436
1947
3847
10970
13425
7049
3558
5873
4370
15097
5035
7051
8985
1981
17164
6537
16986
15582
12756
1960
8097
6542
5781
15454
13074
6145
16701
3799
3906
18519
10717
11375
18959
4134
9010
4014
19502
6322
12508
17694
13054
14400
10338
10517
1164
1261
6163
1092
10423
8785
5553
11045
9534
612
10108
13466
19908
14777
15961
18836
15851
12756
6240
8321
16545
5046
15284
9843
8655
17864
16793
12991
14044
19203
10043
13511
14352
15792
8286
8106
7740
7008
9655
6053
1933
16317
17042
10434
9244
4021
11124
8014
8642
4765
1493
7963
3628
14369
607
8324
762
12336
9039
4008
17741
826
10967
11134
14957
1093
2573
8616
16557
8478
17536
10384
9931
1590
3268
16569
14060
5464
12757
9867
8210
2030
15222
7509
8815
4568
5055
9698
12881
9688
2068
9439
13993
19073
5999
15505
19528
3054
17996
10719
17774
14463
10876
1710
16362
2409
9547
10777
5029
14102
17747
7357
11199
1932
4808
12654
15284
10219
18339
3613
11594
15357
12403
6411
16860
1883
952
18037
13260
14104
17246
7190
10961
9395
16532
3918
16166
17371
10212
17997
12280
19364
12549
15788
7902
16006
4126
24
17863
10309
1304
4832
2022
35
12770
7694
16582
1653
6254
10209
3174
10543
8611
17878
413
8642
11922
10919
12282
11795
12871
18604
16884
2873
7164
453
18283
3300
11922
18147
5955
19703
8954
4993
7451
19132
2441
14363
12493
18644
2800
4779
12836
12715
3524
12262
5078
11725
18949
17698
15819
12005
15275
10838
13145
17375
7075
8579
1507
443
17655
8412
7419
11169
10534
14497
3843
12946
7987
5759
9585
5200
11568
13205
15666
79
7399
2868
14119
14605
2876
11853
4892
4662
3334
8621
16037
8861
6050
15391
3986
19719
680
14427
11925
16812
8391
2400
13763
3836
18974
14840
2052
8051
13342
8465
3677
9768
5
17136
10032
14130
16152
991
18557
9467
17350
16866
12542
18941
1166
17783
18035
18882
10838
3286
16904
3841
4958
8660
443
8148
2531
5997
12062
1891
18051
4652
13986
14581
16641
14457
7321
2165
5385
8063
18822
19482
5261
17910
9147
19927
10066
7965
858
2172
10440
18818
10040
7601
10367
3886
8723
9119
19588
2289
907
6894
12785
17491
18618
4106
16580
770
5979
7845
9982
248
17504
6642
6015
6750
8525
1320
6035
18566
4392
11823
15540
14338
10618
14406
11407
1160
12340
15216
9552
19760
110
6082
15435
1454
8345
11626
17787
19078
19898
19694
6466
1781
344
6915
13221
9778
13012
17913
9398
9307
1834
18576
19195
517
17464
1251
463
3779
14493
2619
17662
3490
12507
7629
18289
9135
8077
14594
16760
16818
8059
2757
563
19070
7140
13603
12485
10773
17332
18773
1841
8407
15437
12680
7062
8509
6695
13048
16764
3530
11694
18422
4364
7418
9764
16692
10691
17300
2047
17682
8975
11269
12173
15109
18586
603
11300
1587
3898
11529
18509
7134
14105
6324
6735
4733
639
4928
11144
3013
12693
2495
1535
11266
9771
10525
9696
15000
10374
3217
14896
2825
15964
2131
15009
18719
8736
220
8415
4076
3390
12840
4203
8460
13990
19156
13249
5677
13547
17747
618
1313
909
16868
16260
5531
16527
11432
6115
12993
14813
17495
12223
9752
17033
3722
14117
6986
16851
8694
11318
12094
15512
11544
11861
10128
386
4977
5669
10675
10618
15458
6076
11021
15129
14795
19075
18955
391
15914
17117
5215
6621
19969
6843
6409
2469
16169
15258
14712
11940
14460
5123
1488
12856
13344
3291
8587
6564
14929
11147
6268
9167
17329
11104
2718
10906
14725
3748
11493
3689
10722
15258
11909
2004
14803
17537
13520
3346
17296
1985
2656
18513
9918
8922
18496
13195
4148
9162
16333
12872
9328
16348
4518
18338
1927
5000
11332
9354
9654
2090
13960
18918
392
3024
14326
3369
11504
12383
11309
17605
19881
14094
3785
167
7616
16244
12734
10350
2525
2211
14875
5875
15687
14112
224
12110
16172
8936
18988
11297
9260
9058
14633
19888
6059
16432
1079
17394
17609
422
12289
8291
69
12650
19269
17377
12892
6608
9778
8850
3575
1288
7779
11554
12208
15306
13041
12984
17066
19810
9607
10960
10969
7317
254
5774
19755
16343
749
9305
3883
510
8815
18046
4870
12856
13254
5200
10398
4764
14412
19860
2100
4946
4013
12489
18940
15251
18988
2137
12951
6066
766
8309
