1630
13548 91857
83503 85598
96889 99731
22104 71363
30818 37567
54723 67333
18839 63225
99290 99970
99648 99988
96772 97281
72586 99194
98113 99920
10987 54192
79812 95969
29704 39679
479 42454
11247 92522
63978 92516
87845 99508
50368 82914
79795 80517
36130 90365
21193 94800
68138 89764
39875 85435
74066 93339
47477 68078
42210 80091
17387 31530
30192 79481
79730 80376
31656 50583
87245 87834
14912 23177
99409 99896
82192 94566
12519 40260
76377 98825
49060 50815
66362 81121
12590 45943
21022 81482
5122 80570
3645 21652
40874 69833
45800 69952
48758 81877
79399 94013
92089 98060
80755 86068
70579 90577
282 65608
71072 75777
64398 68635
45604 72714
77393 99091
57377 71886
87678 94890
80819 85112
1778 75570
82126 86686
82086 91150
94009 98198
41268 93593
42318 97653
58097 81028
15807 27479
76175 79732
23016 42841
80975 96970
98854 99146
33246 87603
29984 47035
1354 93023
21725 49121
90738 92559
84849 88654
95504 98274
77891 88355
98748 99189
6760 84228
79362 91441
59452 81743
73282 97788
69525 78236
67984 92227
39233 85036
56157 72837
20808 65776
52738 56324
40422 43637
35277 69632
59284 91009
35636 95753
96499 96954
15445 63543
39492 67895
38731 39461
72697 81902
38858 48775
92751 98509
43613 61162
86270 93527
62037 68326
11955 64958
47197 61083
34023 77178
52986 85389
71612 92851
98840 99363
72051 74394
91260 93262
50551 95715
55828 62559
50320 91347
46249 75186
54661 99825
44760 49079
85447 91890
60425 64646
49856 98090
97995 98005
3432 78264
97702 99581
36320 91639
67954 70660
34624 60761
85589 89335
4507 80910
66013 80676
74996 97766
13300 29067
98238 98703
9536 22703
28268 38029
80213 97414
7756 61232
62740 83228
810 15189
68030 95302
53395 82387
43868 63568
19956 61039
13801 48437
38234 42927
76244 81944
4048 15881
25296 39035
50478 62361
82262 89664
98174 98265
82347 98283
30184 96146
4795 51529
24786 61585
54407 69805
88775 98879
34385 58614
3327 14078
16288 81606
87738 92517
21031 40118
27276 56651
49245 54141
22343 32592
49031 97047
95496 99803
65198 85217
75752 77202
43526 56785
55289 71080
5316 83071
32252 33296
40499 43059
90845 92393
80915 93304
25830 80102
12985 69350
49334 72181
37851 71848
71849 80191
28781 81818
62345 69461
81189 94108
31252 43869
38572 61208
34394 75439
81579 95952
66930 69613
37943 95618
45851 87856
30362 64262
91058 94956
48863 71711
75581 83062
10807 56164
39360 70334
87021 97634
36087 86888
91714 97053
54382 71654
14015 83800
19988 62621
94894 96685
99013 99940
24008 90574
1653 55760
38863 76920
77971 90904
47665 58538
54015 67868
1846 48070
90020 92321
19450 87460
88602 90822
44124 56748
14784 29332
23951 41265
79967 88696
47303 63698
8983 93028
64457 79748
63308 70090
58440 96048
72667 99447
35465 63788
68042 71594
70734 78287
16234 50472
13374 64909
44957 59390
4206 61956
79738 94149
16756 35216
83123 85105
32497 52524
65580 76553
42020 66614
78193 89268
11320 18904
99356 99526
18158 83716
76295 76988
26593 94779
24415 79618
10075 54014
34434 72366
28164 45210
96866 98305
21378 97099
60594 82142
22656 62964
18991 37753
40158 69415
41330 77944
17016 73375
29906 57630
63648 77006
15158 98981
76926 77797
88399 98668
95924 99647
1807 79987
58286 62404
76687 82793
32781 55324
12907 72108
29197 38866
84713 95739
23077 31290
50199 82757
160 49499
1254 78183
28660 79671
9871 91324
38477 93290
35536 57078
71999 91565
6545 25032
51387 52872
42399 85259
68982 84492
25395 61200
40153 94299
26449 71306
93427 97487
47254 92587
61093 92433
48841 78346
51453 60334
24503 42618
33302 92431
50238 51665
59607 79396
31017 42602
96302 99922
23241 77948
74692 87359
32254 64169
31824 35889
95249 98490
53473 55448
87182 88098
93462 96873
66713 69933
28970 87085
6553 82952
23190 78682
70474 74899
19512 72603
42223 72187
93607 99828
14222 69893
64320 92876
47274 71202
43694 68041
24433 86801
50593 54718
90696 91936
7651 23664
71392 82576
61722 93546
18909 84056
39699 43346
27767 56608
85812 93288
90896 94691
61729 86868
18083 69526
51504 65665
82465 90035
35934 36927
81613 99707
29340 41153
17213 26007
49280 68169
19533 35476
86433 93077
20421 47438
61629 98145
87807 99029
39248 42449
94660 98601
16671 39097
97190 98379
56398 80287
59838 97701
13123 49416
56679 99267
55439 68873
31050 79391
12066 70660
73781 87917
24273 77139
82288 94094
18548 33058
31269 40068
88174 99990
67423 72998
73931 74781
6255 58866
13157 89743
8996 69895
832 19717
45652 65702
63432 80280
52978 99137
49788 57642
33581 90405
25283 73458
23368 52203
17317 33104
59600 76902
72691 85855
87759 89236
70718 87980
23477 40786
47801 67878
1822 59060
74735 81097
65474 75502
7807 64700
47278 61265
99650 99939
53211 99190
89946 97288
77292 85101
20377 66883
90713 91714
37482 94144
84811 98173
32671 87731
32675 50229
65923 86177
58678 59609
4899 45342
76998 84192
49176 57384
48820 57970
42914 67056
39474 45178
77647 91026
97477 98666
74852 92354
63452 89032
7219 66464
63338 64570
52893 56135
29618 52113
32534 68350
63113 87254
99453 99676
51606 91289
72447 92240
24558 97636
33235 68710
74863 83037
68298 71647
68129 87602
7885 79625
45895 68806
69816 72558
6789 31628
6915 21219
52706 65996
26206 58682
48339 75572
13081 52841
9445 88715
12039 57608
96986 99831
75630 91172
26819 96905
72492 79114
41577 81079
47473 62657
5545 69001
61376 88226
49063 52527
90449 92883
93523 94975
91830 97287
30384 89168
79012 86242
22624 83019
44896 82110
51012 51341
23064 69393
71190 82333
98447 99870
65523 65563
27268 60904
46903 69435
301 46255
44644 87278
97096 98033
30467 85033
21512 58509
24759 27450
80647 84051
48638 85710
40751 68805
21564 33543
54027 69710
72304 89127
28370 42105
54288 88044
75594 81522
33199 94485
80178 85512
85709 96649
1490 20076
88496 91804
59310 63018
8622 61276
92490 97623
91374 96089
98078 98897
90004 96446
94973 98229
93454 97899
833 63883
77781 98782
2596 22948
58789 88020
64980 73253
32825 40846
11109 65094
12428 51849
97394 98590
53324 84222
66232 92244
70827 81044
6874 68526
20596 53641
43344 91045
1120 83480
6927 30795
34307 74608
31224 71270
99276 99668
26907 90494
85708 89493
35562 56059
74678 77697
84487 99067
21715 72253
96497 98177
71221 89620
98269 99212
75992 91533
19327 63205
35260 81942
19631 61624
83209 99895
95261 96298
76739 79200
86199 87713
45568 49030
33269 60268
83828 91080
55432 71736
12087 79211
21219 70687
49125 88400
40967 96037
75953 99345
35707 48054
77180 80350
98156 99440
84618 86062
83464 92153
36721 70281
5063 86818
97558 98743
84261 90454
86948 95712
7550 76080
3238 53561
61395 74819
73570 77535
61554 84087
66265 75109
95128 95345
26590 82011
91941 93898
11840 50843
31308 78555
87213 91807
23365 79795
80808 88384
55655 85962
94361 98332
50372 72323
66643 67297
15297 43322
97325 98461
63378 73276
17866 34051
7415 83495
49499 71211
78600 97599
46469 67410
88305 97300
64738 78730
90326 98148
598 75655
69358 80923
58510 67473
10537 81250
99034 99952
23000 48223
33292 78072
68940 82565
96144 99358
22661 82124
92426 93693
87626 98293
43176 99426
47090 74309
56212 94934
83763 93311
14832 28013
63929 71139
99561 99740
63941 90939
43953 90225
2839 79594
8316 37520
53038 78119
78202 80163
73666 76608
19017 30055
26184 76281
45226 72350
46004 56248
67365 83520
17696 29845
18784 23249
9649 86513
32388 70289
17033 94161
2474 70418
83066 92936
24484 86061
14204 89621
15545 99064
30302 30339
3358 86996
40930 77115
78314 99783
44338 73710
1749 48863
28579 85813
95142 96249
17132 58409
9416 91020
27392 69118
20137 87636
75313 93548
80090 91758
58610 68823
49701 83222
59099 62514
56881 83872
18511 72371
90168 97343
2447 89343
26439 98699
78253 94978
59972 83247
55623 96820
9654 62063
92681 92806
39840 47111
3991 86820
58513 78606
41323 90898
12954 31183
60895 82493
5541 65040
84831 85317
45208 78890
48503 67167
6745 11365
22101 60239
64438 71285
97585 97883
94936 95977
73649 77510
42087 53037
68575 69916
68623 88554
23127 44796
99480 99761
43560 82796
74381 87168
33806 69274
36293 64655
98990 99116
72509 85990
83752 97612
39805 92412
85171 89180
17161 34430
94741 97713
35091 76654
38489 64142
39974 52339
71838 98534
83594 84941
95089 95609
6399 19695
66454 72039
17632 68780
37097 73186
16841 21172
11321 93901
15258 77008
39553 84154
39649 43476
2797 86436
45004 96394
9855 98594
91604 98816
46633 88557
74915 87794
72935 77742
73632 84143
65656 70256
21581 24004
5150 94229
5870 34232
42142 59242
81043 87355
31683 63592
88411 95923
40912 42403
20158 87402
2551 57029
6645 86381
67641 78899
8108 49095
32942 36580
36959 48125
79687 93151
17649 44894
9272 90792
5962 17074
28692 99175
71600 86936
49355 85157
90514 99996
40456 57596
6738 45398
37504 66556
84860 96427
36472 88452
14262 22855
42171 52472
86898 91610
99706 99723
53371 77707
39458 59792
33228 44958
4304 24300
85653 98640
18070 73406
33333 64565
43138 95004
32747 39743
25260 80983
13157 77098
9053 60154
95216 96098
27955 70982
57817 70470
35302 43980
31697 46219
77676 97655
37019 41520
19149 38755
1103 6420
39229 66074
90669 90793
98730 99870
70894 76618
63797 67178
62107 73755
92511 95927
88077 89290
1946 99549
72042 81327
59109 71268
5652 11506
63879 74652
29648 32909
46457 73520
94795 98759
55195 83471
50342 54806
13334 20343
71314 93610
92512 99290
90357 95505
63631 67601
34198 88538
66367 77739
65963 75969
27045 81493
64230 64600
42927 45693
80223 93433
33219 73520
71052 86282
65429 90656
24066 77772
91914 98233
60385 71794
38326 81038
78014 90253
49502 69526
88508 89216
39800 86768
27795 52171
24254 70298
150 74165
39500 45842
20201 30407
77209 89734
60847 79846
77907 97581
49941 89937
38452 83650
83075 83944
12796 19153
24967 31610
50317 89982
12822 95033
97871 99327
72689 76297
22341 78468
68259 71762
44872 51350
67207 88219
90938 93918
83878 94419
21190 80230
95109 97962
87791 96827
70909 77741
97073 99225
42292 98304
83729 97835
9333 17152
67344 79311
9838 43126
69751 90473
21596 68478
77785 95321
8074 41871
40531 52784
20750 27619
8504 79134
51920 61809
97851 98686
16610 62624
91849 93716
30476 75107
58090 78395
84390 86761
38808 86657
602 10603
992 30107
19838 38867
39339 71543
19653 27005
83528 90205
77976 80286
7721 18083
29143 84726
27549 48674
62172 85003
92119 99720
22543 56043
28481 78170
8464 77858
32781 61863
5210 67346
61090 65361
54459 96984
34791 47016
52698 65289
99988 99998
85527 92585
90298 97759
12881 47381
61583 72069
83036 83668
98785 99604
64563 79786
75035 86313
75739 90535
66666 68647
54004 68531
73027 93870
77976 93315
48866 55275
59377 64665
96719 97023
7838 8559
3517 44341
37222 78378
7792 74452
78420 89884
47713 53403
44066 79404
28180 37266
51682 58172
36787 43020
11790 24319
59864 66617
1659 20959
46779 63676
10651 38924
33874 48261
8690 31613
20517 91490
51779 85690
47679 76757
3520 21315
85316 88430
95063 95445
85295 98733
98032 99423
86233 93913
82132 87733
91864 93217
59825 84834
82679 99792
53762 61643
91316 93555
16779 49802
1889 9149
85652 95468
84139 90522
78820 99637
72953 83831
73456 89932
58648 65032
56324 72980
92425 93646
60525 90452
10133 88418
61903 75267
73384 91631
29097 49954
31863 68019
57391 92860
64128 85562
5543 37216
97994 98595
79253 88643
63920 79170
32434 56732
97270 98795
50525 87263
92146 95479
56963 75442
44636 51550
96449 96536
12020 37551
98494 98973
22998 73334
59701 98265
57036 97240
76466 87242
41219 55355
5589 77710
50601 88112
17205 78528
52904 87929
53453 58384
68270 89897
47244 71685
33082 47280
37453 43616
13793 84792
72941 77677
32931 43902
66052 88661
6375 90113
90740 95524
10466 73383
9926 23761
39253 97174
66568 84651
49561 83847
46240 48206
21129 84953
40951 85157
10773 21497
48933 75746
11183 40123
35861 70910
29067 57362
32781 60684
25904 39297
54522 66137
6964 8875
1735 92500
13493 70044
89656 99303
74234 78448
60368 96873
95291 99034
91418 96374
24236 57576
90209 92732
44315 86188
56270 66270
35115 39280
3668 77587
56380 85658
34720 81410
77174 91830
63020 78517
89263 93459
86201 97463
33762 54788
66380 93765
68438 93343
40009 91138
1840 51475
409 63716
39031 97007
99996 99998
20007 24809
62806 95045
91950 97032
85280 90507
82786 99949
92363 94075
27588 74835
64502 85979
41820 64350
99207 99320
47076 48407
67535 81207
93335 94563
57112 88240
43835 64637
32006 89228
91548 97754
98213 99234
27971 40710
1978 95824
33631 51241
88617 99142
11127 31015
31209 56907
52484 56642
11938 68309
76089 80408
31266 34363
28900 80318
32582 56006
41167 80034
26336 54614
48643 80862
22672 24347
93132 99386
4455 80945
97650 99403
78301 95945
45054 66116
21397 69918
10310 61927
54500 78618
53610 66371
66795 75051
8084 49597
64679 72723
14575 83296
40310 99172
91846 92091
42346 73230
64233 67348
61567 92394
79966 99783
44276 48007
70026 98184
81908 82237
26537 76775
5571 79580
70750 86374
80068 97715
96733 99671
99207 99704
4224 17429
92328 93999
6283 23353
38150 40737
12773 22102
43917 78490
861 94020
87402 91868
88703 93342
51851 99247
30579 96223
39641 80483
40265 99302
22496 81929
55131 70239
28590 75891
37124 52477
4947 33037
81416 94057
62131 82121
31082 59449
22911 69369
43083 85801
72453 88528
86209 93819
68213 86763
57723 79362
80199 81835
16710 76644
63751 99861
99160 99458
90940 99740
47390 65617
61016 95578
89783 94429
71250 83137
42558 55066
52767 58703
22860 46690
89460 97114
10879 80651
94993 98467
39809 40400
2804 84763
44708 95707
20593 81813
89088 89554
94043 96296
7598 72681
13854 76700
51401 62301
86711 90287
80629 93667
84006 91644
91665 96864
82455 86604
65619 71709
90361 98358
27857 83186
82426 98849
68331 71748
71685 76845
78090 80262
66228 82769
75082 79898
20215 91695
56880 61153
64862 66414
69782 86623
63754 91755
80915 86869
78936 82707
72539 81848
2711 23157
95312 97704
13637 91915
20892 70646
13073 21900
87141 92168
88895 89502
637 50446
69537 82689
81982 99957
65443 93490
46014 72233
73313 97184
56697 62654
44378 66071
52569 96555
56592 96419
64092 89716
59605 84583
76722 84714
67812 97942
13422 24225
25084 79817
33136 76363
18347 86377
59524 75645
77432 94355
34434 89197
29538 52260
90396 95700
47635 98908
57390 80797
27274 51305
15896 67997
69660 80602
19363 80367
13916 49547
10670 54652
30248 78709
29444 98077
403 33047
13816 86023
74399 93321
17256 96210
65091 66206
80383 87384
51910 83778
8852 34511
69738 76710
86504 96102
45537 79554
88919 95464
53203 84110
32343 35561
18113 46675
55915 75813
24956 43035
37732 82257
10235 87092
98694 99062
25334 79920
41805 49823
43669 90803
73230 76941
38385 74628
29526 55331
84883 97079
12674 56668
47694 73303
78513 97359
99806 99875
79449 88686
2730 96453
95933 96106
33550 98204
4703 22734
60595 86883
97408 98929
69142 89975
67450 79202
20082 69654
20890 85061
86337 86601
86556 87684
72114 99298
2017 65840
37466 51927
31327 59037
49832 55954
72920 80190
71496 78846
12602 41590
80063 83099
33080 56369
41371 48504
32918 92230
61543 65169
31392 95201
78386 87011
67046 68609
53744 69581
72165 92651
72980 94453
63950 83594
63621 88586
10202 90449
11473 16324
55609 69089
46698 49161
74362 79374
9173 74584
79708 94354
54565 94449
97049 98768
20581 26195
90081 99234
73513 94713
78999 85005
39749 72506
90912 99862
11459 74827
14917 86301
21472 55496
13050 53972
6936 59120
8954 33455
59676 89880
95696 97865
12085 68951
85559 90004
82225 84691
47205 72314
67262 79129
16401 82288
76596 94859
24160 74861
53737 59914
72299 72897
20549 65029
58414 70924
14449 94818
45724 98965
41716 58422
39588 87968
45096 94297
62431 84880
56012 94899
78284 98779
30125 68498
80634 94740
70221 87397
34366 36064
2061 45795
38702 78320
31757 67326
13459 45680
43547 96452
74642 95678
938 85051
99730 99831
28153 70772
97049 99624
78759 98588
97819 99277
15396 32891
38795 78815
91811 92402
50372 70558
45976 82007
11867 94161
59957 92431
84856 92195
15203 79375
64080 79061
70956 99181
8125 98898
72070 96206
339 39097
85905 92315
98600 98946
19368 82618
33645 92226
61433 96673
91023 96035
2524 60901
12227 25295
15580 91535
74537 86006
10092 28584
11530 91123
93910 98555
50034 94129
17039 40680
85641 95308
33219 77581
52706 58515
44554 67139
31524 50375
15365 76022
31494 50908
85294 98474
40255 89640
93910 96286
40967 70360
76918 92956
36312 89452
64128 85997
86964 94457
92734 95104
41346 68118
92965 97987
43800 93505
80870 94661
35297 36502
33556 78392
32584 62147
9698 49235
72027 75301
640 81588
41040 60194
90145 92572
6230 38367
89475 93430
45956 75495
33739 70973
42300 65139
21782 52924
9734 56255
24826 74256
45073 97304
43180 84224
41722 65039
44136 90608
15317 26694
1012 6998
74927 77040
95239 96020
90925 93868
7421 35355
51318 51887
9031 58147
3213 12444
11776 24703
14993 68646
85274 97929
24601 98057
91333 96281
79043 99935
95658 98062
34813 68415
68707 79056
58757 76492
41629 70337
97491 97670
655 88850
56532 59342
74335 85530
74607 95598
27616 56175
93497 97487
80757 96511
51100 94438
41699 95985
15572 31680
99308 99487
28656 92715
26844 70253
78289 89228
6082 63636
71014 94766
62504 82448
87717 90200
34412 64182
71770 83851
44467 98116
18108 68887
60073 87838
42048 83784
1106 35412
29454 65927
64069 84072
69848 74567
75237 89156
44398 83031
87108 92606
9606 85202
85680 96154
30885 55769
47824 71524
57967 74209
31120 84541
2273 74033
54123 73863
77461 93098
29442 96135
72272 94018
55821 86993
73911 76764
22157 52511
88111 95137
37947 66454
32658 36049
64767 72825
94902 99155
49752 50539
10899 87858
95673 96011
92514 97523
37599 68813
46489 58155
38635 73713
95283 95860
22320 74457
90207 96079
1068 6606
66678 68556
93757 94710
1703 3632
222 43644
2461 83636
60528 84898
10210 56913
38899 91683
17355 25430
60597 96377
61714 65850
27312 64892
25515 36179
3358 57417
33800 34104
72132 93498
95350 99297
10787 92581
87555 99838
44955 72761
26104 46162
75941 78365
80492 90400
24141 68566
34778 84536
73367 75577
27249 75382
88903 94640
77756 81561
29118 95646
14716 65076
45831 69700
72974 98431
78659 92657
71873 84585
27629 88400
1646 54033
38152 72410
53910 85255
33891 58166
83625 87544
49505 78738
84370 97920
91078 94708
55930 60893
36679 64784
78777 85148
31198 58815
56806 92803
8467 45413
7316 43480
93618 95919
52945 59545
66098 74917
63799 66942
59432 76852
99293 99475
82534 87732
61494 77854
74070 77162
52064 75796
72046 91793
12288 33653
68255 93178
71797 73887
67477 80288
66635 66749
47283 58917
5736 5859
37611 49414
62472 67820
11431 35175
53368 61524
65461 70250
95671 98264
95549 99560
89719 99377
90617 92693
14507 55773
37635 61086
68218 84865
53333 65694
71558 73503
82401 90080
426 17738
68105 68938
74122 98828
91806 95335
58025 98387
2090 76739
83719 83839
59708 87109
27478 78676
31518 75699
584 55494
48187 59488
16849 81073
37512 51762
51331 69381
97599 99739
16780 88049
86697 92051
72695 81379
41099 76949
68015 97128
36339 94214
29556 71231
46107 64031
69036 95451
15200 52716
7598 91163
59078 60436
48330 75841
80822 94564
96587 97199
10398 40553
69823 75488
47397 64332
10826 46841
21888 64739
42418 45225
18916 63735
10788 35305
38579 53413
8360 30643
55411 62285
1734 95719
99655 99978
99921 99986
64290 90297
60388 67353
72491 82405
77580 81813
19715 19812
10112 38555
22806 76813
38443 76932
70388 86470
33740 62832
94619 96166
80677 90371
53806 88986
80766 95431
11734 62581
29987 82334
37831 77964
73843 77067
79479 89830
78973 86275
41581 46965
89502 91055
68535 74771
3558 68394
87358 92814
57570 87034
7218 31044
66761 67086
81595 91392
45067 60415
79773 98913
37055 94112
79189 87362
60790 61765
1557 67657
33156 89117
62864 98942
20697 25213
53162 74255
939 58641
52653 85164
42059 83744
50223 82581
83086 95382
47365 67043
32716 71848
85436 87128
96401 96609
37156 98729
33548 52476
49974 79739
60463 98505
55248 63563
42650 53721
