280
93359 98575
37839 70013
75894 93972
80381 88662
80425 85415
59581 89912
32500 69539
74836 87593
47648 93999
51560 54456
48011 54211
42403 98055
17603 72168
28057 40873
87769 94577
87387 99115
48960 84793
60630 98625
71770 77348
14003 86725
58307 69405
19501 57605
6334 67607
6391 17313
93989 98176
52020 92074
15012 57443
64661 95907
58380 98494
31234 39671
67216 85218
39707 64353
21952 87238
24083 90867
38639 41891
3351 23917
34673 73688
55206 56698
55845 70306
6682 66917
58195 87408
47587 84636
66195 90910
78611 88747
19004 82755
96153 96452
53507 92084
91454 95890
64568 66869
15348 35022
5219 85045
1506 23705
19637 78467
52773 97462
14768 74197
7314 58940
55485 71382
98130 99492
16287 45867
15661 87779
16368 99239
7850 28591
71842 81066
44628 74610
51013 62549
60516 99270
88309 96476
12192 91889
29026 44163
6235 18066
14354 29480
6797 96887
18509 80904
76869 96021
89770 91188
51828 94993
84465 87814
22877 92550
42838 56778
36830 63800
69606 90791
94440 97613
21789 61432
75302 94909
51985 72796
76009 97347
88089 92361
23749 71980
93971 98843
2716 50457
56153 83084
89047 97237
16700 86137
42525 90080
32691 50204
56760 69521
82701 85322
39169 61533
62137 86610
96517 99501
82849 97660
81342 98971
95511 95754
18313 38347
67044 75085
73561 85271
81957 91769
68103 92818
33007 74968
3470 43421
12020 68056
28372 52865
83825 85379
90137 97109
44996 54658
98856 99057
3379 39127
85947 95413
52857 71189
97548 98443
87724 89355
16134 31147
35339 99076
5801 92426
44413 56342
44111 63244
32671 50969
91442 93595
49457 62665
71025 87167
66466 94952
83180 83490
25804 74561
76926 82281
41058 92219
5566 57738
87067 91832
97232 99764
11698 31116
50833 59990
75558 97000
10999 94447
3387 77209
44111 87358
12979 13041
97162 99069
94017 95811
93314 99992
98378 99978
69305 97632
70249 85859
37132 88920
6411 77009
44346 52108
54300 89417
54018 68419
78630 99126
60142 61803
94703 98087
63123 98564
87886 90722
12269 71443
81357 87733
97762 97936
23125 50835
91276 91508
67638 79082
72508 81268
68581 90991
79674 94407
52964 71562
75466 81169
50357 74365
90706 93575
12362 22036
85224 92215
17505 73498
76418 90023
45934 77926
60608 78445
36405 57965
40196 44052
73009 75069
95515 96304
87882 91345
60975 81944
96779 98018
63415 78688
77728 95825
89852 98655
22657 84425
10127 48690
82828 94731
42448 54126
72711 78799
93677 97715
29654 66146
31221 94206
54971 62157
55260 83751
64042 88314
59666 96707
16118 81608
41792 60749
36907 47198
8027 95312
23632 92119
99436 99486
90932 93626
79080 86938
13515 55264
55035 94511
5384 74089
67657 71710
82230 89369
91142 94791
14721 19405
30487 93059
77989 87197
48724 80459
54919 57206
87824 94496
98831 99624
1916 17262
35133 71501
53466 68227
74783 84652
97003 98307
69516 83315
27328 39887
95116 96357
90769 91532
45744 83313
73319 82530
55825 82665
99391 99796
38931 55304
88170 94873
89329 94466
38601 91275
72757 85681
91267 93386
90415 97595
8146 54460
3335 16869
57242 68157
930 87750
19834 92189
2069 69266
79229 85549
19084 36115
95210 99940
77024 88062
81659 88159
42606 56310
30023 37561
68031 94667
85853 93783
87181 96432
89708 95943
84360 92659
48516 55001
48855 62689
6534 25668
45699 73491
59557 90309
11009 67468
34379 58347
26407 36522
58019 60050
43540 94622
41511 81956
5422 48778
25970 90950
24419 92674
70911 73537
65887 79472
11919 90205
12923 55394
7797 9827
