1471
27865 67984
67435 94607
35359 42220
60062 70309
39046 42346
48543 82328
395 28030
65807 90055
65513 70007
84182 92471
57966 59895
86932 88256
27323 61405
34025 80911
17527 67123
55609 64706
96837 98795
73325 91975
74044 82216
79904 96078
57265 64873
14299 34980
55516 81973
19454 89387
15130 84611
8945 62677
56485 56585
84925 99164
89486 97819
20377 52173
50188 93697
16349 72764
63338 72224
97253 97716
14257 88093
36447 57207
21959 47335
62470 77489
35222 84682
62239 68435
67854 89980
76937 91774
94888 99087
11297 44876
93032 93812
45022 92276
34041 81083
18060 65177
11950 77209
1279 75683
11672 60703
98527 99707
73404 91233
71331 86673
33112 78993
92414 99661
77329 91561
19247 85395
50509 59862
61965 90548
84199 87701
21063 53937
74250 94616
29158 57493
75141 76263
87375 89914
98795 98847
48446 81398
72147 79160
20237 53729
76915 80882
55519 94861
88468 92401
10097 28539
40227 87771
2110 4506
56570 58298
4393 55048
56894 97128
87794 95145
45392 78222
50763 82466
93481 99492
32383 47209
17964 90559
2442 7206
68133 94011
9948 12883
31134 59717
17965 66749
24376 39259
41414 88055
80016 84233
14920 29760
18669 68594
96702 99806
47540 82246
4166 24761
66561 97111
33844 58997
97911 97985
80503 84936
65613 96799
68887 95924
94587 97740
36699 72198
9996 10094
63331 67983
61170 69505
97964 99648
27564 55642
25728 49353
79436 84820
24919 47183
28136 58907
13859 30434
62935 83969
50458 83041
14502 73119
82366 88604
59983 98272
61052 70546
6533 76473
23850 53567
77092 96444
89427 93360
67427 90476
82566 88593
27744 91125
33576 83430
80746 89111
31621 59018
57912 73609
82015 89987
57865 73890
64566 67143
81441 89613
83849 93646
39876 58201
70605 82559
99019 99119
10137 52992
13945 39109
72538 72986
35324 92525
74072 79525
18005 74062
46174 54485
58893 98945
77112 88617
61117 95778
47134 85541
59156 79463
46439 78963
46088 64919
76354 88797
79819 95902
44419 59631
29539 50162
40390 61144
7384 88515
20344 27778
31097 45339
63786 74751
9313 41192
15009 76777
48848 94186
41504 44542
29929 35434
83416 83657
54650 63418
71564 72312
39576 67901
42092 56186
11365 92904
69711 91393
59491 79286
27385 33055
46028 74637
92076 97354
22224 69490
76371 86285
84054 85821
35181 88114
89391 92036
24948 63164
86576 97371
27184 64309
38297 56975
71480 96063
83225 84188
97707 99383
21030 92173
68144 82927
67380 82691
66667 71795
14850 96747
92474 99069
80027 89787
46030 68001
40071 47657
24843 94396
64779 64976
55076 63450
40976 60104
32993 36356
31197 41142
59933 89157
50358 74300
72510 81804
47973 60292
2976 46721
24263 38309
48286 65055
5396 30369
65409 94123
31934 79333
33141 55442
21891 67214
76182 83038
74159 80981
35707 52417
35810 79272
4902 54338
38998 43681
87170 87887
25033 44430
20494 55472
64003 74237
29836 77462
65647 98269
44387 87430
66189 87698
43262 86019
79283 94755
87264 94728
98130 99576
99471 99679
29172 72044
56284 67101
15497 40021
48567 49562
20853 48342
89636 91106
63870 78739
59115 65374
20847 86467
86347 96440
25106 32511
87637 97783
65323 73199
18799 27483
73879 91192
55228 97967
38824 88657
2668 63332
55796 70307
85185 89295
1083 44052
9465 41180
10178 89021
18661 19162
10923 72962
74380 83042
19799 44260
27649 74541
42025 95429
47434 94380
83505 99954
77994 79598
29148 38332
19517 98518
74423 76732
124 68657
16305 94057
2160 16036
10225 89625
65573 66254
54521 70107
46290 59090
63966 99444
27986 88954
95177 99009
33779 93397
67844 92930
94901 99167
21796 46907
42988 85334
67959 89251
20123 43223
92728 95182
60058 96351
65914 67014
32061 79372
12146 30488
36360 88810
13901 32691
61469 65309
51621 81593
16615 25272
26025 85137
80940 98150
6429 35672
15915 39593
11131 11734
74845 87319
34538 99247
82547 95427
6435 35508
93489 97399
57130 90641
35790 42952
59197 82836
98565 99814
70684 90906
5117 28172
5030 37579
98102 99138
10287 16350
28761 58002
66879 74746
11024 54531
79542 96033
9858 43919
60277 80853
70945 73694
78149 98014
32004 46123
58963 74642
29902 76188
3553 76698
60757 67549
31757 67065
10257 99583
2519 71499
86405 87501
8111 12091
29948 64355
75833 86626
53241 76004
50143 58414
50168 68141
66445 95998
2328 75031
43095 66812
55059 95837
88344 89444
33241 45347
78061 98829
65745 69200
28275 56108
12945 38124
86213 87221
40292 51912
34039 61578
19225 42887
23917 77338
79394 84334
11415 96412
40693 58810
78356 81710
83346 92598
92656 98462
83740 90958
76753 99903
33014 62260
70242 79302
54612 65801
88637 99555
28211 44212
85612 91305
51235 62185
42899 58318
57923 75530
61270 99913
34904 94210
95453 97956
43359 77137
31854 37248
20126 66185
82150 98183
6535 49839
69596 81709
25823 33572
49260 82355
20739 99344
57616 86356
77851 87342
11645 69501
67333 86566
21954 80103
28871 74457
2086 51404
36042 96039
65236 86281
5041 65714
84594 95420
70032 95834
66320 79108
6293 73024
46749 74628
41688 62885
62694 78911
10624 72079
54034 64462
39879 98739
56304 98937
72834 80699
60564 73911
23795 99731
1916 79303
58555 91501
10664 67158
48975 90380
82388 90280
7477 84329
87820 89363
26105 64034
97193 99203
9505 31962
70263 86081
16665 48517
26336 85398
43031 81250
53254 99200
70024 98107
27048 69089
7142 14588
84018 90632
9776 26093
30478 99697
87632 94069
68819 96424
2751 65794
37899 66854
57105 61193
83405 99467
82709 93432
47329 55546
27875 56608
25885 91292
77199 89490
73151 87749
75422 86297
96145 96854
87872 90895
42943 59211
74481 87994
30892 69582
36054 62602
23744 92808
15344 41177
15003 70233
10676 36472
75857 82020
73887 83241
21552 84775
38874 71817
89586 95731
56496 66552
37424 43804
13910 69408
72731 99459
2375 12306
95427 96287
78711 78911
49350 91811
47952 73006
9288 51790
90904 99169
2369 43097
6251 57264
87829 96337
28959 34575
70208 85385
10913 54291
44164 91954
4546 63194
38218 45473
54890 82267
5548 21056
46975 68134
62103 82278
55427 94438
34726 77745
45413 88408
2417 14716
69463 85495
82049 98196
45950 51847
93443 97604
59931 63171
96120 97716
60002 88507
16898 25244
78939 95998
31965 75359
9038 90729
30673 73783
73819 84674
92014 97186
25088 61741
16948 24735
85337 94683
32244 96631
1468 48407
86834 94771
76410 90364
5509 26795
213 66915
57212 63911
99833 99963
95136 96173
54057 61828
24602 79324
66506 75087
28353 40015
46612 80022
90646 92992
3385 28793
86391 97877
87295 92345
47316 52826
18922 34640
81745 88373
29715 91183
76862 90740
97912 98451
78695 86332
8402 89700
25419 92583
71354 84187
32873 50921
62780 83394
93309 94506
62342 94717
31876 47680
62467 68777
16904 19125
78050 85128
93167 96961
85726 97496
66757 93493
65626 66466
58716 74054
41198 70122
3616 48537
236 4398
51660 81486
16419 64733
28038 49542
35708 63718
67576 72007
17666 42344
59478 90331
63289 64585
36217 53407
10661 99669
98777 99324
28168 39143
59236 95363
12803 15540
28506 36802
81791 86359
91558 97972
22569 92127
93255 94762
22035 74530
87002 97645
90472 99514
39412 92386
79996 87873
95145 99694
29862 60506
71042 75749
81546 87264
16866 73490
18777 94645
78436 98866
20025 67938
34651 96660
24629 55081
93040 93326
43666 60219
57418 58779
34160 91080
39057 65418
20006 27431
45392 52917
612 24662
55855 65700
4428 87361
70956 93151
95046 96754
87383 92238
54847 81708
82431 91833
54773 69859
49656 92685
44454 59210
96957 99799
96270 97725
54765 85664
24862 45526
51707 53058
23953 95485
35354 69874
4432 68576
7357 63642
4710 76262
41183 98902
64832 90423
45495 92224
18358 99335
33634 84037
60874 66589
54888 69609
10124 12712
60164 87833
47559 97838
76923 93748
98906 99713
71369 76369
44270 64078
90694 96042
30836 62648
56058 92694
36205 88227
77080 84505
8440 50713
17150 72988
97812 99115
91072 92272
84653 84953
13104 23976
20308 38102
87120 92905
63509 83015
69203 99705
43065 83908
54989 99103
31223 34919
13145 68462
29257 97198
63251 73171
42193 97076
9496 91152
52652 61869
59257 89161
22048 35679
41702 47832
5094 34906
63757 76398
56668 73956
49228 63644
70920 80049
58504 88310
27395 95982
68320 71102
67697 76727
5750 61940
63107 93671
9101 80200
58249 81515
27431 30064
68050 89437
72467 95843
35311 39546
5879 39835
27322 46077
30692 60675
31553 52503
87694 99589
34523 43031
55804 65414
7300 90120
57981 84105
52522 71427
63086 76231
46698 81163
37213 83242
70944 92205
50781 97942
69011 70436
25525 57130
29728 30362
76229 92960
20113 82497
36686 72449
6032 8222
62663 62946
77532 99753
67548 74092
77346 95998
44709 64667
5678 49185
20623 29359
10576 80440
20482 56540
58383 70748
92292 95055
25126 61249
2735 44679
18324 75402
26006 75958
27399 27898
90935 91652
17103 55289
44763 87712
13427 84139
23935 71962
75815 84640
42340 93514
67300 75506
54765 57756
58652 88719
16846 80610
64676 96409
31305 83983
19115 95705
18966 62379
81858 99271
59241 99112
42753 72642
77417 96508
26733 92530
41429 95973
61280 79000
51542 88330
88231 99280
33047 87327
51827 96647
41506 67651
20453 86788
16662 98983
25996 53352
58736 65783
71370 94938
20878 67328
27772 97228
2906 50398
5341 29340
59780 87059
39262 94807
26205 71743
32936 54565
5454 51831
79357 87769
32315 37997
56799 82373
44224 93253
41978 74083
4230 32911
42334 94061
12777 82060
75786 94572
12342 64848
89688 95435
70885 79612
44065 74699
41265 99521
27385 62489
58247 86839
69552 84168
48488 86944
30354 45079
23748 42696
86478 87801
96985 99122
62094 94533
3089 79557
33890 83001
29043 36460
83101 91904
89379 98372
94571 99151
39134 62127
5538 31242
21477 31317
2943 70044
7276 58751
57953 58310
15775 50816
93397 96297
85378 96847
70678 95016
50282 79597
58358 64275
62463 84735
35376 82307
60801 77594
38854 51744
83493 87874
55218 99695
11116 53848
63673 93743
5056 62331
48142 90554
29667 96874
22612 72944
45765 79806
80171 92992
33579 37706
36654 96086
22708 92172
37019 80783
12908 39943
5960 38268
65211 67863
66431 83882
9731 64686
94552 98514
78210 78212
19674 33311
88891 94038
59469 74136
61563 98158
69216 97913
72811 98860
92045 93689
53192 60668
68450 86490
26681 70154
77723 93286
60403 72513
34078 60042
16929 44915
17255 27929
92581 93226
19732 63796
7746 37059
27288 99473
13571 76109
37664 73327
76566 93374
43635 98679
79778 88413
60321 96549
98427 99839
85847 97669
68733 70233
80607 87575
74120 81775
98289 99366
10560 22741
45310 65767
61564 94803
74972 81236
88880 89209
72237 99985
19196 68095
96541 97386
45352 69299
76829 93862
44974 75679
20900 55574
95612 98261
26639 39918
63655 93051
2744 82404
54951 76901
11224 78256
85471 91347
60968 89293
83565 86097
71326 85924
89692 96579
58811 65096
48097 51352
58241 72319
65034 80627
87447 96958
92559 93531
39461 94038
36197 50256
2443 39374
90800 94690
83611 99553
83293 86251
17879 90334
72723 87760
12646 40730
42476 94240
14622 60907
43083 69430
28074 86190
10673 42905
59544 98828
83129 92502
14978 80431
47633 83250
95254 96228
52459 92138
81426 97502
38919 41456
11801 65973
40678 56890
74514 93545
89818 94786
24722 84372
50941 76671
31007 72232
40336 53465
14694 45748
58481 70823
2610 85551
99110 99977
16356 68519
83810 98257
8078 98245
89543 96309
50847 90112
24927 55323
98397 99171
3535 9699
30059 86218
15286 45027
82823 97411
71678 99769
19689 58586
78404 86101
32854 36505
50296 95730
21300 76782
77693 87466
11719 97185
83161 95350
37641 78600
69979 85434
10631 89014
20895 25656
13272 54163
58251 71236
92435 93908
74484 78339
92244 99236
72685 74616
86604 99443
91271 97381
69664 70029
80116 80214
10835 86920
74595 86467
40967 90362
36980 50884
32040 86814
36263 52107
76377 99960
84122 99014
78557 90436
15809 92651
66795 87897
40721 86965
81935 92182
2943 21555
25232 92992
5959 54377
64540 99964
79284 87101
18556 35343
41652 84244
81 31400
94489 95137
69656 96620
77675 93150
59746 97581
54205 73310
49354 90670
8236 82093
79128 86651
22308 93306
7554 34208
98524 98768
2304 46841
39412 54124
39778 39894
52683 81800
81778 93827
14890 71093
9428 71061
60297 94071
40891 43097
17433 73644
8595 60801
20935 75508
97899 99781
28614 47665
57854 60744
77913 84840
80840 95961
59761 79814
82395 90089
54476 62143
22531 43027
37596 80274
33888 87878
30452 79520
32328 71344
29286 99581
29516 62023
85337 92572
31662 50385
80457 93260
6421 44514
10945 37659
90674 96321
92574 98450
2694 97170
81056 95707
17439 66975
91584 95364
60840 66851
52095 62215
75948 92793
12898 96185
57845 84634
41661 93658
31262 46130
13901 72754
13623 40838
8326 10654
12540 84281
28191 59262
77285 79300
99971 99999
82208 89161
39887 75230
80651 85292
14155 70262
3145 38646
19075 58021
55474 73360
81842 87904
98815 99133
19422 81295
4049 27114
1333 96182
60602 96989
99508 99643
57469 66966
52226 64272
78533 83836
70330 77439
328 43013
97306 99532
3722 63144
6891 24943
79056 95981
89448 99849
19202 31209
368 85358
96931 97664
68372 81560
43596 61781
40046 66069
2557 34463
66895 70172
14849 72001
3717 8470
812 20749
8515 54179
33872 52086
10636 48134
15528 65959
25222 28897
8692 89654
63902 94886
13179 20565
98743 98967
21137 22194
2080 59852
77811 93518
50523 88073
64596 72172
89760 99654
69128 84083
34691 38771
59902 67058
6731 38281
74013 96895
76495 77500
87274 91797
94596 98059
40402 89743
26572 29849
63303 92325
86227 86932
51717 66030
80274 85643
10107 92222
20885 68788
91941 95989
27704 80958
67111 70799
8060 89382
75707 88572
50964 51234
67571 72853
38298 54485
76837 77738
31903 78350
65140 66123
35038 67516
71793 85352
97770 98392
61480 84226
5284 32508
56392 96510
81470 81583
49344 77942
75861 84761
69369 80745
11891 13759
64639 88941
82954 92408
73008 93669
76269 95049
23154 42102
51759 61398
75362 84403
70302 91672
29471 38313
46368 69425
61573 62202
83244 84435
27728 79064
26396 85497
38841 94508
58910 96390
3455 64235
41511 49202
37873 41734
83272 96279
63922 90698
25612 72174
62771 89915
43594 55046
9188 81384
69385 99222
20687 54010
64673 73354
31005 64132
34702 78386
72756 95979
55365 97560
25464 35060
90639 97161
9711 16942
99232 99312
74445 77798
27714 64946
45954 71993
52467 73662
26633 85194
61132 81691
74794 91653
92058 95897
84037 89348
93898 95478
88998 99711
34370 51721
14707 82085
12582 56036
25709 49541
45364 79036
73037 73223
13591 19030
1147 92095
88066 98881
26712 87655
70672 97469
81444 94047
68558 92991
58500 87288
75115 80064
57542 76750
30919 85417
8644 8820
27637 67841
82681 90185
57710 60181
53520 74063
83340 97328
1160 62270
43302 85350
42626 96308
26355 50313
5601 76022
71502 96378
41073 66606
29295 66173
91130 96920
96580 98185
23235 37307
27694 44036
16452 50871
99311 99322
26021 81556
89008 89691
86781 92488
7211 57576
48774 80030
16833 53114
57713 61142
65346 75187
33604 38466
30853 81330
47406 65624
35130 77440
51335 74780
61143 76010
87053 91286
78791 80977
61567 75804
97367 98361
89761 94695
96890 99365
8176 71664
5357 85785
31808 66742
71995 95941
44457 70310
92289 94332
5582 65018
97872 99070
91249 95985
57982 74509
78175 87352
18088 29321
31039 51188
2349 3065
3531 93510
29233 72349
14890 90797
75196 85635
94915 96950
78151 90254
77549 90936
10058 55595
10324 62983
5503 18055
94600 98713
89848 96459
75615 84177
42434 60430
61511 72067
49539 57085
87349 91579
9720 84928
63909 72340
96193 96457
74720 87227
84082 86027
63299 78076
46470 51353
16296 76610
18972 46712
40093 74020
16396 71117
39509 78980
37730 81373
30661 51540
9304 17056
96690 98787
17390 39401
73218 97168
7264 35111
98725 99637
86765 91138
92754 95398
87976 95099
80074 98111
95820 96926
73896 98691
73358 93040
21352 21703
15450 87382
167 69609
71585 87567
63120 75576
44733 63126
36588 41492
88260 93641
70615 89927
58424 82204
66361 79888
58779 97309
31794 56385
43150 97028
7556 10341
32393 62215
55588 86709
8447 72809
63018 81886
69189 88053
49492 87190
90646 98143
76551 84447
60307 82698
65874 95061
80637 92045
16849 59111
69884 95586
73850 91732
88185 89442
12691 56517
18368 19933
28874 60356
80291 98171
25359 28694
42690 96860
27599 40659
5351 40364
92990 94429
33017 39420
92360 95667
8130 33630
91700 92538
78088 89021
85031 88610
26317 52078
37731 72494
23136 65263
59504 76564
82295 89121
32878 58430
57341 69317
4976 22073
45320 52280
61823 62423
28128 82255
22248 61510
4188 73375
74896 94003
83395 87861
56521 64940
60313 62859
78931 87894
42784 82959
59481 99082
51928 78444
9361 13332
3304 59596
38628 55713
67114 84945
23598 57469
8382 19121
54464 71766
41986 86358
14083 92988
58995 87400
43430 98339
76176 79182
16663 70534
6241 42513
9158 60244
29402 43406
63481 77867
2969 35984
19245 48033
36296 60061
43967 50432
1021 50632
99442 99898
75604 83985
31076 65438
65293 69390
79721 91392
32057 67080
92027 94860
82490 97608
3412 36641
16352 54570
97978 98460
79989 95421
54369 66845
75186 88214
79772 90516
69789 96175
18206 94898
13027 17265
48006 98901
39054 77593
80203 81641
25647 41397
59831 74288
45482 68745
99250 99819
67613 97272
32005 74825
11721 96109
26507 82004
254 52732
24998 88759
69009 94299
70705 74576
60529 90556
53833 82329
51763 70945
23474 87854
32096 34699
2966 12302
8169 95235
6059 43262
3513 54870
46783 94873
43325 62597
50620 83404
9043 75203
58380 67662
77957 90201
16481 54502
69055 87940
76662 89358
96617 98371
11231 36624
70102 96383
31611 95661
59667 92185
11643 97269
15622 59857
19644 28714
3279 66172
5143 23251
89970 98566
85176 99153
22368 30399
84900 89377
98243 99647
18119 54288
40728 69922
75174 75907
59216 82571
14020 63241
32890 82666
36889 41724
61141 91730
63047 70198
60574 81507
18867 93845
63458 99491
40153 98523
1598 31588
31627 83157
77380 82048
72257 96155
27149 75075
96078 96479
35777 73057
13842 96856
97300 99582
41695 85606
88797 96674
47587 60514
84234 84864
76437 87326
23006 32044
37860 47904
79198 87930
13892 71251
36147 98287
86854 90531
22075 63485
44281 96139
97165 97638
51117 89698
1955 12051
1033 88485
59937 80860
90197 99747
38639 85035
