229
72259 88687
261 58161
20562 46741
26038 95929
7996 67060
73534 92327
82267 91901
34340 35695
13615 47995
66590 99341
83046 99017
67364 91736
13947 37361
37884 79423
67838 91124
51594 86387
97808 98324
26773 84116
86693 97028
37377 54485
13664 30098
8270 47230
73884 90557
37208 60423
38053 55172
30218 42664
29454 93261
25982 60354
46349 76040
98787 99785
38509 72683
94325 95211
16701 52172
92502 94099
75435 90715
85662 88558
60240 86094
10737 86941
45548 74434
65460 90117
5754 77014
2127 4187
28981 38581
93150 95983
51403 66267
87532 95587
37811 63536
88453 94722
53479 92792
89262 90752
10277 68543
21205 93081
70162 79386
36136 58989
140 65755
38432 52385
32015 54908
39336 73963
18126 49678
20938 83831
59374 71303
59448 85054
17248 43577
93302 96625
5622 9589
20173 99002
50827 71109
75923 88385
14606 94084
93109 98680
42196 81228
5650 21445
67422 71280
27982 51033
78010 90953
96286 97926
68826 77657
49844 80670
9904 80741
28776 74605
53813 54108
1134 75763
28285 91344
58959 64235
17206 73718
17011 40867
67636 71998
56961 74080
55168 67452
96746 99746
62844 97041
32456 80274
52103 65543
86496 93631
99413 99800
83851 87150
34741 94079
74943 85111
93943 94332
66810 83803
48122 70653
28617 30946
59517 60875
33642 77360
95957 96223
44209 45363
96202 97891
67640 92936
70609 71808
95771 97676
93990 95148
83378 83937
15525 46949
83045 95684
46415 79752
29870 39888
52332 55478
83165 92268
53915 76284
25984 90161
35405 47090
18675 47522
35067 45454
18973 79350
83571 84204
38416 67329
950 16269
30903 64663
83677 94859
28135 95630
78136 81154
53153 96869
15392 66598
52527 57822
28325 84980
71488 91834
73441 81132
44965 60561
18209 59877
13555 20867
27278 45392
63566 76138
80621 95196
66789 94444
28660 44351
14245 93587
24588 58463
69191 74228
7175 37510
49867 85118
98602 99283
90492 97529
57522 69767
76653 99645
74678 81726
69535 89372
67733 84393
28241 47501
58188 70828
61889 92569
81426 94146
1599 93077
21436 58742
98789 99310
81736 85621
63210 67808
68216 82206
80823 94284
27967 85208
66498 77508
2933 74271
54439 75918
52898 79707
87318 94733
18762 42539
93148 93566
97637 98114
33121 84887
62372 75099
52707 60082
45909 88438
35858 75728
33428 82400
8320 46858
39041 86781
23935 72258
48628 78423
70011 99916
13728 15266
82649 90790
93007 93319
82875 95870
48497 48674
65978 86800
45641 60382
41847 51552
3430 38633
92687 99052
4339 53516
47607 95618
38576 71568
53407 64685
99819 99916
90249 91539
1476 47223
78053 87100
48530 72059
39023 52388
82311 96707
87444 89384
99838 99936
19567 80159
86999 95190
30750 60670
41125 67162
81636 94919
36827 70021
42623 44461
9122 12789
66751 77773
73132 96074
30083 64628
33801 67325
73434 93435
98548 99453
69879 96197
8994 61366
47075 62350
63538 73832
