1051
44236 52118
9312 34299
99869 99999
32623 86188
64448 97630
12587 43040
32886 46922
83476 94719
54587 70728
96666 98128
71345 97387
49495 91596
44235 66061
48758 86369
10563 36559
52718 66531
68549 77884
2947 5359
39399 95022
83236 94737
39285 53510
43934 71819
37454 86903
56468 73021
8952 28854
1631 72721
61555 91267
93424 97984
83097 93572
4500 77301
20545 61185
20662 46797
36991 37076
88541 95195
19802 33584
20026 35614
35348 45067
31198 65972
20279 21666
56108 76791
82177 82999
57375 76227
85392 87782
39875 74273
20474 85552
49411 53729
74788 80659
42089 56338
46326 65216
51096 71102
23200 31974
30511 58809
40687 80779
94987 97710
57710 72814
61362 86925
17269 73420
49072 55773
87850 93192
44602 96521
83849 93059
1757 58508
26328 82659
96628 97461
86964 96010
81256 86783
9725 61246
61736 86027
82802 89663
21104 40741
34271 95750
9120 49917
30545 67481
59744 85301
81672 93918
93192 96181
75222 79509
47259 83882
24726 94350
50191 68651
87202 95378
64387 96072
64901 81852
79175 92292
34766 65102
52226 57442
29594 37559
21629 30085
51746 73255
50587 96979
75990 91208
14214 93967
68980 70931
21114 45328
35773 96775
70430 70737
41345 51189
72036 93157
99860 99977
46309 78839
25654 64160
63072 97891
33943 82905
38979 81760
67832 91789
96262 99529
336 96426
90609 99831
38202 94972
499 28706
72318 73941
49376 90939
79014 82782
51436 53133
93287 98465
8022 57740
66228 77425
61689 83842
17768 88038
71563 89831
30924 59944
64445 83856
27111 40399
92071 93945
95044 96063
64947 74050
86835 99245
89707 96311
74229 95595
47735 68054
35952 46739
25144 80547
56938 94523
4231 38280
46010 55665
94627 99981
78055 99104
81476 84366
50794 96504
45140 68433
71539 77889
26096 36177
43729 58370
17583 62457
67955 70590
59939 83901
4944 7719
55378 75677
69467 79620
95480 99746
42676 60052
63438 79095
51910 83700
37566 61359
14358 26020
11279 19852
80921 86744
20448 85991
62120 85881
56045 65097
72583 99457
19645 54823
25633 87745
25369 65609
70737 71473
88417 88497
23968 83737
94599 97016
64455 74719
44817 92451
1260 66058
66322 75910
58512 85254
22952 43261
93155 94352
22274 50926
86996 93987
90080 99270
82872 95703
30437 40714
35890 36076
58579 63841
22581 93570
63694 88097
48703 54541
42565 97717
44911 51488
25781 62329
87528 92035
90599 95018
24 5901
2352 34578
74489 81238
52072 63859
45458 97147
83751 84279
79437 98071
33681 58120
62296 87277
58749 98088
26986 33859
64619 88867
73821 84619
45147 51279
37794 68390
71712 84769
30379 91442
1696 66602
33759 52172
7562 68310
87028 95401
22801 92066
53829 94568
67301 78261
47066 69669
68829 93884
62368 97107
87143 98287
62785 81380
37486 74025
33413 94991
68761 73951
57857 73634
18862 39910
56141 92566
78419 79934
45190 60594
29976 68843
4086 63455
41370 65396
81271 86112
77831 87070
73186 83431
40847 46546
45933 53032
64929 86319
16658 71347
82070 97150
10837 55404
1231 31574
54714 62403
89943 90434
25859 42602
26651 53569
25917 67985
63749 84402
52669 89530
45991 77870
68709 72172
64286 87168
94476 94874
34107 58215
64314 74567
62278 90247
34924 39284
75986 94169
26014 43824
46190 58616
56324 56848
42122 49790
29555 44306
81064 85120
56995 95949
41447 57712
3890 13223
40516 87082
73923 91330
57725 83626
47147 65318
68914 90374
56236 66458
36147 55816
80274 87323
84272 87681
14460 72395
39471 84022
65288 65636
77143 85279
61378 70646
95368 99665
39655 85698
96750 97984
95469 98578
82696 94790
36080 73819
72240 98947
18101 82093
35144 70065
93248 93884
16936 90533
70388 78013
78143 88274
45032 63216
23799 81467
70617 94208
71405 94371
78836 97390
67439 70288
60469 86873
23483 61928
65018 76757
70126 87709
21469 49107
23268 39131
78340 84019
58879 62936
30480 40913
35388 56130
1384 60001
21894 33903
43106 46670
63100 63388
23707 82779
25381 76276
86349 87994
67997 91016
10984 25392
7271 18414
32284 78410
10365 23347
72150 73761
51266 57843
3698 5122
87491 89857
37066 41526
51788 53614
70826 79808
85421 92940
23615 53674
48716 99755
81907 89861
46989 55017
35379 85659
33857 82881
34195 39963
27995 61869
78521 84811
95656 97424
75496 86039
86628 98279
95276 98618
54507 55158
32016 33688
49349 61354
40427 76068
59694 97026
81248 87519
68238 82310
52362 57085
73124 92345
94754 98540
37276 86356
50430 97128
12125 16306
84841 96974
67426 82632
22606 44211
41803 44406
3489 79497
68528 96826
87093 97105
66090 94489
93291 95602
61943 69220
89188 93280
54728 66333
82239 82621
28273 49310
16385 36489
95745 96608
49376 67005
1356 54343
45940 52661
22934 37788
2255 50016
44210 66918
71103 92340
47168 63013
83982 96911
9226 92165
64857 91746
97780 98522
52514 86673
27043 29494
22552 70231
74834 77658
79798 80821
70261 71903
21639 23694
70746 98697
3957 54401
41975 85857
70484 87894
59451 89414
39650 58927
93922 99077
32941 66045
80660 82881
13545 83771
65312 88443
82468 89162
11178 75026
6041 45375
85082 85917
17668 65833
32411 52609
7114 45157
79918 91688
78042 84973
35920 45363
2565 99176
58671 63114
96051 97371
85061 85629
40389 95376
87570 92209
20650 99142
57669 80675
76130 89577
2982 21212
68411 75219
68459 83767
87854 90521
25546 95301
86677 90376
91237 99590
49725 90696
7200 39644
26782 28364
23927 49870
86226 91521
96467 96797
57032 98679
54771 63367
36965 47342
65148 82820
30742 65942
31369 34903
50313 68549
63578 84878
44063 99707
36265 63999
93364 97983
86328 86554
57557 64032
4734 90432
53 4689
80460 81034
91182 96248
48387 65957
71643 77862
72837 97393
45055 82588
11362 44305
96389 97838
67436 74111
88611 91319
73928 96986
63170 97100
86975 97157
38755 53572
43426 76443
75981 80830
15925 26609
17314 74175
92398 99322
88092 97035
4190 83035
49098 60558
34101 59588
29558 59052
77337 98545
48831 54233
4668 55318
1300 62613
89480 92430
18811 34868
49990 70414
30542 55728
92124 93400
11561 90584
25695 58426
17066 72659
87564 90181
86176 92690
58349 60428
40852 70186
55000 67138
90811 97098
14390 78428
57521 74158
72289 87775
41952 84458
66792 87103
96329 98463
689 7701
70364 81456
63660 64881
79214 87657
73822 91047
94799 97791
97991 99952
90707 94812
56446 90325
34550 71822
10929 12809
18774 60385
34386 61128
97540 98081
56172 66273
25871 58381
55124 96406
97986 98629
45618 61081
53816 70617
92965 96478
18518 84807
66004 73987
80963 81387
91379 93975
202 29949
13800 84996
49385 56289
98554 99732
31944 90547
60575 82375
56047 56862
75331 87859
34902 81360
37437 81091
77841 97640
15621 74788
65320 97826
35358 36063
31877 87721
54471 56032
68481 84750
56506 84923
23349 81155
79912 85537
82378 93005
14711 90516
60006 85732
40561 87285
37158 68023
63798 78405
97618 99709
38065 81927
45244 90500
57274 57730
2702 12000
53227 78639
6223 86518
46001 60277
83262 96244
21284 71500
59791 88945
98894 99884
89513 97567
88399 90799
70249 71538
63802 69361
70910 91806
56786 62346
8266 28521
70019 83618
74966 86614
47900 52578
56978 78779
67048 69570
35222 46010
33590 83246
65449 77009
54312 68250
63806 93445
85966 99749
23293 97621
2699 58805
75388 81135
59248 71152
55814 85586
83239 92856
1781 21396
15469 96468
83400 88981
64453 69774
17698 44725
44148 50465
97328 99391
18318 83057
64568 85370
97470 97671
43733 54588
74715 94322
52583 69340
80734 96898
59117 64591
50654 85106
39321 50872
51131 70523
91523 94397
77785 98283
46510 91357
29654 73940
9503 87829
62313 70465
58550 61241
72533 91156
31644 68223
14044 58514
72076 79217
68758 95403
20176 85888
10467 11951
40219 68598
14381 95217
39685 67348
26066 88909
95713 98009
20571 55052
67911 68696
38918 69726
86857 98377
11064 91842
84890 89200
68483 72666
774 788
69355 79099
15726 60401
35205 88932
3288 68433
32436 94124
63922 91203
41259 51158
13031 96871
91478 94446
64983 85941
79887 94598
98395 99793
78125 85419
96881 98326
85165 87641
28215 61696
76569 87263
63070 67791
59764 85513
39225 93710
3871 44960
38585 49385
7619 34863
12417 17562
90225 90814
38020 39673
18049 63162
48021 77289
62608 73998
23779 81290
27425 76131
9057 94529
18470 58026
37892 70070
91989 98312
23759 67306
105 76676
54343 96356
34659 48401
23782 70132
78535 88532
81164 92781
67574 74160
42500 81463
82931 83227
89705 92038
34076 94362
92123 98176
97537 98851
21777 27126
28795 43007
18697 19675
7822 96920
5335 84116
89153 93984
32441 99359
230 79478
35988 67266
85356 87269
122 21321
72121 95292
68478 78685
11269 76822
6715 21629
46257 85569
53079 55599
41628 83329
23219 32567
32601 98926
98339 99325
38376 54987
62192 78526
46180 96261
46524 73684
19687 24835
63814 87665
90405 94715
71632 75807
38048 86076
90907 95738
97689 97893
35679 93599
76390 96888
48048 50973
46732 80827
12035 90261
20178 47935
89656 96553
31485 62623
37613 65493
73986 74430
23568 89409
67374 97972
4215 50076
17961 64711
43978 99597
44491 66925
30116 45480
32351 90970
3967 70138
87116 89326
4757 5617
36702 47405
91498 93253
70411 97090
69597 91158
86543 88319
52939 72950
33850 77606
17974 44418
67525 86927
58652 67362
32796 45540
63923 71439
55892 87357
43993 58146
14436 37541
12626 54720
21033 38460
61374 75074
67044 88062
86747 96684
73255 86425
73619 89907
19074 44927
79613 85781
31269 41015
4517 85139
9841 35822
4980 91339
41966 48537
37482 75860
37642 55346
47382 74120
54738 79129
51120 53670
87440 92930
56413 65947
32042 94451
85991 95678
94136 94816
218 36103
11172 38359
47518 63381
4155 57968
71737 94238
60530 79080
47900 89121
44430 67702
65760 91082
87776 92147
51311 97558
874 75234
42693 43815
28000 82373
82597 98466
26618 52138
59410 62304
7780 86637
71311 74018
1192 55495
72360 97666
41515 72045
9698 14391
23070 56990
85011 95372
97087 97849
46337 94415
44174 69839
72012 78506
64619 71552
45708 91840
36083 83485
7483 68750
12598 21958
68408 94825
63272 79981
45041 80800
40651 94329
56824 61604
47503 79203
76377 76765
40521 45947
86100 98689
52839 78666
11470 68502
47419 59822
69295 88350
45868 50144
16993 70596
56684 64321
37930 76347
52263 98584
95883 98639
89012 92658
41525 68301
94812 94942
53281 77721
86637 99856
23990 78974
91635 94956
97545 98996
74835 89260
77386 88867
99357 99451
19721 43079
60872 80481
69361 73708
5056 43641
84006 93493
95428 99129
27815 61786
17373 73074
15215 79413
87953 90147
16123 68098
50663 88650
16541 51685
50442 72198
70685 85014
14116 32739
37903 89625
81771 90914
57293 61681
18005 47882
30060 87468
83984 85952
86456 95251
61607 89889
64106 89615
62508 66458
61201 98395
71679 83679
73483 88336
87636 88858
10407 53692
44278 52839
72742 81151
17728 28499
24485 50427
14247 71107
21915 62224
66882 93267
53577 80345
8167 14309
97915 98434
19032 92607
40133 93386
38709 99376
74785 82947
77767 99721
40424 76996
9680 68577
85230 94112
51257 90145
8723 64443
21296 50987
63847 70162
99451 99484
42409 51184
82385 89139
75821 76138
90414 99669
1272 32686
71898 98753
23244 25467
52540 71391
4948 31355
27442 53698
60003 91219
43592 68732
76608 77949
6426 10918
31380 67805
59006 90440
3974 62995
2466 93412
1660 78522
36235 84372
74554 82855
58974 80389
73474 90599
51611 76350
86431 95416
22892 40729
69163 99463
6475 14511
5036 44226
21448 98846
74141 86690
94643 97921
39634 40312
90253 97745
56584 88780
98624 98924
75453 85207
24421 44266
51435 55255
86939 89814
88013 93827
46031 73842
7630 85130
20890 53575
72655 83653
59074 98064
59783 73260
81833 84263
25037 77170
35893 95050
6798 52237
39156 69925
52913 53131
7564 24986
20705 82527
81055 92628
17050 82786
35402 89530
56778 86488
68970 71497
89137 97895
62166 67266
8986 60857
7931 60843
27305 28476
62585 97562
61360 85116
38955 79769
76923 86657
14920 74713
35479 65850
4428 43508
46928 99398
24506 61140
82330 84403
43690 92010
11272 41616
88636 92232
57493 73541
82836 97767
48224 75740
83097 83523
28548 46294
6277 74103
37867 64733
37453 53807
20728 35743
99183 99359
77681 88727
36616 38708
70753 81652
68241 79569
63920 73832
48854 62378
73641 93266
60375 65593
84581 96964
30399 51586
10007 40862
13950 70687
72820 73880
13 77218
51295 84906
35564 95313
99258 99305
53293 85403
77763 93901
88052 98167
19420 64046
70066 95283
15982 20093
97531 99405
49401 83607
23209 90359
33543 55537
19298 61143
60372 78361
14386 29755
84558 97644
85800 86460
83340 92064
16300 35778
42162 94406
16264 61588
15316 23674
93563 99081
70636 71891
12235 24702
74487 80037
40068 86663
24328 51390
32813 34515
96249 99377
80109 87334
32118 85648
60155 95206
43582 81750
36568 71155
23377 92253
63920 67510
64031 67303
11484 14515
40940 60086
38401 48631
82263 99966
37855 63676
73378 93460
821 69584
41310 86540
25432 93459
75477 83096
61033 69011
86256 87258
36489 73784
97823 99004
75215 91179
18581 67271
27016 59861
96839 97353
91014 97888
1190 98352
56817 62999
57000 92592
50360 94100
64825 67304
