383
47788 50606
73877 74979
73375 96298
81626 92767
53349 86069
56085 67427
34654 75519
55077 85546
2111 67428
73679 80459
83399 99866
83634 93064
3313 55038
91219 95813
9493 78225
85093 94736
52221 68203
1637 50898
12918 53730
59319 68875
72180 94546
3703 15893
17618 67902
23245 48690
71503 88553
77060 89981
58939 59841
87296 96363
45400 65197
98395 98497
25997 79680
69068 71852
59676 72149
27934 43440
27922 36634
68378 88648
81130 89656
7625 45422
36938 85214
80625 96687
95835 96116
99376 99850
42558 92352
43316 64413
33846 37869
45468 79313
76999 95150
75572 93821
99241 99998
20308 38772
37543 97968
70869 99468
16351 98124
32397 78826
80903 81308
21897 48430
32840 44657
46201 62299
35234 66533
7355 80172
50521 92391
27421 85928
56765 92392
2752 93063
61373 63673
42362 57979
64531 76392
30613 58567
29079 94249
43053 59580
55029 92584
12247 38233
13043 53758
22880 32211
10693 82527
9304 84490
18858 97659
68351 72805
54150 89443
52142 71677
94184 99976
63752 84000
71857 84509
42445 61974
24837 98629
93601 96674
80215 94142
76165 79447
6176 86194
90667 91898
65564 73862
94797 99315
54526 58181
30533 74441
8852 33539
42155 83195
36754 72435
85255 92560
98394 99771
5386 43780
35715 35733
99909 99957
41503 56621
38066 47312
10459 85159
58963 66681
14633 21704
37659 93219
93637 96135
70039 86892
24294 56719
74214 90702
32665 48266
36997 91729
49281 61581
20063 67098
28758 41285
29260 52584
42986 85410
47813 97079
93194 98919
83625 88105
28999 49394
95810 96709
72306 90768
86483 91400
52326 63426
5277 50450
96004 96294
67222 74766
6547 32246
97916 99409
29485 38739
94993 95821
17343 59402
91 20354
87847 88017
85056 96121
33642 41784
9834 16047
62813 99554
40043 57450
92807 98066
88062 98524
61910 63103
89396 99755
20906 37772
25831 70792
413 35492
9046 53163
59583 92506
29932 44903
77545 86674
64240 72738
17955 33695
28335 43611
13586 38799
56351 80912
14426 15125
85607 89677
3041 98423
85034 98777
23281 83066
75495 88964
5640 78827
70766 86202
18413 75180
99462 99928
51671 63538
53816 70699
27152 71807
37827 69925
51216 70762
51543 56541
46895 97219
15417 74969
21513 81223
64519 81188
60615 89895
18235 49107
86771 98177
52773 53793
97456 98736
28549 67646
94910 98146
60762 72718
77650 84263
6349 48971
59117 60200
89978 98610
50980 66546
53285 68667
79859 90374
65511 94431
46307 62106
55733 96458
74305 86856
51433 51509
12079 77084
26810 86558
92488 95380
58941 73195
53924 60708
93728 95988
25564 99493
91192 95219
55713 76672
73870 79795
68434 97308
13971 84540
97351 99346
42455 51035
7622 93683
10793 80031
97226 98304
57037 72053
48384 77848
64500 72864
21821 69368
69492 74669
24577 39802
63363 70275
96016 98448
72644 84027
96968 98405
76216 95972
52511 87448
44680 74451
63838 96826
30715 97984
44342 59778
66529 85181
82230 84671
31903 71384
65706 68752
50542 54534
15745 64993
30509 90499
10511 14192
87064 92775
67897 91887
82689 95651
94609 95659
63062 76157
51342 65765
55601 85037
98745 99226
62692 71283
85204 91890
49026 80079
1996 81006
24384 28741
55009 71910
10157 21632
47432 55709
17454 87497
32539 80236
11039 29936
42825 73029
71901 78195
76763 82085
92720 95050
75697 93258
33251 57421
88058 96948
52562 83515
26735 84408
16822 52680
4502 25802
17078 76637
92579 96217
10863 11765
83417 91505
15182 23055
85589 96282
59858 84873
19778 60961
79755 87550
78740 83497
9559 73400
17146 82319
60283 63127
32511 82589
26729 45902
78932 86775
61663 75015
68648 98506
69745 72636
93204 97180
12019 14306
60690 63396
48988 98828
52971 91872
22188 78185
74820 85395
25816 53591
19912 66289
87154 99856
2719 26871
3635 89500
43801 92286
6569 25887
97941 99357
62891 89733
65634 70672
32792 52248
47551 63218
1625 68278
20004 39819
85851 92914
6755 45340
31076 83368
82664 84512
61188 77976
91462 92942
88413 92012
24532 29368
95822 99655
45231 69196
88858 91882
46486 84001
58524 78892
1168 47544
72845 76094
41531 77493
11864 74249
59627 77726
469 85634
93947 94074
69143 97796
27181 55843
75375 78555
65835 72744
28372 64453
53563 68049
6022 42538
67744 90598
92290 94436
46665 47828
36882 83785
91741 98905
1158 63267
92925 97006
69343 95284
82125 93192
85776 95142
11058 98569
70502 78681
55168 55780
52064 60004
31374 80235
16142 89299
31974 95269
67108 75186
52396 68186
60781 97588
76033 87472
16387 63492
49437 68543
76471 80614
30082 83632
83888 96774
67982 96289
32847 49696
53828 67931
83784 86443
24299 50516
1949 72661
60749 89599
53881 61126
22636 85829
91996 96383
93601 93942
48864 91072
69764 83161
51660 98474
28524 59256
946 62014
29296 44498
66650 74075
15510 52404
22559 74478
87764 95560
