1212
98229 99375
88903 89671
89619 91888
19107 82204
80329 92704
36803 41266
86993 95542
94939 97569
83783 99150
29262 30737
65601 90669
72897 83699
77890 93086
29620 34764
85725 96547
21430 25416
92628 97364
25936 63026
99283 99664
23038 79856
64830 74487
15180 35371
10801 78588
1383 96067
48527 57083
7999 42831
96374 96726
63756 97629
66258 93351
29510 80983
15842 82725
88339 95028
50278 68263
89320 91044
4105 89104
13801 91553
88526 97230
39913 61653
17528 58454
13380 70436
37926 55864
7736 20936
80185 86291
70829 80965
84731 86862
47474 58833
16668 62987
3330 8278
24115 55787
64823 89855
76550 97169
6890 62895
81276 89983
82033 96684
11230 39826
73317 83361
3291 16639
97988 99304
21726 23722
78298 83370
42892 98789
40208 96594
68479 99404
54735 57767
33734 46673
33361 61577
15604 60932
4496 48742
37887 76765
97356 98685
82281 96311
62994 89282
15107 63447
71640 76096
7525 65379
65173 97418
22457 98698
42551 84097
34767 47003
89631 98550
91035 92193
9667 76829
44580 47234
215 65046
69369 71193
98290 99863
96138 96802
63133 66380
13605 39917
13829 71702
14950 32339
64024 99094
22055 25139
81421 90558
58605 85137
1346 41304
54939 57512
76157 91187
33330 47637
57751 84356
90494 94245
26188 84952
40509 92804
17347 81824
2705 71055
5182 45071
50284 82294
87989 88930
23209 52448
5141 46661
16911 50725
84387 88662
15910 35365
21813 79509
26695 91160
70090 93196
75160 76051
42896 74550
31054 71607
82654 86925
58842 75239
10666 82740
25042 47668
88370 94065
48971 88840
55269 75398
19306 86544
52862 84760
36765 42244
11883 98303
49623 78159
43653 55356
86581 87864
18528 23622
28370 30217
88597 92408
850 56059
72307 95734
8477 65841
66707 86679
83251 86779
37883 53656
83002 94085
24107 49070
69589 85500
93298 94134
10316 50916
90096 99927
24099 54402
96982 97169
95968 97150
16871 62782
60071 89624
85366 90026
15042 57000
24387 71924
75379 93923
31468 79023
95292 95937
31640 93641
7208 42366
87237 93997
62863 99578
38020 97410
55 81776
69771 82585
98505 99728
87693 93164
1220 38783
87882 96453
56458 66861
70097 75353
8001 29911
6673 33141
74433 75473
351 55301
50123 97133
8447 80577
58690 68664
34690 80145
73621 74024
22684 82106
21534 47577
90885 93824
88250 97244
71971 82739
62173 70444
77139 90018
1380 23140
63642 69556
93989 96392
54131 55067
65219 79941
21706 21963
87721 88272
12935 29402
4493 23723
4449 61814
1945 24667
82942 92607
22838 65336
59573 73238
80942 99809
99487 99564
51130 92733
58217 91108
53999 78118
683 2555
71018 78654
65113 99952
88092 96554
36571 50405
23421 72556
15220 25485
23141 65928
71121 93877
41852 65955
68121 70789
49600 79191
13867 68930
38797 46457
68997 95823
56077 77502
57442 69189
51052 66299
31378 77120
94178 97090
91255 95139
27016 50779
69780 86883
84541 84777
23302 65704
70454 98104
99624 99806
73367 82116
65123 93133
37788 46714
20756 26987
9012 49540
83587 91228
68213 91630
2559 70675
33235 68828
50356 60599
50032 57876
2911 41965
45437 69313
87605 99691
45077 95978
94825 96420
52490 93472
217 56119
84970 93149
12373 86180
5960 80062
85460 93259
91620 91636
96471 97778
8521 48418
27795 73517
57042 63348
68603 86354
68133 80980
79714 80810
69261 73442
13091 47030
38728 66764
30075 53285
66982 95290
17544 67609
9501 27341
77630 80841
69524 92911
51239 83067
77140 84965
90575 91109
26235 57243
53591 74980
53942 78607
15530 85507
84200 99975
43871 65336
85425 88196
29163 99462
10691 71416
89928 99345
20088 70946
84850 94678
49527 68839
45221 46748
7457 62342
48422 86142
40415 79332
80028 81266
59123 65379
6337 77115
15636 57468
4385 41137
51885 65758
3995 21888
43107 97004
30322 58058
31688 41194
48792 76515
67646 68634
21512 64560
81168 88637
18646 80553
57852 64714
75290 86857
66290 86302
35598 41094
17294 58411
21277 82438
19328 30124
51595 85489
35110 89017
76009 88320
39860 40150
65330 77698
36439 98286
62758 68146
22541 82554
67792 79419
34804 53162
66159 84549
6237 44422
63378 97082
17555 46981
27124 35324
66304 74900
13306 26803
60846 92683
89556 96132
92450 97429
61701 87137
98255 99210
3990 31445
14200 22550
91813 98619
75825 83441
25676 70181
82239 90565
9822 69180
43941 58573
2575 30296
52245 85247
63764 99040
48341 62938
96080 99428
87493 98766
86303 97778
25331 81504
70707 78298
67224 98268
12147 86571
4525 84952
69708 93250
73556 86085
1370 85321
12779 93824
13257 15360
15965 77235
60472 78905
80620 92078
1357 98472
18163 87481
8402 97867
38416 59654
73673 80976
29773 51994
17734 45416
4793 56977
59188 70828
56152 96311
94432 98167
33296 85692
95195 96075
21318 32404
37891 41354
28857 72851
85926 94229
93500 95938
98575 98608
75801 79655
73574 86966
44975 88290
35312 84607
98824 99923
11052 81783
34365 64181
73488 82619
84240 86334
92868 96871
97496 98016
83568 85508
98983 99764
82962 90753
17107 77275
15164 24219
45670 69529
62136 83242
25685 89268
98034 99827
11428 42547
87472 92137
28250 35586
42556 80332
99078 99280
7932 87705
65415 79022
40489 67501
28666 41632
59545 62274
17031 82126
71431 94340
58951 77974
21215 88374
56882 83859
22398 36405
78958 79591
19399 29860
22279 46809
19270 78328
2013 77756
912 15634
16430 82936
3679 19606
50145 85897
8606 15786
82421 89345
9091 83259
44191 73769
87671 99351
51075 66569
8198 61275
32761 45552
8608 44458
33292 99918
18951 46807
33714 93940
13003 73699
18995 21407
54947 76631
88013 96128
44365 66758
90286 91783
45813 76222
63172 98134
10856 96372
23907 99236
90435 98432
56555 84972
51316 93631
10328 87785
26289 82452
28170 40042
1728 9539
76952 88682
22390 29611
65293 80490
45802 62711
39439 62401
8353 99597
54254 94030
54315 97621
81362 86102
12902 17126
73072 95472
71780 91216
34232 73432
17503 35219
82787 91999
25730 29871
19505 54203
41107 52341
30924 53566
50031 96886
67661 95065
95335 96534
25064 53331
79428 94518
47455 88558
43092 43755
54603 64668
42120 46003
37360 81563
26198 90845
59623 70827
13067 73296
52232 58873
21264 50773
63810 94061
69374 90683
3136 70448
43595 91729
32838 52624
91720 97111
94764 96328
68005 98231
25126 83588
52766 91736
76768 93872
16499 82772
36386 62160
84207 86270
73634 77841
9478 83404
24482 26790
2848 55699
42183 89796
56756 97769
61954 79466
18450 24118
280 52375
91572 93223
39944 57884
62234 99084
72862 77349
94259 98722
1195 34925
21041 58477
60693 64634
82261 83329
57337 94101
81117 82456
75618 97143
72933 83594
46393 69983
74925 83720
32369 34557
19247 77840
51015 68331
28269 74253
39299 86136
62581 87917
18226 57959
25139 85937
77305 79030
41103 42772
21663 55624
40853 49340
91548 98378
18250 18394
4735 13902
22935 55432
80625 85181
24151 96686
80541 87770
86633 93201
16780 39043
23713 67676
23339 63207
28025 98480
1128 66458
71652 95642
23176 29871
44520 67982
82941 83648
72717 89146
35609 82708
74659 91958
25821 30349
17691 73374
45071 61939
40492 61219
3698 73663
23784 31947
76802 82660
64446 80052
99601 99836
48959 64629
5028 46386
31778 52951
34737 94516
81493 93679
20372 34459
48029 81556
44222 46191
84664 96667
54045 54128
80200 87814
76975 92459
60634 62189
65316 80396
57424 64849
74243 89265
39929 51405
24446 53432
69665 96427
83365 83396
24079 75722
69875 78386
85462 97404
37283 55729
67323 80071
65421 98309
42414 90514
8414 89947
4335 93553
38245 46234
11264 42170
4180 72559
16664 68763
15505 85942
40450 53582
97809 98509
90223 92368
82844 83325
55825 85874
55323 68108
21837 24244
26246 47226
2510 13546
82874 84101
43374 76275
70511 70835
62872 94190
81042 82295
48646 73507
60847 67206
23491 55776
24269 89630
4586 67217
99727 99990
37004 61936
75443 85559
20949 82552
2160 90419
76274 92155
92930 94142
89840 93089
75320 82014
89009 91546
61692 88604
62735 74268
32337 98233
58428 94282
8864 65348
38541 92592
94416 96131
20539 70298
45385 80011
84176 88943
54556 81048
26398 34324
64508 92846
60577 95078
90390 96615
22198 26483
88870 99317
79312 80512
44756 58520
90536 94087
98971 99397
51069 59152
76800 98654
99030 99155
33533 83742
60705 85861
88365 91933
81133 83317
30261 96901
66499 94109
25795 37089
52479 71150
36546 65911
48731 86559
38671 92375
36281 98335
22760 78673
80629 92696
31005 89106
88777 93020
99116 99911
91806 98270
28977 93524
63286 78758
42194 46275
15294 92168
6856 63929
78263 94574
18773 65918
34876 99644
7764 23064
38197 82005
30108 41760
28048 33757
54800 83461
59660 81907
57540 90331
16010 20620
57138 59138
8564 61827
30961 83552
91401 92995
69422 85811
65486 85287
47145 79120
39634 42097
14797 37813
62895 69535
13425 59114
32771 82190
21756 93557
89452 89775
59053 92803
49424 92282
47865 72350
56673 72718
99446 99488
1715 18420
3188 68244
57984 82779
39368 79858
79195 88563
11380 81564
20166 56555
25100 92097
83965 85129
12211 67997
93675 98790
99260 99498
54940 79096
19036 89159
22315 63817
37407 87082
54753 81279
59839 95242
64031 79972
69234 72101
78606 98492
16284 51326
81679 91329
14646 73622
56555 58930
80534 87161
26195 84708
20162 20685
84793 85618
33582 51786
64591 77250
59168 91061
29482 42800
79242 87680
7407 71663
55424 92400
8245 58360
7740 91914
7171 92355
68663 88047
3662 91376
72868 97121
84144 89619
51113 99824
14179 90584
11207 43512
44380 87926
23588 48676
81121 84080
87629 96778
4350 64777
56518 82604
19473 38846
66992 76312
15496 82994
60263 83587
21537 45214
2817 31595
42364 55345
6787 53902
94026 97402
85754 86736
11948 26381
46874 73997
77100 89502
71898 86232
59110 64096
11878 25604
87659 92709
17287 74662
82709 96210
98172 99336
68807 86956
75912 99392
2745 54257
65553 75487
70157 76013
20302 37467
74501 85662
28646 69101
40578 94984
20438 45588
25755 46620
80940 92737
40619 53710
91275 92776
52817 53592
56903 79156
64658 64744
5519 58052
84033 92907
96277 96552
29560 57519
26644 83291
29830 70005
53879 72470
44130 73369
39170 63045
11112 17070
46649 88185
15983 80199
45746 76592
66748 87181
49664 79306
82323 93224
45970 58926
14158 82067
7574 72795
30743 81847
95878 96449
85925 86003
50595 87082
40597 88761
65383 84932
88347 88996
38817 58586
54327 96969
28611 89490
61411 87913
69075 74247
81911 94206
33779 39049
85055 93440
66861 82074
45715 81819
84654 91316
18616 21115
25138 58259
92053 95765
67336 67676
49222 79362
55985 69262
82112 96887
59568 96601
4735 30205
23552 46183
94037 94589
76263 93493
72928 92352
97077 98892
25329 53415
86731 95100
65244 83223
51112 82900
15694 89148
85222 90114
5125 58023
20999 23260
33021 47815
35740 86223
64337 74712
36831 40444
77335 93176
42795 79311
77233 91980
61851 95522
24143 36589
19715 73239
23742 52965
23966 76676
26830 49087
82781 93968
15007 45566
9105 92082
86130 91523
3857 69046
29483 82560
15825 32610
12604 71888
98600 99708
8022 74819
83825 86659
22187 30219
20869 85563
13345 98277
8295 77230
31958 93859
30246 72693
1110 46522
37618 40483
27859 71121
2362 78660
20211 85483
72347 78516
37040 83184
21529 74698
77626 99376
28152 57725
9560 14194
30704 52551
26662 49746
79149 89424
31215 35042
66719 69881
11917 32976
26763 84068
39606 92079
37582 76531
78244 85479
72076 79651
34421 36518
65944 95551
63988 72907
99383 99992
13444 24488
49707 76512
11458 44981
17611 82186
41371 94964
58457 73460
16023 92531
54584 59995
68067 69180
44584 94709
11564 93877
5982 61453
12923 17839
66820 96091
20601 88053
61677 83473
25626 59882
80436 81759
30776 57304
15887 78166
79964 90430
71500 85658
54552 92284
13543 14994
11183 34637
12333 24774
61099 62382
59273 71056
13085 90777
25553 37696
5535 98960
15807 26862
27138 61187
56315 72486
95326 98400
43816 92897
10044 36570
37200 54334
68692 71225
99170 99325
86145 96675
57400 96150
88934 96068
43250 72616
24154 77368
37532 40348
65288 96191
39451 80178
3684 19565
33415 66879
9878 57807
20716 70191
1875 96525
21231 66065
15619 64365
9918 94370
56478 59158
91700 97170
32748 39433
63943 85890
21758 84693
91106 91394
65148 83339
90502 93330
69672 89709
91671 96650
54627 57420
40342 93508
10649 95832
14618 30062
46958 50860
7551 98895
43843 67874
87933 97092
60314 96952
62683 95228
33730 97573
48657 63894
25229 78320
78783 97902
68831 96079
50416 91502
94265 94467
66011 96810
19227 69948
9111 61154
56517 88616
88584 94386
7604 87512
13568 25690
31753 76602
4310 61054
97437 98753
49791 62074
14586 97738
22453 93504
69253 89301
49802 55350
49150 75319
16399 56616
92894 93379
96192 97673
35261 87390
21795 83316
32035 40190
92868 95807
50775 90061
40256 55355
34957 73169
99808 99816
25785 76374
91946 98606
79694 93907
75180 83912
5339 51643
77061 83579
46497 60728
17178 80532
29139 70549
3091 55283
71489 99735
14670 80304
23985 68538
38052 87045
58928 81474
7060 14163
49181 73286
63500 94516
93350 96031
29424 46137
82693 92065
85405 90790
59228 90155
55412 89703
82748 88723
542 96765
22937 50357
28710 42483
12409 20385
62670 74364
31484 97147
50124 81969
20402 36970
25843 50547
64976 76990
48760 94613
25334 62978
53529 79657
48333 89117
396 35351
1390 23102
96282 99342
78166 79827
67858 70500
97825 98499
29078 89752
20996 58469
5607 36214
9521 51146
70860 90506
25955 68463
93009 98902
26990 32526
14924 37032
72435 91388
81462 89480
84827 89739
73176 74412
34196 54619
94076 96604
91513 96738
88724 91465
78939 96730
82017 97893
71378 97947
45178 76024
12504 39015
23971 82525
71112 85765
48969 80231
33231 79074
95453 95835
79163 94043
93415 95380
34335 49648
98184 98761
9327 34899
78323 83755
61859 66572
34567 78286
65853 75360
58034 68424
26953 68500
22573 26549
49563 91082
40462 42662
95383 96617
12674 39064
49129 82822
80861 92838
54680 86964
42070 58050
26332 99713
67724 77422
30006 65093
39915 47866
17338 91533
53581 64627
65420 67740
56537 72429
28162 99212
77830 82531
2503 30537
62554 81449
28815 73703
13903 47756
40388 80923
38615 46598
77139 78745
57143 59089
99625 99833
9660 90137
66752 86229
41318 72511
71244 89765
96098 97689
66639 75359
34677 74473
32482 75207
93976 98550
75588 81298
77490 83990
4387 6558
72565 80561
2496 37021
92011 97201
43720 77916
77863 94603
69159 96434
60985 95924
67600 70130
86646 93669
7935 12092
42555 88317
32681 53876
55585 66046
31019 49468
32071 41744
35074 47661
5398 84239
55245 88593
50651 87360
102 26670
87156 88613
953 5805
98856 99172
42175 80187
25867 72328
55006 80838
75104 80093
63312 78332
3650 31045
58164 93060
64339 91348
93524 99132
31027 59785
11954 77331
37401 41779
21368 96734
49386 84168
76273 82443
11627 76638
38381 67874
56738 94436
11964 40361
72218 87805
73872 80296
38397 46682
65925 74022
36491 59588
63364 88573
74527 75521
28134 77632
56687 67984
70216 95729
46843 75874
17121 55287
65787 71011
60640 70708
85585 91231
20709 97194
39976 71154
47938 54232
38090 94732
23640 58507
30850 93410
23798 46042
