759
78221 78444
5591 55163
21305 56326
77656 85193
69683 81627
90790 95023
60890 94263
54457 88363
75313 86293
87728 90539
89379 94068
85585 97422
68326 92520
40763 48321
4786 48644
23844 50017
1396 14145
38171 91931
90714 96668
30361 90164
86735 88837
14718 81103
30992 38627
41826 43828
21018 35782
76747 92798
24255 29134
88616 94745
29755 69260
19069 75899
72414 83252
95683 99002
90149 95770
70060 97919
81349 85373
86644 97914
88823 95839
23046 26853
62649 64275
24395 70082
44269 65555
78280 87409
71585 76568
24464 79752
73785 98002
90783 93766
84225 93660
97149 97177
14287 45913
85693 91344
76207 80722
76028 81481
45943 51573
38410 71116
10744 65286
45548 67607
14725 28386
29360 73622
38043 67784
92457 92687
19348 85996
65507 67249
39424 68953
19349 95909
3174 92167
80184 89454
31334 51206
74696 84475
59065 79073
29644 57146
81552 88197
89253 91615
58960 65160
81521 91162
55514 99646
81459 86848
3836 36139
84850 92460
11449 85289
15118 22057
72805 83234
20198 28408
73803 78741
86719 88113
20905 40308
72878 88995
61331 72618
51299 79192
95936 96771
18445 18885
20075 66964
65914 89745
73912 86974
37438 98660
97610 98787
3522 32951
32826 93225
65097 87119
3936 86548
13563 70062
23875 30953
85938 93754
91450 96384
761 13931
24619 53051
60974 84643
98453 98762
97933 99861
61921 78217
94834 95622
37377 73990
22757 72999
56820 64894
56010 91754
28111 75781
87222 93870
84565 96312
64799 78719
72368 99328
26675 46514
12200 67525
15086 71727
66792 77058
33656 48885
61770 88077
77534 93692
73295 80886
73630 82896
5991 72226
22706 36897
46629 99343
89898 97068
54425 90531
5714 65307
79451 98913
77487 80977
50903 57827
2576 5682
97555 98399
24238 66501
90103 99417
44840 79200
6280 30109
9927 62474
36851 55782
51354 82382
38008 70754
170 34326
71759 94118
34509 89966
65640 87944
16934 40767
62117 72400
42462 78222
67710 88354
17882 90218
88747 92432
15994 56890
9785 30233
76146 93013
89410 97993
24774 34438
59725 69631
7662 47142
26656 99356
84635 93662
68407 92176
48743 69512
35679 77218
21334 84378
22885 39228
76480 98843
39615 56490
82268 84862
52504 85011
10275 62455
4839 70298
93890 95733
61475 68564
99192 99967
47679 99072
98268 98393
57208 66114
23251 46981
11702 32279
13038 47613
74184 94208
13832 22810
18716 59720
39649 47461
33601 84422
45873 67820
10292 87729
17048 71043
64141 64258
78770 98329
37237 98255
30661 70347
89766 98491
72441 98756
40671 58527
18637 75709
5159 26533
94398 99411
42063 49130
59616 76418
51356 62765
89585 94113
18584 44654
9351 23716
5656 76013
4764 60505
68274 71189
47552 81044
92703 93837
41137 97510
87002 87720
71002 89436
94239 98876
48018 90044
43462 67441
51209 99698
52450 75651
46906 97076
95856 98984
85612 94410
30554 56918
72034 91091
85464 94457
30770 91822
15681 59009
7711 9237
74811 75466
53423 82109
45393 59732
79244 79479
21879 67937
30652 88754
73155 75740
45994 94096
40505 88797
25169 99231
58116 73112
80835 81916
5044 53164
14875 15379
49142 73966
89171 91536
31303 81334
28284 61499
6472 22353
6052 76352
57910 58606
83698 84087
34740 95104
34844 98494
4153 37949
39133 48788
86633 92687
2526 96771
17139 99195
83095 91834
1284 10479
46670 56291
83164 93817
90028 96925
50707 89936
83875 86872
56767 74759
77398 80496
31273 44537
10760 73464
69460 83339
74177 83443
39694 83010
34660 78464
5436 57680
37488 87078
36687 89321
28418 38533
91441 97722
66016 74562
42555 96189
62512 73654
60014 78158
98053 98657
76435 89585
71892 95450
88068 88110
1066 19030
57155 95993
97162 97916
53364 70705
6272 65766
56471 72675
22814 69746
44059 47421
9891 14634
12712 27090
80165 93662
25489 33496
49994 79198
52301 77212
1961 47963
87703 93901
46012 81943
97996 98254
56949 87857
87432 93520
24153 57455
11757 84839
15141 22926
5950 14368
20021 79880
86826 93479
77089 91020
93189 94403
8076 81880
6990 76384
97733 98985
52171 84540
78772 82095
30976 41621
11852 85056
48544 84671
41529 71795
91586 99852
15947 65380
20362 25348
15010 49560
95772 99159
74870 85718
20646 81661
66572 72770
21957 88017
44931 98904
94039 99944
58195 90176
14773 56775
62955 68871
18431 37493
8290 37341
21394 64559
52645 91274
66672 95118
45901 53876
21547 87357
22028 53073
89011 98236
30156 69541
25007 36841
89664 95082
11973 66157
66521 93047
32748 55684
32610 84591
82551 90711
55023 73954
64479 74192
84515 84963
59501 70553
33100 93528
21142 79516
62570 91455
26307 46546
97567 99086
16136 17814
79456 80798
92445 98615
46632 50649
61358 81311
41050 54935
96924 98622
65322 69672
77143 95273
41519 87390
14908 87030
49433 96463
84871 94028
67780 93135
44594 87151
49709 51402
15614 48895
69788 88803
20470 52504
67739 73172
12452 54790
59549 60534
77294 99042
57960 62157
68395 76435
42731 81552
27681 96424
97806 98663
96494 98375
72807 75553
72479 76159
64498 73925
8586 61557
52792 93751
85156 88363
20999 83168
82676 92740
20642 57759
47551 87924
29994 86126
34498 49549
92797 94689
3013 20563
72005 77229
37623 44815
58804 71754
32996 54547
86495 94238
85497 97018
54811 57665
4342 79251
53359 61030
82529 96205
56629 69510
21925 27026
32335 32773
6505 98964
37383 46374
25854 39411
26061 34959
47250 61702
9484 63540
6315 67394
81650 84766
6845 17662
29764 51335
78759 85566
45638 99722
91020 92245
55068 93450
42923 88663
39906 42547
6330 31388
71621 84068
71994 95762
74119 85601
68939 74928
26042 59655
988 58803
35011 73756
89618 95000
74325 83155
29400 45388
18435 59101
16296 58945
7580 28923
43699 85513
27163 36897
23711 61969
14656 58554
47084 62989
72860 73576
39141 46720
15602 94218
14160 86686
90453 90788
35243 56276
15947 62967
87190 99792
80373 93096
73417 83624
49218 60944
40185 45451
86262 99444
18084 54934
92559 93979
82205 84323
68659 85999
46917 69461
88796 98357
98238 98708
3234 56900
82479 82996
65933 88243
44829 76822
57373 72246
79793 96139
63277 68119
78972 99199
5957 26127
38942 85985
42025 74742
66409 81277
63449 81671
88532 92153
61152 97481
61536 77632
87718 89745
76688 97712
75011 88696
11563 81032
20410 57581
11627 91148
84148 99120
38158 64951
45406 54009
7389 78967
2517 14221
96113 96941
15840 59590
93366 98304
23677 96202
7556 49505
67257 78059
8433 68635
6217 95246
69518 80133
206 30709
15686 83560
27456 46290
31524 56795
71405 98822
57180 67104
51521 84176
57734 70238
495 76689
35225 84930
54475 58433
9207 11431
27233 63821
59074 61497
463 90829
3076 83275
37672 48420
16552 94069
30623 67436
26998 44945
30722 41123
58404 82275
53853 61258
79069 87643
37273 41096
75203 94996
65259 97658
55195 89756
85094 99148
42526 46348
57441 99458
76827 76835
53953 56474
98429 99054
10559 60529
30101 88426
37986 60297
47273 93625
22258 22877
32075 59448
22686 62304
2176 54437
1548 58245
78387 87126
1865 1944
90275 93806
19661 99307
60905 77514
52288 74687
70675 78319
35321 99571
75891 76512
50559 53725
76579 88391
36254 88088
92504 98580
90112 93874
55173 84087
52104 55475
17903 55897
60894 97955
72798 81044
87596 90928
47333 47838
75223 91189
18106 32737
2134 56413
12928 48155
86007 96658
79673 84658
18760 78544
17122 18300
67558 73400
39991 63090
93555 97728
47625 59334
40225 73192
19003 31433
33708 59423
44099 54759
13799 95876
98036 98340
43966 67095
80386 98725
81768 93367
23154 84965
64127 90421
25782 86462
12411 48033
40707 82786
6770 61515
10977 51323
52957 95257
21151 86631
2597 58862
99414 99672
74466 94535
98226 98741
95140 95379
47162 64626
98756 99243
85294 97991
30909 57942
95176 99182
11366 82198
11728 79752
70 96740
30317 85171
36919 89026
12035 18645
71193 80000
95753 96201
32230 82030
78900 90748
67150 91817
10962 70792
72398 82525
88262 93247
50 20934
10195 88415
37039 86827
91471 94076
99901 99982
17050 41341
17263 20285
10308 11955
60616 95968
41190 67899
25579 71989
20169 82204
18770 94268
88379 98650
63143 82249
62244 75653
65828 73765
17709 44343
62586 92096
87647 94158
17821 92242
64559 76296
88414 88447
25053 28425
58624 84135
48689 49613
83910 84691
5168 35835
73949 79714
55453 83812
42948 94552
77974 81103
39668 94688
35724 72229
65949 80677
39418 85437
17849 89866
5430 66150
24713 62966
90183 98545
98246 99770
48412 88603
14476 83708
51168 51218
99355 99709
76259 85047
96604 99808
92990 98173
23650 31111
9753 52390
40979 96359
13118 56499
75458 98010
34811 61948
44980 79700
19934 55965
73653 84588
20338 60908
76818 85944
24129 77690
61375 73630
34578 68472
72265 87995
11723 27300
18080 40117
19387 64333
36056 37678
40441 95333
22579 38509
66907 98187
95723 97555
43168 94919
80383 99600
79821 88520
99526 99818
21181 69704
32903 63871
76236 91345
75678 84487
96130 97886
56991 95066
60852 83359
36510 55300
34356 74961
60000 99310
52564 99749
48498 64206
65567 84253
3826 15277
18993 63507
92876 93618
58299 83270
1542 65639
29368 75146
4527 82366
79475 85300
71138 78429
53637 89779
58681 97830
21096 43236
41393 96638
51583 76267
83835 92348
65993 86390
48119 71576
85278 93056
48154 65524
27231 53653
73121 92494
96949 96979
37563 97220
23861 83225
24271 83816
1894 11567
98267 98559
80264 84153
56350 57351
38884 45816
65254 67334
99373 99626
71378 89258
10237 16650
44730 78785
69281 81911
33297 51105
92177 95170
63251 77034
93221 97065
