852
54038 67850
20415 91169
91392 91542
55256 61881
23266 96867
15905 75990
96971 97900
96907 99469
32955 87121
36621 94250
55010 83931
93437 97564
41038 48024
22681 93736
50912 81543
96616 97488
69758 98528
8353 12588
11743 13590
40980 46177
3798 53616
42290 92998
51330 70905
26395 67712
19796 67771
62911 65695
40553 63827
39765 61148
27540 45278
42590 48792
48929 54664
43647 58705
8955 33209
41545 96265
57435 65360
27197 64141
61913 67535
3536 92351
68552 97782
58174 63894
10435 88499
18719 19724
6764 74085
76253 97117
95424 97197
51752 63642
50270 55827
50986 92491
56202 85094
63397 91936
48048 66677
12315 28462
43484 44060
5196 13342
26911 50992
65153 75637
82192 91214
20951 51513
32827 95789
33690 44270
8714 79892
43956 53902
51537 90565
97842 99056
38733 67534
2300 37435
44342 65035
77360 86029
76818 82760
8823 97453
40115 79674
57382 78917
10835 28492
57411 61857
79342 97695
85777 90940
3659 47372
48098 51461
36150 90472
14443 38351
75925 97880
23819 28373
92978 97304
64895 84693
44077 81449
47242 64940
19968 22993
91807 94149
82939 98828
97773 99555
55308 70105
86377 96423
20880 65777
99087 99102
90813 94723
79469 80073
80049 95695
75628 99533
19387 75007
99714 99937
99547 99818
1710 29685
31832 82704
5381 71036
4677 46861
44666 67859
26024 37178
45629 75006
4639 23365
82061 95501
3863 72666
44068 83472
55493 88264
69289 89457
58403 95471
26448 62569
8775 39954
31216 97436
48360 54813
88694 91053
69205 73978
27837 86117
17952 23480
52723 75918
86123 94428
90933 94243
32585 79005
63779 94818
15053 91561
96674 99839
338 90040
80876 81002
43670 46033
4840 87715
37434 65239
39449 66246
82134 88041
77089 98618
37553 82069
65187 97874
19663 62320
98237 98276
67810 94219
98797 99143
68346 95803
10101 87434
81950 91889
46625 71031
38710 90809
20985 48465
26436 43979
40656 43679
89424 90852
774 58141
18907 92246
67802 92633
34825 80719
90695 94626
41368 97530
48944 87522
64610 77563
35922 71205
16826 35244
92026 94067
62698 90125
9767 38240
81637 89394
36380 83997
89159 92987
86435 92492
22667 25292
27940 80402
53973 82574
84252 86234
74118 79695
48712 64529
44637 46351
95203 96170
78719 80154
15806 15819
59214 85172
81671 96385
15983 49115
23952 43933
87296 90902
5129 72835
61165 68705
10 58014
56806 67496
92105 99494
99117 99616
69833 96369
73582 99807
94008 99678
41754 69618
92060 93053
94018 94402
62271 76860
76254 89511
34936 94954
79906 98681
94230 98990
37282 48797
72683 83422
16108 92684
93584 97012
939 45663
6817 33431
84737 94243
41580 52200
13377 93690
3498 72399
92620 98763
92669 96309
87073 99525
92935 98894
92289 93168
24988 95213
69653 90543
35793 55512
86886 98173
62315 98058
22878 75464
54998 80344
12520 25640
49857 99309
89155 97994
76040 97897
76391 92539
38240 56956
21797 79027
91314 93714
97501 99039
73241 81131
62239 81810
12697 77208
41441 85011
69860 82021
65582 71121
2083 4277
92386 93193
67715 97805
87321 95126
50288 81771
76976 77130
35522 49377
8267 15698
87530 89544
86417 87664
68562 72779
91992 92567
55155 67212
93611 93867
13709 77917
90110 99455
83099 86841
43099 77272
45131 69060
35880 47009
64455 71383
57957 65909
97005 99791
20940 59723
55695 90977
64997 71466
30019 45960
9716 86442
9927 54450
57794 99399
46530 55740
37517 96883
56267 72988
42619 68305
41346 62456
53988 60636
10048 83507
92865 94162
33628 88915
70704 82607
9516 47652
2278 54390
81878 89677
3564 3798
38060 79230
9454 32706
75842 90142
86368 91247
19188 63478
69815 93381
30552 69366
33615 53644
24933 59511
22755 93893
54460 94818
14162 89656
22848 97714
18086 79712
68863 69347
11231 99322
90596 94882
61187 81390
20469 27539
65901 92673
69525 91397
36838 71287
78449 94486
34103 79397
84994 94168
54180 57953
97176 98241
2164 41786
14347 73224
28151 57252
52397 78792
37729 76230
1864 42833
22893 88040
19023 63683
12255 83606
42151 60397
54219 93562
81892 85829
48315 54278
1329 9803
63946 69522
16934 83569
77716 99209
3166 22223
52171 89385
15898 18126
9813 20084
93988 95110
13866 93577
85720 93570
80327 80941
78394 97333
17403 95888
80528 89930
31166 60965
25871 71817
90601 92766
50008 85030
10513 98300
92908 94068
36437 76532
486 64354
46102 80410
55485 99432
15427 48150
16186 38123
51697 73811
9751 20074
89900 93517
10323 80752
99850 99896
44657 85095
11569 68615
63485 94135
5218 54563
69559 81170
93934 97691
49923 80208
31545 68207
88709 96953
39220 62093
7610 18858
52159 69714
95781 99202
27617 92597
37379 59091
76634 77006
41624 43305
24862 88703
46156 96747
23268 81793
49299 98267
23202 61043
73821 88349
45870 81176
87706 99670
19862 92286
98054 98103
21706 66673
10191 75696
18832 31143
58924 60957
58198 80560
86854 87379
10692 55345
68054 74774
58026 78006
76656 91925
904 5758
89999 98584
24122 27120
82806 93820
16650 58862
60246 83189
49892 93940
75991 80418
89680 91760
29101 38457
22732 86263
89013 97093
95388 99509
16388 29740
85628 91698
97170 98950
76995 90724
67534 77136
55054 90203
93903 96231
89746 99844
1760 21912
40332 86859
99609 99940
91059 95184
91440 97254
79958 95935
95815 96801
66265 91642
71709 97739
83790 99914
22192 90895
56420 78359
121 709
3861 5312
39316 45138
16368 82184
94440 97518
7668 74104
70316 77099
69752 70136
67310 71241
94502 97983
23784 24944
82949 98982
56322 99982
95328 97096
22019 91829
46301 77987
59695 93353
51378 74831
96977 97157
77241 87718
53089 68041
67866 97114
50113 94906
2040 65829
39975 54745
9288 30517
57953 81014
95968 97552
75536 94002
93792 96230
59487 70241
58871 73139
8431 93981
33014 58058
83194 91304
93988 95421
95244 97771
71497 77487
7012 34463
24814 64813
83526 91888
63442 81689
44468 95086
99231 99793
83852 98381
78477 95802
93908 96637
94153 95528
16143 21772
70341 78771
83353 90541
77489 87735
21370 98378
2204 92853
75884 90296
57169 82169
16340 25800
50376 70186
55825 97477
72005 78006
3613 20043
41930 62074
12791 66878
42079 67318
97215 98374
90662 93326
11517 91603
46485 83024
84906 86480
17896 24750
15244 16380
64287 97099
39211 61556
1858 43278
51181 79287
29716 42791
77109 77618
18631 72173
4837 48485
99640 99712
98842 99070
35043 80096
7726 76695
80554 91120
21259 62666
95223 97166
91462 96218
66984 91107
29395 50119
81345 95981
67469 69936
72346 85390
11796 47004
27936 93595
74578 85460
81114 98963
99460 99679
44151 57695
42087 92624
97668 98820
50450 71439
58329 81347
42133 56518
74114 80771
97073 97687
25863 68910
2307 83898
59790 94076
60576 85962
58514 99379
33010 98593
94524 98263
64088 92297
59315 73506
19984 82439
79730 80671
33220 56783
26944 53025
96925 97324
10090 98405
77286 86730
31796 59521
84656 96666
66713 81134
86802 94408
78578 92513
66844 67939
16886 50466
67474 98665
78294 91221
8660 93889
22988 95152
46163 86850
27155 66413
55084 92108
73627 73911
35989 83775
89185 90300
93247 93574
42661 53309
7739 51365
52995 53448
57854 94024
24674 60341
44967 53219
52656 64277
86404 87177
24747 40193
43919 70025
67068 82249
7874 40216
73151 84992
8933 38932
70121 87215
32656 99486
52854 86698
73765 83236
47126 77409
20324 50628
7036 41627
58322 76005
77634 94255
84845 90303
72542 89745
10038 86764
14482 24747
40386 50780
85606 99290
13999 98067
1930 26645
77013 83556
33420 89234
58416 91771
3672 39311
52611 69805
54965 67203
25490 44824
84714 99915
94691 94937
90403 96894
10816 55559
58605 63295
57698 77213
69370 91382
15342 96665
26248 65256
72316 98213
7402 99038
64698 81139
53636 70504
78699 80624
62304 94128
32928 60677
96731 99207
94710 97641
7264 51430
95697 96845
31422 40700
8211 15344
48057 92032
14392 43246
35966 79125
67132 70565
79895 91705
73350 76410
30456 47797
97855 98744
40856 83173
44404 92755
42494 89387
72344 78773
8370 40106
97925 99919
98543 98983
41534 50550
21393 79912
19029 41936
89782 93143
72258 72295
50124 78251
12185 51187
64224 69997
57587 87424
18253 62727
79975 85074
46252 67382
64574 73240
26400 69287
21405 25551
9319 63937
38214 40684
16475 88509
11764 42040
3596 14416
92660 97016
21327 70898
99519 99895
83331 95609
2967 79780
90971 96829
85928 98761
91091 96491
33870 82572
20723 77269
21155 75558
46231 95692
19561 97551
27130 51099
95929 96315
53850 91072
81193 94034
92702 93967
36022 66797
36030 96120
78402 81385
53895 84309
21523 36751
83736 93926
7617 64964
34859 63585
50690 83183
96544 98090
35687 90457
58928 87980
92599 95771
70942 88964
24291 72836
9639 89858
33282 99575
34314 82157
61492 80971
87304 87926
19517 28227
56130 93784
50172 95813
87543 95910
10953 52124
15789 96750
21025 27337
74014 84043
27184 28381
76796 90531
85887 93907
243 1468
21296 67717
66340 78465
49800 51077
72517 99412
22018 32327
15174 61878
63668 95039
36728 79914
52096 53772
14847 52332
80785 89237
64215 91631
67735 99995
33091 50318
99148 99903
57621 59729
29677 53001
96910 99165
542 50143
2619 55855
80317 84739
69784 73500
63339 81128
93023 99122
56652 84457
83099 90675
27695 37612
3732 17322
51869 99163
16853 97663
15955 52002
28604 82583
10104 60320
85697 96520
65127 99161
60720 62365
70698 80984
21714 59030
60603 67495
72625 82368
20380 91121
22267 27643
14656 22572
91473 93228
60949 84974
33313 51548
58290 89481
70196 79308
44481 86978
2082 26845
30964 77289
67069 71414
82466 98991
67201 81783
72979 82653
2928 19411
80121 90043
14790 53320
9326 15331
41775 93472
10305 91729
89296 97674
78187 88482
26180 84952
17415 89732
760 67476
31901 36695
87509 89064
31091 60403
69720 93420
26194 69678
75825 87239
66244 67385
85212 87875
82463 98805
50841 79883
9931 55537
40903 53813
5440 95468
98394 98976
89763 94458
59805 93200
11926 81564
84089 91107
25672 72056
99664 99986
24822 74702
11622 35175
95096 98643
64590 84458
13620 97668
56014 69249
78512 89193
4956 31945
28814 34097
80244 82445
39285 43858
84863 99943
59696 83863
31599 85566
22087 89192
637 82818
60138 97486
60999 62398
2250 15907
38523 83122
89054 98600
97121 98199
14175 32730
38560 73951
81607 82079
19724 23217
13655 94256
10785 46619
25883 84060
16760 36957
18843 68232
93527 99309
1985 63679
73842 98016
41112 99754
14574 27396
71071 71789
54781 95988
82403 85008
62647 66007
79874 94279
82224 85336
30586 41674
94606 97190
21154 95959
75851 93748
67520 89358
74558 76348
33119 53592
77012 98548
22670 88938
67192 96419
43730 76851
97693 98069
48727 57754
600 74910
89592 99431
