1062
65800 77765
54385 70802
59767 85589
23461 34758
81979 89084
78851 79193
58907 97415
43627 57396
54975 99428
35298 84845
99581 99815
36497 48996
96619 96968
2475 76249
77786 92192
44019 98074
63051 95594
31403 49254
92183 93140
22333 35737
37450 73480
30815 92952
3783 56137
60518 90819
83588 92970
58827 66204
36347 91758
13989 59255
11654 41705
98124 99390
54171 70754
8652 41548
25611 88337
20978 48290
31462 34639
90377 99088
52071 67438
16224 71821
14362 31961
6406 30936
85466 95669
97448 99481
92904 97546
40953 80486
90163 95007
48451 62342
46969 86091
16784 62459
8286 8777
63318 67291
31099 83140
46637 99344
21108 40514
145 20711
79763 96329
36806 57404
1514 55630
71499 81148
21859 87124
68873 73961
24602 47974
26609 73441
13208 91503
34422 45961
75441 91406
88926 97798
71045 81534
24648 92204
45140 88941
93124 95551
61568 93003
25830 51567
63112 68851
69555 95502
40367 83436
19349 44449
30708 83951
69297 81404
63037 88959
24983 38643
4343 58427
53146 83437
17621 19104
52192 86051
87130 96135
61363 76383
27144 74463
85456 99561
15747 31626
25943 41545
67060 85145
22597 91904
82598 82603
32411 77400
48840 79183
76374 99926
73769 98016
63604 79996
24915 85175
73433 80270
33952 50898
30278 56787
12715 90811
1015 85774
92495 92631
91003 91390
38216 71455
70141 85689
67236 72551
12768 71581
20098 80699
90285 94695
89186 89701
37769 60231
25020 83247
60272 73736
62547 69609
1969 71212
81975 90307
51796 80350
90945 91107
11863 65320
94617 98207
92706 94079
9481 28316
41527 59436
32287 73632
84627 85412
94797 95598
72924 76013
68387 79540
64143 88801
31589 97391
73216 86589
15766 44813
76009 83112
9192 44117
96767 97707
60898 88407
89497 91617
19415 39782
98808 98944
24132 58508
22343 27845
40201 64541
78092 81558
83923 94964
40951 62066
40241 53917
77177 78162
24913 53869
86576 96417
68220 98748
97741 98179
18553 26031
21619 95991
31293 89576
75203 78482
36775 92111
60447 79076
38345 97574
55050 88086
38545 45760
66545 76501
1472 60650
81314 95855
34987 39460
71553 75814
95891 98973
50743 55231
66618 99672
42948 91707
84952 91830
65425 82052
50427 60750
36853 52118
68527 83518
9921 35812
4765 24200
86935 91862
65188 93163
61047 96638
42196 94096
50372 72391
16415 83896
9318 58074
68534 76654
14268 55423
52872 93822
358 51998
42507 98160
22435 68218
65996 86759
50311 74390
60007 75883
20018 75822
13741 61879
2379 38952
93956 95856
69552 84779
55425 82425
29542 79166
4264 32113
85378 91512
59670 96500
1853 28435
93321 97947
979 64752
64097 74075
78870 84930
52652 98107
29126 89446
62834 70082
42548 67302
54638 91154
19081 21676
74451 80194
21286 32479
10013 59473
89640 92481
82235 90886
88280 91176
8813 73723
70020 77619
17023 63457
83306 89720
72807 93628
77591 92440
76351 99724
5711 56576
60986 85240
89849 97242
51614 61031
50618 90997
25563 58362
97162 97991
58114 81478
96841 97973
4144 29591
18864 49830
51977 63179
64087 66854
34074 97877
64834 76394
35545 47184
85045 94764
54282 57207
67310 70613
25658 74913
12135 84113
4061 90938
88796 99065
75320 82462
80210 97830
44142 62856
7518 68808
15424 62794
24725 89367
7923 95776
85318 88040
15718 50385
61668 74974
52846 95616
19123 38482
75977 97214
61501 76641
15207 84154
45465 55338
68211 72046
28127 48051
62488 76995
94175 96766
56682 99443
69313 98566
97861 99446
89914 97692
64850 75285
98294 99294
16382 86746
50980 87322
62736 96006
80002 80922
41778 74730
5484 87238
51916 60390
13454 64956
36699 90642
69664 93467
12959 36788
78587 88540
5031 17768
81563 99554
86696 92473
19690 72748
60741 99550
99670 99948
4238 95905
13883 20271
22296 88431
58302 89683
67112 97101
72321 72911
50445 56823
64465 74317
3637 30080
19386 64943
74956 87744
30819 60196
74907 99284
85206 91761
9936 37358
59779 87502
72062 87718
56873 75363
23512 43043
91066 94131
95064 99947
51633 90442
70710 80637
79881 98668
19970 27805
10685 32301
61859 64446
2223 84259
3757 19434
11537 37392
81872 91527
37691 85810
22916 66991
36815 81925
17455 28696
77480 96055
33004 48349
31579 95124
72460 87350
58497 94185
77777 86813
35959 86739
18474 84009
57370 85991
48311 76709
42164 42820
31734 56214
97259 97295
25823 38530
56711 60156
35208 38988
31204 43445
940 89178
66814 99847
88571 90788
42133 42895
85860 99777
94801 96861
37612 87440
20330 94428
17918 65379
30630 97636
85033 86476
52562 78553
82846 97025
10688 54161
61716 75045
56684 78002
26095 35932
231 33982
28726 92605
82129 91811
89513 99099
99583 99647
844 12594
73286 85137
8462 49912
63336 94220
80510 97834
82998 89410
56724 67752
26005 29956
78455 83063
16921 58278
27427 98147
491 59934
39757 66538
2656 17211
85472 94033
20490 20935
86037 89925
5613 90614
22352 43183
4529 25811
75101 88394
69807 79775
91881 99934
90894 98920
80554 97574
99970 99984
80078 83880
32293 51513
2515 95652
73284 82389
47280 63785
39260 62204
86003 98058
5747 99257
38456 88083
14185 96586
4569 44769
69801 76268
91353 94029
38356 59955
24312 65952
90712 97678
70203 78560
89566 92588
94799 96493
93671 96815
99681 99973
39695 83440
65995 95227
82297 86683
62238 80524
70052 84160
48953 57958
50883 52394
77973 78446
4049 89724
90103 94890
73206 86094
61580 76647
75520 88777
28448 52848
20626 65118
65220 90596
92814 95597
80459 83823
35045 47962
27020 98882
74463 91931
72301 82605
85674 95657
91884 92387
26902 35843
68817 79580
61801 69004
7156 59933
18841 23663
33558 79847
31106 58184
42022 76064
8775 33178
55988 89199
66764 73145
11531 14995
31567 49215
98082 99439
88589 96075
2276 28549
86330 88092
24500 37295
43361 97463
13538 31914
21561 93685
77475 95534
8719 86815
40039 43482
59013 72659
19653 95134
69683 93726
59298 68382
46420 94769
24116 39115
41278 75868
77051 83943
3534 75554
60756 91972
7948 62348
41539 45088
98550 98948
84267 91908
5241 23836
72753 74690
11496 61750
48539 93772
86861 94782
1671 70840
81893 98921
78389 85950
19372 84106
91286 98241
68371 88178
88841 92017
71289 73713
48490 72013
83324 93571
9075 47291
2550 65005
33574 37068
48694 80415
22537 73284
55472 89719
68116 90653
83496 90810
89589 95500
43761 64884
39967 91157
44013 60328
30964 47890
44697 51151
96441 97324
46236 61816
49600 50034
2155 48306
19229 57485
89815 98852
38930 85075
10205 95623
34971 42622
17855 74690
24910 59244
64100 83732
97577 98702
92068 95441
5381 71043
90310 98145
19001 94316
99264 99718
32651 94153
22755 24608
94373 99831
81086 84917
92446 98636
71852 73440
87928 99772
86508 86637
35744 55129
13628 96709
80580 96250
68114 81083
43140 79991
94714 98386
95119 98514
3209 25192
27618 32487
6776 52255
82697 90459
39633 62111
58119 91587
34354 63357
97123 97685
60342 72082
66766 75651
86334 95280
42010 53708
7342 93201
87142 91429
69467 78879
84144 85697
67626 83439
70142 92881
89544 94810
58743 61082
32521 81300
99487 99673
20755 28364
28626 84502
83313 89746
77026 92143
20059 29850
76478 94750
61594 76659
96429 99135
50370 69661
47871 50168
58571 59435
97961 99693
34911 69292
26101 28269
58996 85290
74540 79721
8199 41615
37497 86533
8701 74109
31816 86614
45324 75777
16109 26710
5987 90371
44488 88959
28528 95752
19919 67295
50982 66890
1948 4227
83012 88441
20039 21054
42657 47263
73310 73560
52681 99085
26931 51485
76785 94128
95443 99152
11769 63511
2489 37066
42205 59571
6439 89777
12561 21272
9242 95222
23270 70578
21120 87279
60983 73168
39454 78745
72671 75409
96132 96675
75023 91836
7875 46489
86797 93818
36278 44779
79702 96176
78640 93346
33136 58873
95001 98762
82851 93493
62914 72565
29563 45113
61702 77087
98852 99519
34402 93720
23965 71950
40 65274
90931 91558
62756 77678
78625 80810
74873 88314
61691 95382
18341 62427
84361 99655
71601 88555
65182 78013
61282 94252
87380 88597
79269 88830
72444 82939
40917 93904
99767 99998
62382 64728
35318 96431
18273 89006
32091 96058
25562 59394
94110 97862
89293 92610
98807 98898
95249 97514
87423 91036
16225 20508
14670 60606
64982 92254
79010 98843
7231 73892
24453 80212
1071 62578
23255 63599
25486 87295
91221 97804
36756 95574
3804 25377
65085 94462
81638 93507
8376 52843
1149 10474
36563 92626
41278 91086
41603 45836
46339 96760
46602 65165
54817 90783
53270 64883
50771 57189
78111 87034
28997 54648
55052 89233
57468 59027
20390 98166
55525 97279
21412 41500
54917 79620
6978 12063
86047 92425
20839 62889
23864 77828
38060 94122
28738 43644
75054 81102
31895 38153
10738 89274
80615 94329
25207 31361
50392 68800
3986 7965
62421 82040
38745 58140
30828 79708
33206 68826
93161 99650
46800 74068
8 54517
72580 80259
39949 87969
2293 9075
63776 82264
43936 96563
59178 99411
61800 74830
45411 82168
4909 24793
71971 92170
74011 86962
40481 70703
5142 38261
94802 98468
87741 95289
82767 92386
44865 58869
88449 95526
85374 94037
64775 69610
50680 84841
7603 13233
36242 77632
23110 91779
86020 98319
63440 98547
73147 75159
15636 91157
94967 97025
40043 45706
61140 80383
79851 93316
68639 91965
5 69670
50267 66637
98564 99285
701 51651
4093 92953
10343 26711
60342 73150
4620 31935
42188 96584
35587 48253
69769 89085
36299 78344
32457 39471
67749 68434
58327 97186
24046 67772
37488 89765
20474 64989
25865 97823
84733 86012
42705 45525
65700 87287
53129 98708
93704 98373
33343 79290
36092 44619
74651 99154
86395 92522
2206 89678
84954 90621
80764 98302
54280 87959
43379 85005
60245 82011
33512 99482
77812 81405
9673 59876
45197 87324
76197 86039
62585 87685
150 86285
1718 21732
45687 77953
22157 42073
37143 73640
44124 78055
6070 16826
36405 58817
37688 91727
30125 45987
91841 93304
47736 56168
18040 32852
29705 36677
82932 86098
61814 98088
66361 92044
61622 96924
26128 37064
87252 92756
537 86449
36527 62788
59199 66955
92486 94800
45802 87378
42422 46117
65498 82696
76425 99303
37965 95900
45408 51698
64382 77629
73517 80244
63384 68003
78296 85247
3449 40019
10087 10325
4175 51118
16053 23763
83502 90649
55945 78580
17203 76596
93882 94204
54217 69751
83028 84807
31745 74192
23275 72297
70201 87580
51980 66102
28616 38023
2768 36751
15281 46961
78394 91428
51877 53996
41683 77043
10855 53504
63144 98046
12674 62095
58066 70410
18451 36468
49492 53992
33545 78025
20686 94102
10517 37953
15364 58419
87335 99864
72439 92682
359 96179
81043 99670
24563 65551
88596 96969
83930 98826
35558 73643
31526 84920
15419 99492
38843 62078
30545 62907
82119 98556
27989 75938
85147 90569
19529 95630
35501 69526
34599 63283
58565 75880
45626 54201
3845 73138
38003 80026
54650 80145
6826 64607
21323 75021
77191 93291
63039 90031
80874 92752
2150 9941
1176 78329
39881 60090
20970 24741
58793 86994
82274 91746
74909 86239
92916 96020
52456 92831
53866 54709
66731 87151
87128 91263
18133 20140
69912 93452
18892 41427
19982 23920
77098 78346
52991 74464
472 89321
95538 98039
87730 91011
87233 89618
49404 79936
53112 77972
3227 29587
75017 75882
75837 80628
58358 98954
37013 96450
49201 89275
52720 88975
44874 58146
14241 96069
65276 90260
67469 75790
74978 79606
30594 54574
80437 87045
29998 42207
27410 85331
27049 81805
76351 97079
31859 73678
35702 95704
67550 95229
3354 38964
15003 16042
42156 78356
21290 54207
76009 92124
64332 66363
83966 88270
20780 55303
43836 98326
73214 91678
10476 70669
44458 93512
49057 80636
69444 81702
93083 93192
15516 63479
5269 75973
60869 84906
24295 34939
55832 70958
67852 98996
46652 53716
65842 67188
80837 94265
85646 90831
71089 85711
26334 71541
29612 30588
18585 29729
59939 90864
77831 86465
9577 59641
40999 70335
63126 69290
76533 77560
51562 90809
4680 70699
44065 94912
78129 86618
99117 99767
84930 88488
5999 64999
76674 78895
72492 95609
75470 81384
20144 62389
32385 65314
59709 86273
97713 98650
45144 51414
49632 78005
97168 98052
76302 95386
97979 98010
20284 56865
3167 34241
15816 24164
71972 84161
77730 91187
64497 88228
33807 59721
65467 69281
4566 50142
86750 90169
10297 18120
94699 98534
37951 77137
13453 16061
31289 51908
89870 99008
78081 81163
19305 91873
17395 77819
89334 93711
77078 77759
79213 84875
21357 81184
19338 40155
64675 74271
11129 85297
50593 55464
68494 78270
15704 52676
37339 60964
80839 93895
90934 96665
16070 58058
73796 76804
55571 71739
18786 69512
69003 96540
29983 55501
63228 94778
23579 89485
48936 59491
75828 85048
62022 90330
24778 39400
65322 86912
33080 87683
11921 52378
65687 72631
94734 95385
84117 85030
14640 48818
68751 85348
66423 67273
51050 71090
43473 89709
38360 54152
84231 91445
25084 43083
29149 75195
56098 74885
62668 90181
44973 80295
86444 97432
95398 96324
81655 94042
72008 97814
12205 13099
8296 98864
83914 94666
35056 73664
90566 98832
57791 85762
5109 36494
21566 88202
14669 23946
41631 49495
87758 88630
9297 34025
92986 96896
93586 95011
26537 35775
3568 83620
46648 59313
58439 79708
72676 90097
33350 68091
6369 20790
89166 90766
82898 89741
37296 77459
76548 79869
43741 56079
51828 96270
56020 56906
