492
63440 68131
34855 74626
6201 63754
60486 69770
85670 97960
13747 23693
25407 91238
49350 69049
21470 45016
43465 86032
66831 75627
1965 53488
7394 28623
99120 99170
57227 92634
7224 17969
21028 63826
94929 98097
60903 60918
40 16396
69710 69999
67668 92015
43706 83321
44838 64495
57103 85862
86603 87823
43921 90056
74347 85204
37696 44026
87244 88489
61636 65717
10932 66039
50855 60733
73275 84586
85963 97320
35077 56432
63696 73620
65336 93721
66017 73034
14462 70453
6092 60186
61900 83378
84645 89477
24144 35194
7195 19280
36650 90034
87417 93390
65457 73461
81511 95952
75464 92209
55342 62542
48665 55914
83451 94519
32800 77067
15351 69850
9679 26550
98977 99819
13516 66597
77294 98462
40128 79729
13150 34794
59830 61706
18642 21664
49645 85814
99228 99416
12793 25498
26859 30074
60556 92460
75377 96079
34683 49675
32228 82912
70544 78850
38780 59488
60876 73756
28106 32897
48070 52077
22078 60637
6109 41422
47535 69392
51466 81543
63842 87834
80802 93003
48137 65782
95058 98739
60286 87908
47800 78420
41848 93182
95699 99816
94558 99239
73201 81787
97736 99239
50451 95325
28191 77411
86929 99989
6591 53240
31234 50001
158 69391
63233 99817
90414 92431
46250 68596
46624 55272
52570 64415
39909 63568
60880 74188
33272 95231
27735 60452
6082 55537
55906 78005
5218 82023
85919 97252
67561 71383
42385 78012
83402 96228
45393 60948
25832 45793
88112 93654
49790 68431
11867 54105
46159 69753
10566 33393
13490 25700
86467 90070
66666 78283
43947 58102
41454 42492
52092 73687
88638 98916
98087 99344
35032 44351
29739 47902
10167 81250
38770 83308
25271 86783
35815 95912
84807 87712
73754 87585
92431 94555
36702 62553
56813 67172
30497 55349
81966 84930
11586 11810
84537 90826
49971 63961
21948 35785
55961 81753
6642 74003
1576 72567
26743 64001
46986 64265
32113 62991
17795 42201
39592 80853
51605 96358
39731 57315
65556 81952
77221 86141
87518 91499
6063 43656
49406 93808
80876 99105
23074 23412
12335 65061
45133 88236
81553 93332
73864 76923
33823 80843
90643 91558
82500 92734
37923 90538
90780 92908
89328 91420
35352 37798
35862 88940
1864 4638
64317 77422
838 18173
84380 92254
3516 51372
61527 94802
2061 57999
21655 35054
79655 98136
6089 68413
92596 96318
38241 89013
92286 94506
92988 99166
80230 90737
53449 57760
49723 74035
80820 86993
66580 84730
50387 97853
47943 67076
10258 12633
88565 97022
32475 54414
27661 75788
11999 55811
59722 94268
20247 79954
54046 72332
34047 67955
69498 87304
3708 52649
16604 77807
72416 92514
40096 51726
13181 52675
27253 64982
20532 32380
12758 80977
38226 48446
64965 82316
90938 93287
64586 86606
4090 47932
81441 86183
88836 94803
40344 45810
9237 60205
35741 90503
28266 80453
84571 92883
2717 68055
1393 86264
2615 56366
66163 96978
66124 84985
6993 86827
88357 93629
8710 23373
2396 25550
93643 97532
94836 97076
5747 62974
90832 93002
50987 96742
66981 90207
76617 92416
25112 54592
65817 87951
42198 68167
59701 99597
35462 41504
47927 72317
13623 73542
99230 99956
86374 94980
5225 63713
71187 89730
10284 23880
65172 73694
43987 74803
6296 28908
22209 61422
65136 93071
24950 74747
92275 92560
43611 55342
11088 46932
42674 95314
53943 81946
58316 67416
63577 76286
72361 79767
52016 70509
59859 95114
32540 69983
45032 62892
44148 80371
79755 92113
95760 96138
96051 97500
13308 94796
90659 99280
2436 27887
60035 70609
8173 79830
68927 81416
65537 96088
10163 50787
35794 67704
90015 93740
29442 56375
47090 71328
29497 80104
61320 89555
80819 87267
82563 90659
43220 64667
60002 62560
19168 98603
53584 81262
13536 52458
14861 97618
79352 93572
9658 53744
5361 39181
8302 47869
66164 73141
64948 84047
95139 99794
74320 79123
99722 99937
72500 95529
32168 93782
54171 83074
47971 78856
28814 83813
56309 68240
60599 60924
97524 98189
11927 58947
75485 81005
14527 92521
44011 50324
83548 87930
91064 95352
9604 69351
17752 86508
32408 75310
59432 92165
46448 77103
1391 49879
44580 89001
38825 65807
90593 91053
75085 99688
73561 93371
68869 86883
59515 73044
25140 69559
39372 94038
33421 89544
56213 94239
45346 51011
30534 85226
23691 54670
93710 95641
59864 60929
71050 91618
47343 91767
66521 68192
87991 90941
84353 99221
79273 81555
5135 96015
40674 61165
72043 96658
50992 64520
35630 81620
36349 39514
30606 38049
43247 91998
31179 60379
24702 67060
38312 83513
29732 97253
77981 79284
18302 28071
67923 72119
17472 83720
81163 84181
54099 78222
75188 92770
84322 99850
85425 94323
51498 65641
47115 76249
95877 98107
89418 98948
90198 90894
65411 99439
47805 95079
62292 97700
32742 77931
18690 77767
83447 84993
83491 85728
16661 84220
63229 94312
70454 73497
31560 83294
45730 63161
52282 63651
97470 99595
88578 93392
88441 96070
92040 92325
71911 92720
519 99760
79391 87308
65464 83743
87773 97361
80059 83294
17988 91917
31827 52981
14583 72608
76464 87272
36519 78683
27324 76955
57073 67476
48810 76644
55843 63095
13561 91927
27139 68869
3725 85106
1888 97617
12050 82091
40536 73487
99764 99971
19996 41402
55643 97386
85678 99861
61804 96845
96784 96904
61055 83877
44126 67650
75594 76706
12744 93476
59293 89879
7286 12886
85292 95914
53370 66722
87793 99567
56409 62919
66481 86499
56419 76692
58410 75518
27550 91343
10530 30651
59631 81550
15864 95593
81702 93657
83939 84487
4754 41792
56848 94560
37569 61812
9772 77165
97647 99391
50683 62016
4169 92699
27550 40015
84025 97289
77352 86657
64940 91949
7696 39082
60964 95759
1439 85753
90175 91471
5340 69934
7748 21548
25514 56081
15586 62011
79151 90656
16862 81129
83077 95613
93292 99381
27695 61225
13326 48066
13174 95130
55391 59657
18185 63900
98593 99040
32721 96285
27118 72226
73169 85629
59232 95069
49280 86443
77770 90869
46484 51871
92979 93133
10905 18416
41851 68318
3748 21875
27413 32867
94979 96632
23154 40621
95640 97111
17638 63140
38499 98052
64834 72825
88684 93213
10553 99177
41369 68458
91762 99873
45619 72725
23865 99088
1231 54380
21235 31703
