1028
34165 67746
93292 93512
39068 49316
27323 85422
15195 85862
39712 78402
37473 46524
13112 20646
43505 85507
9152 44162
61464 95070
1098 82474
57327 65607
78975 84820
23538 64752
44803 47031
56937 90471
6141 13669
49630 82988
64233 80179
22127 67444
83707 89036
97110 97923
84639 85054
50601 67341
27888 94414
74663 79717
23694 88539
95737 98340
62027 92845
60028 74996
17261 21707
9035 93251
25527 91295
85859 86331
91109 99669
69965 90063
72520 74634
22989 38629
57607 62440
81065 90668
40385 62585
98846 99665
9001 51793
32095 47303
51142 92535
6061 83386
72570 81769
55657 59087
52937 72014
83000 88226
85878 92270
78905 87628
31784 55963
45222 46796
75224 77161
10987 59060
10975 44628
26989 39162
52465 77329
97267 99150
71042 91009
31187 51274
29147 63319
85038 97166
91167 99889
63929 65805
25538 39596
8867 63579
83827 90985
58473 83258
94813 96690
6103 26619
58466 76379
28512 63651
82775 95052
19099 31171
44254 49762
39342 72930
82659 91175
67689 77712
20761 68336
31811 73404
13382 51143
67148 82328
57101 93859
16977 90976
14766 94493
47609 54564
90812 92052
55219 79587
3295 57978
5387 63065
80508 88959
45139 71178
38266 72795
78966 96609
36430 97744
53236 89549
71167 76726
87150 90373
32870 93010
65013 75535
97486 99893
7597 66279
58703 95801
41390 63722
30915 86346
26384 72232
75878 80271
99524 99932
18658 46505
78116 82071
19581 32480
99238 99803
80228 83303
42424 51645
72888 83493
49837 79282
80901 93078
35652 39741
7325 41443
59101 75232
91021 97249
19377 77110
43238 79573
74918 93595
3919 77969
94634 95071
76369 86681
55883 84520
18385 44097
49796 80528
51786 96057
99426 99982
85487 95377
96242 97018
67896 89436
40351 79133
93500 97884
47950 64914
23180 60583
39630 86933
70509 93324
55857 81134
75665 90488
99550 99976
96245 97935
53508 62575
96389 99754
11563 82465
5145 7691
30436 30613
58021 85248
53098 73811
90123 96555
54056 97050
43199 50540
54268 59496
71243 89264
1668 10114
80094 82037
14252 83716
47849 82218
25684 78305
36910 93551
66178 70982
16962 66007
27879 87454
19823 91962
19508 99591
32685 34157
88036 93929
47111 98889
40398 59136
17924 63201
96895 98713
40747 63763
84451 95035
61534 81471
37662 52199
87720 93113
78487 91507
46497 74873
81399 95580
89846 98246
42925 44461
33434 40441
59666 90983
90201 90412
70208 92197
37747 51565
73497 86520
95412 96691
54283 89457
54012 86150
31112 99074
7124 44161
18199 87224
9300 54083
46350 88577
934 56501
91505 99442
64276 97043
142 76817
3039 26207
20848 78447
45498 61800
12727 86427
865 2794
72710 76567
35413 69096
78046 93674
43667 63745
43657 45773
4922 29177
4964 10501
9111 60404
59405 88159
24109 34872
84139 88519
85723 94416
96363 97399
48891 75374
22032 34022
22622 86667
53680 78685
76213 91843
34758 51765
46124 90679
63934 93466
91736 93535
16158 81110
71565 72240
57775 72124
43331 58390
88426 91727
39306 75304
17898 46975
63335 71280
62402 87614
32795 36992
80298 87602
99950 99969
98100 99959
12704 78479
23225 80145
2364 98235
60745 95339
11082 41705
40747 64415
88410 92672
54815 56408
36901 73577
20835 56550
44096 86135
95622 95918
12403 77719
47078 62223
85691 89218
4340 53181
69164 88178
97901 98074
28328 82151
13379 79208
68530 77544
90947 92685
61088 96932
90000 91764
19344 76109
75444 82190
34627 79500
41864 99465
15573 86053
81902 92858
62494 65543
73858 94231
80513 97893
6723 41073
95081 95503
49759 96204
75516 91123
74242 95929
83115 88610
15651 40839
45732 71076
61812 71797
93220 99959
83511 94333
89544 99595
58253 95778
58276 72844
85494 87479
3487 7885
88544 94748
40774 48817
3639 48615
74616 90510
15484 86415
14392 92726
60597 76286
25449 78239
32416 94427
40180 47626
40638 95149
38620 50367
60982 73694
16690 68388
18810 77192
9464 92406
32320 49295
76961 84396
23413 52053
74038 79818
69283 82217
82410 91071
82800 91065
29338 69663
30938 88333
52304 62949
32531 79307
83186 96827
81031 96660
55701 61406
26297 37573
68058 81694
23366 47991
45644 69558
38458 90483
53861 72298
99172 99402
75524 86599
98048 98628
23479 69669
52857 99024
5144 28578
75689 77987
60199 81353
85719 95018
98830 99141
92950 93657
40953 96944
35 28338
54089 81898
20774 30308
21929 99497
32582 56338
9596 72880
74755 91974
74853 91173
54331 78645
33814 52826
83235 83246
55259 68264
95756 98391
89285 95731
35651 68764
54642 84228
34669 99511
62282 83191
79664 86392
74589 91285
12554 78501
82241 84160
2516 18094
41444 89180
73142 89084
78139 78911
36730 40231
74488 82780
89229 97559
24261 47859
12960 69762
22508 83339
35002 98484
28709 65798
92751 93265
5132 86254
59268 73318
16291 39807
83842 92691
16757 46269
50221 80112
99935 99948
35542 58627
4708 25205
21367 44805
39785 60655
33368 38468
22961 37123
93614 95909
68320 83448
96213 99014
43799 90268
94036 95894
584 78978
61032 98380
80109 81221
23299 29492
93249 94014
76328 89875
82647 91767
57348 98008
79260 83671
32905 81479
22347 79035
31240 37020
58454 68873
82993 90527
29047 77629
40257 93975
86208 86229
61475 90053
99121 99975
20371 38174
82723 99353
67588 97999
24896 44089
47580 90210
39909 53872
59945 94767
80054 96779
10508 79101
82146 99625
84110 88410
35452 79683
43008 51813
57225 90070
70084 72787
74249 97208
75790 94760
38914 72250
42931 52144
95636 96137
57299 62599
84974 93220
27635 63600
62234 88917
58838 81522
96349 98103
8591 58646
50051 54927
52160 67844
9017 95812
90469 95252
88441 99944
43900 82841
78174 78872
14847 20547
61983 82329
26063 34294
44567 53908
84402 97868
19621 52942
30386 62293
48331 91529
33782 35067
79850 97554
98751 99713
15906 52807
23689 47631
70225 80797
37548 68503
97373 99421
97233 98911
64371 89717
86012 87505
40189 76170
63195 98446
98526 98946
55949 69118
93361 98829
72036 85729
48405 99539
63905 77659
88766 93583
19874 25354
39538 40633
99220 99906
40236 92965
65887 98898
90137 92216
99540 99787
65318 86182
10844 98147
3612 19254
61811 92423
56716 87100
96198 99190
74612 98827
66253 82971
52333 82335
25990 98597
96201 99034
54022 80299
3028 57372
69633 77304
51973 96208
5904 11914
89006 89683
33021 84645
22971 92078
11396 85584
31093 43727
22844 44357
65201 80732
6617 63374
27544 29344
28183 99271
88009 98440
44434 56995
75593 96861
60331 94946
78328 89992
11394 53306
97858 98649
84861 96537
5065 85618
46621 95774
32566 78374
63022 64924
23031 63251
57990 83833
60317 98345
59989 72688
44844 60122
3543 43163
51383 88893
40774 97051
10805 60215
45989 50268
45089 88621
55115 85674
80542 91248
70087 83189
87225 95111
5220 16446
21969 61055
45965 61663
95855 97862
79006 96447
45189 65282
33344 75867
5910 62682
74092 84910
50681 79364
19993 77681
42721 91126
16870 95383
75171 78509
36836 41277
94184 98064
1718 43491
82907 90792
62661 64297
53876 64592
65052 95365
72665 97920
9450 43082
87759 95285
1437 33928
29431 94337
17992 36546
92631 93641
6819 37101
58111 90021
63717 81125
65128 66279
86464 87832
5596 40797
81687 91375
52894 86753
69437 90290
21241 68105
54329 56778
70254 94122
95645 96761
44455 50070
8540 84251
5735 36483
62947 67867
79620 87499
69121 78679
34532 82131
94684 99463
52020 82629
95383 96209
7360 10037
20704 75719
77504 84916
91421 94275
78257 99579
29554 54602
15185 87751
84793 97754
78487 79066
27084 91950
22782 39346
32103 88657
82958 93559
82220 85090
57070 82839
57184 81919
28603 78678
69915 96931
79628 80631
44160 90300
44623 77813
46567 71455
27905 81182
67539 93026
90368 96174
90855 99750
74721 80024
26052 70319
68965 70132
13184 47985
12351 22876
19091 37797
14574 39439
58506 92626
7337 41145
82234 86081
72292 89930
92588 94910
49265 70100
65490 90889
89014 98369
53854 57321
28221 29432
97598 99218
3643 93744
32625 57452
97303 99763
36504 75518
30916 62714
12092 60045
91579 93067
13549 96552
33213 91275
89750 90607
49966 88025
61530 97509
58315 62432
69827 87902
2934 41898
52790 99945
3208 59056
82716 87966
34000 46235
84673 87335
24608 41717
58151 89318
93770 95687
4779 82023
5398 78866
2062 70171
68149 95421
59864 90396
11404 25266
79626 98065
61787 63671
7022 68798
6929 34502
13601 73373
78891 90782
9240 17703
23788 86689
24366 44286
10483 30805
85837 90093
69822 79080
73376 75093
65055 79340
51628 69598
32640 95810
66179 85664
11757 32684
14782 56565
1977 27500
96431 97038
97039 97694
12387 87575
46742 91378
65671 69611
29020 61094
75455 87126
55813 91569
42780 55926
26720 48884
75375 84777
89840 92190
72846 78629
40684 61757
93834 95223
25544 75473
53318 91021
95477 97734
26776 28138
25009 68750
92769 98830
6859 7234
29941 75236
59160 94964
20331 51727
63590 71891
79839 82032
50171 69283
65083 73531
79597 94933
23338 94280
60085 68494
11247 92198
51578 58958
83786 99264
92081 94144
49824 85833
27762 34832
65254 86321
91732 94570
50985 55667
97421 98951
19729 51079
11119 92168
29736 76601
39643 50519
42077 92015
31149 88422
69386 99720
9188 75381
40210 94130
29519 90565
30651 52860
10557 22400
59384 96276
28274 90924
15523 40781
66 86701
28360 67868
55082 63952
87092 92951
4226 75900
90474 98325
13098 39066
83375 86450
80049 92316
91790 96097
13731 20866
50475 95580
40497 48571
17358 31014
57520 85059
60623 83572
21445 25995
51995 99405
98921 99935
48993 49599
69489 89431
41143 95386
3478 7671
29284 38393
80146 83499
34651 94829
8332 83541
51112 93854
36684 71916
73950 75216
52475 80736
80454 86339
81693 89562
18948 83192
12370 77989
82101 84002
63791 73008
1613 19760
89597 94933
51539 62904
54454 73174
60646 74594
76045 86764
85537 97039
38288 54209
8466 79245
73389 94739
33200 96333
83977 94552
37173 90365
82823 97232
17653 44738
12953 54645
87990 92033
4408 49830
68674 89118
73379 77856
43718 58982
37985 64858
97968 99583
39900 80160
44020 73610
15682 49300
32604 90397
31407 66929
89452 97930
24703 32375
31069 76087
40888 93336
70803 88337
14364 71251
87134 88829
8316 57097
46175 78331
3039 72071
75322 80963
70006 88222
21452 45670
67992 72714
55731 74910
85070 93479
55858 66849
90179 93702
41953 47086
35814 89970
48900 79716
25597 27036
92919 94418
46677 53708
25402 69857
43123 58216
70255 98873
40234 87312
18185 36009
85627 91473
58422 60590
37359 64941
22170 51532
21900 94116
52225 99560
43343 92518
74132 75860
7046 61848
84735 95294
67990 80618
13666 82472
85842 92373
19984 35162
60735 77340
54306 95792
16233 46633
566 96045
77150 91735
76480 81261
42108 88680
5682 12354
58576 95161
17416 36181
72863 85287
53430 91330
25307 80576
91708 93383
75821 79701
88705 94871
6880 27004
18354 53274
73709 75538
69673 87460
77701 88315
50192 79791
42551 72754
61125 98514
85579 99205
67081 97245
52361 82851
29883 60451
70399 79837
38162 84870
56770 83772
88788 91051
84297 90393
89882 90828
93902 97067
81545 99289
136 69510
310 40595
8748 81490
26074 78274
2280 78000
42410 91905
34108 49092
54137 98736
92619 92680
29851 71488
33810 93519
85950 89470
34049 54113
13813 73095
50781 54138
85667 85738
38432 77323
69571 87499
62792 68179
45040 88746
47363 54130
94973 95146
8350 11733
27984 90719
44702 70046
58759 62535
87765 88662
46911 48438
43743 99658
74620 82520
46792 80215
86085 89693
46652 67274
49812 78330
48744 99652
22948 68688
8556 32265
6739 30773
88841 98274
23318 24361
86161 91137
71175 74675
87283 98666
93802 95217
13970 64952
39391 69743
98058 98380
64481 71434
89643 99537
48224 68430
1410 53901
62290 86647
23110 68331
52745 60019
72501 96471
60743 77969
58838 82962
43345 69706
24418 24849
42897 47818
1018 95741
60884 86248
95800 96809
9545 58060
3560 57097
88625 89945
24695 97534
892 59893
81494 87692
14051 27705
87989 94696
9538 57756
35257 85307
59343 73854
58520 99333
66770 80590
64804 67098
43338 77544
13977 23819
75195 79575
24180 31435
65047 79708
85739 92746
8438 93956
97211 99160
3147 10292
83542 95418
83573 97549
4986 57659
54590 86553
94319 99982
32148 35618
80648 82827
60141 82146
78964 96027
79920 93078
4957 26320
28321 43147
65347 74381
48967 97604
97287 99814
74851 78575
56786 99260
29897 84063
25612 94994
88658 91074
44681 81809
81601 85546
9834 29474
85961 90582
2763 71052
89918 97202
89995 92268
52412 92481
12021 55501
17780 22402
70612 72331
83138 94148
3484 28015
75786 97542
95713 99882
34288 68529
63826 85143
34302 85117
21648 97855
78622 98124
72311 86428
27885 47975
58245 61440
42102 68163
9208 67359
2403 97300
49116 96497
27828 43859
33977 76502
28736 80817
17091 95278
39927 94991
69767 70330
20368 71221
66634 79690
44308 92996
43331 48926
17525 84677
19321 45851
61644 85593
26902 70518
