805
33921 72723
72902 96765
41566 95471
92474 97018
7030 14674
37941 66658
56517 69450
75661 89579
73368 97054
38126 82586
90468 96444
19303 29507
89037 93867
25818 42019
41367 48964
328 82268
54585 83759
34502 49375
64560 91289
93221 96275
58772 83051
26061 36351
89996 96762
1725 57841
22793 39627
71687 97818
9963 25503
71703 91870
23959 68636
41285 62940
28945 63259
15163 33819
30981 53294
63345 98014
2260 65882
62417 68154
20020 89657
39707 67885
46584 67415
79838 95023
22101 79292
38240 54143
90681 94429
12388 58886
4506 74942
68962 82623
29813 49274
99658 99858
18394 63004
55516 55745
59131 89555
49905 64804
46257 88354
15278 59124
25857 46192
72240 86728
99637 99729
55532 72149
64369 76585
68082 84124
95283 99154
36641 87739
46923 69980
12855 61256
7981 30034
54402 78439
67232 81300
84353 86101
59834 93396
6241 29388
73766 83008
15359 22325
8511 9808
4901 91037
8041 39112
21330 98679
38855 70668
28799 86707
14972 20288
63383 70512
11370 68225
73450 87552
89004 92208
44292 72629
40810 54693
41386 52951
87872 89243
52723 77400
12775 30807
21154 53469
16826 24594
35473 84787
36457 71476
55169 74826
13135 23753
71040 92882
35500 49462
64710 77228
42529 96761
75735 84576
24297 92022
18845 90849
15274 34484
99123 99863
97474 99051
92212 93261
45131 83726
20181 29001
37558 50083
74318 75137
90112 96812
86047 88334
97331 98633
15151 64062
12316 96909
19381 23352
25764 93507
72819 73859
22337 91758
59706 93206
17410 25588
57524 90292
45899 86352
88296 95906
651 26448
36742 56880
16274 83318
7630 73287
90117 95637
42790 91854
54649 59418
8704 18066
58891 83763
40790 53833
61259 63731
4035 23276
4797 6280
45743 94291
81954 97422
69887 90563
54996 87323
20093 55788
63800 68763
4534 86325
72076 95190
42432 80908
51580 67288
91130 99268
74965 81815
96209 97424
75739 92585
43810 97355
45551 49202
51160 85601
23362 29128
43970 83275
14423 93405
52340 69059
40381 46944
5497 66921
36433 85866
9858 61271
60998 65548
22341 76170
58068 96348
33052 34819
74651 79810
78162 85935
11914 51337
43100 60903
14535 89107
9952 32211
51369 52157
18506 31655
72529 91442
3861 40066
17525 35151
84865 97179
82993 87925
20397 98726
48754 98275
53545 72293
19551 76627
91421 98709
28278 66198
95107 95759
68318 98304
61792 93177
54875 84999
77797 82437
23320 76471
11658 45327
35344 51484
9963 96073
38085 73421
97801 99803
61413 80054
57594 86542
44972 86266
44579 54628
40745 99843
89861 95982
41635 88943
68017 72657
3596 21346
17808 51175
9392 18225
12520 25205
18854 89721
46545 54468
17178 85435
52107 86234
67531 81452
86891 89148
75695 90780
98425 99441
21985 59131
17301 46890
92275 95338
89896 96293
37721 78298
13721 28219
14226 21357
678 46808
80795 81134
82482 86097
91498 99537
34895 55037
45665 82447
64563 76774
67352 71236
97593 99689
61337 79735
92777 99032
92819 94335
99774 99881
26830 84284
94616 97869
11213 35485
86998 95279
10952 53315
89832 99911
63521 96868
60101 71886
46843 95645
51392 94146
54479 75852
69026 69301
56304 96853
20388 71150
37519 73333
63087 85606
51517 77233
12881 16094
82983 87019
83946 90069
32349 43764
15840 53734
85720 92459
31746 37150
26964 53269
86062 98387
80124 92855
26248 77770
89887 98055
12590 85163
85655 87429
82474 92007
45389 96077
12810 82739
8220 17549
17418 28441
72747 84532
48699 77274
50694 70876
91996 94214
21548 42991
13586 36126
44191 93101
22209 90399
23608 86629
27541 30366
13813 33372
17639 48721
37233 67413
98675 99163
85887 94528
73401 74307
58979 71331
23884 58631
24244 79742
1893 9733
81628 93105
71294 94976
77487 88743
29576 40963
79834 91279
50863 93776
11791 51999
87619 92991
20545 42624
29196 60123
29085 59551
87546 93850
16099 70577
72283 74402
80558 80663
74185 85354
79210 83582
69784 97385
77842 93094
36520 63911
90969 94324
55317 64734
85645 94336
95753 97742
80511 89709
41797 86550
60295 73022
52307 73692
60831 68619
17561 33782
51807 90722
49684 88211
84623 95581
57282 78207
17605 94275
12970 40111
65727 69894
21313 80748
44543 98113
74521 95722
66553 89011
29941 43017
77257 86278
35541 84628
9013 33854
72720 86824
71653 95592
8107 85176
73653 87169
8375 69842
89171 89472
88811 97647
56935 80801
84706 89719
12663 22847
20472 63217
4948 63124
69240 95239
29330 48011
74787 92536
53475 74327
32793 99211
92104 93700
82848 84240
52300 80670
12269 35219
9235 59308
67298 98824
71045 90236
98089 99662
96237 97359
40208 45805
18692 91965
38937 82939
88514 99038
59523 93677
62821 85029
96068 98642
23977 67708
31804 57271
28621 95481
91803 95429
80856 99253
97748 98395
17311 80013
80521 86743
36441 74546
56189 80634
28842 56433
71870 92190
32853 97082
67700 75921
83356 98230
4251 29523
96419 98069
13220 68777
13687 68300
65245 97629
33013 52932
97766 99180
66336 86429
91566 93988
14418 46412
10405 21714
93970 99216
73454 83260
2327 53104
10808 73325
10735 82516
28183 31708
86280 99912
10976 87555
57410 64882
92197 98742
97839 98287
90442 99397
5068 72793
41247 42509
31166 74859
42324 99512
91482 95829
28467 57354
57496 87028
80656 94617
71864 80542
90116 96286
5540 13048
86012 90843
776 50199
71791 80096
71092 76629
17554 22248
86967 88579
15657 99336
91198 98449
23382 71217
68608 77404
63991 93207
15760 88851
28970 47641
19853 95247
93183 94242
54075 62474
95258 97090
21747 70112
64505 99156
78624 79073
40027 46286
83681 92984
16306 85971
20332 33736
34399 58159
24914 72334
34571 69851
98640 99808
62397 93977
59628 76188
57731 71785
40305 63770
54546 68048
77744 84970
47042 90666
8839 67540
93392 93975
4360 55515
64871 69879
73304 86909
9323 13822
78556 81184
92484 98158
56426 62648
45426 67488
79355 95553
28379 58038
99212 99673
98600 99605
53619 98767
89442 90529
23556 76324
47852 84364
90759 98062
66376 71814
43577 58893
85401 98908
39605 85714
46862 56974
45001 45210
32399 64693
87084 96971
88331 90251
34302 60783
95394 95954
30974 56385
93153 98659
16191 98727
95296 95416
87854 93420
50718 93491
1825 33537
77817 90715
35947 78489
84857 88403
43307 83263
60580 98060
37759 43922
72143 92959
31618 69843
94937 99630
84976 94859
77562 86948
29953 67793
87272 90079
37509 60183
79844 99267
81681 87002
99903 99944
4509 89962
23681 24517
43092 99430
84726 84912
38645 81460
12281 27455
91528 96053
18234 61018
59079 74027
81237 98595
26117 90219
98583 99013
44127 50104
22527 68511
18473 74139
69826 84879
87521 99991
76898 86348
26144 36477
98573 99713
4419 14478
34416 49028
67320 97678
5674 88983
5458 32749
56488 72904
65096 79818
23704 74079
62693 67681
53005 93790
51430 70910
70164 94760
37370 61955
61405 82154
30730 61477
9290 44178
66294 76838
2858 99753
38456 71750
7206 92356
29193 47862
21317 38997
72201 76830
70504 73747
71514 97299
36123 81453
54648 59097
35784 62935
94098 98378
44480 61118
11083 36361
86514 97642
3556 71542
22327 44762
13797 44865
30258 69496
25420 48991
73120 99346
63770 71464
97527 99847
33109 66191
42070 43797
48044 60664
90985 95213
57214 79176
42485 43334
45443 78819
95123 97399
58296 97068
39145 60133
55809 64325
98657 99790
78364 98487
8823 10968
37851 55386
76952 81063
19942 58177
35309 43860
21769 77776
331 68698
19163 25339
45025 61692
68184 82409
46808 72674
12838 87886
80370 84420
7598 21282
12309 61911
87108 95275
68546 79335
51192 90517
61651 64901
83257 98493
1057 4914
52202 77743
38387 93813
5876 69117
71432 97339
77813 81884
71667 78266
11986 45432
32364 48138
86620 86703
67518 84024
23932 30479
2848 75598
26387 81457
74857 75479
43083 65941
95020 98041
8449 81772
1643 48605
61462 74270
21352 87718
75368 95205
71207 85109
40654 55302
24294 92932
52932 89575
79239 85635
77156 78673
37296 66176
43601 68470
98671 99151
89621 93270
73548 81327
22072 90110
6914 97099
8860 30976
26244 79817
15147 20828
36415 89849
68106 87049
10214 22258
88710 97728
46725 81886
53489 59138
8112 88016
13856 40035
3209 93093
27343 39095
76063 85060
93875 97075
1532 58642
6430 88104
66731 75956
56281 67501
23652 75115
89270 90415
46162 76802
60520 87907
31451 49486
13488 38568
92814 94712
95793 97077
98929 99423
22268 31624
36797 80141
71318 74661
2927 8769
59642 90680
34767 91921
44501 81736
14611 77528
17671 97331
58291 67450
41912 81931
30262 82265
45498 60211
40390 81160
89230 95304
42060 95368
74095 97696
26748 67281
24426 69447
16537 95545
60718 87592
61509 81970
92753 97657
95824 99604
80183 96554
61267 79451
88842 93010
51889 97356
46334 81321
24621 45462
75800 85997
59488 83325
488 25600
65321 88082
95535 96575
49875 58296
60462 62512
71352 77252
6298 19830
18245 41915
87804 96312
78566 92004
93873 96384
30022 68761
85722 92343
81774 90439
83043 89446
43546 81479
54060 74307
91362 99206
59774 96087
688 51094
27235 28237
13747 94449
70872 88957
4151 18947
43676 49937
68037 77777
55176 98344
17795 85469
8555 19981
18678 63092
36878 83004
93111 98890
69665 72272
16635 84707
77352 85280
41321 85177
70863 93951
33215 50619
55107 57559
99649 99768
66720 73076
88897 95742
35827 40670
43403 56180
73307 77481
99455 99464
47666 69314
33157 53952
60536 84117
77317 82325
38566 72948
20387 66179
38669 82022
6504 7463
43233 48728
68975 87402
50658 86893
71693 94784
30123 78353
70602 77948
91523 93210
70581 82473
13313 32213
66548 84731
37558 91300
50245 69859
39902 93605
96046 96900
11568 86947
56123 78659
46724 91213
15894 58421
52521 94832
31975 48106
78136 92941
6294 83433
62236 71264
63707 89922
8111 91317
84633 89266
86195 94858
75874 86928
93775 93820
64763 87184
99605 99838
73623 84022
5748 84249
935 24631
83093 95910
33502 41690
26898 90042
10831 94341
18167 74728
38382 98096
83712 85999
76172 83236
98727 99480
71102 96323
34485 92811
53761 69859
74420 77121
92941 93372
12841 61385
22100 51907
32802 47888
33815 34403
86732 98371
67573 75817
1699 23107
