1120
39324 96650
82405 94977
67068 89437
95995 99838
91038 97987
79160 91826
66410 98254
80838 81981
21187 42366
46405 99287
76599 94670
12797 54250
13537 72410
34267 61674
53115 70939
31334 45979
7136 42698
86649 87046
20256 57922
24213 49479
60544 99048
48826 77251
78584 96709
46146 68122
9837 51495
23647 86739
70315 99740
47273 74900
7511 93105
73374 93052
19581 65214
93833 99808
85737 97497
86543 99457
19482 71526
40565 63126
82485 90833
89010 99032
82021 82289
77322 80876
16733 56000
98564 99344
60501 62859
74881 91411
57656 95327
16813 25934
30751 61067
76986 83436
94435 99918
57759 83474
59865 70050
3440 16246
33694 69832
24823 87056
91151 98558
1844 83644
3684 23306
74948 88587
67617 95951
21556 31048
65351 95023
52414 95232
97403 97969
94521 94943
88350 93875
42304 90482
26851 61187
38203 63773
16077 58270
29444 38295
43158 50678
82670 97756
78922 91632
43154 58236
90544 98722
46379 49495
45815 70619
44159 84489
57074 71626
92117 95280
62515 82269
4160 89866
89190 97605
12340 18421
2705 29830
3307 39990
28331 90303
63952 79091
63236 72055
49047 79500
32199 64704
84467 98425
19640 94755
25341 86405
59526 88219
50702 87342
36257 93608
86876 87733
38076 58878
22787 23122
59628 93061
42151 71506
44847 65043
25888 42685
97681 98922
92447 94634
5720 12167
51643 55752
41647 45635
14568 49580
41291 48535
81108 89478
53344 95285
10427 42104
35187 42977
16166 63878
81482 97686
45843 64721
46455 48700
3434 17180
74048 76036
27820 81272
33956 64108
36368 78891
83922 95165
58038 82014
92352 97161
96587 99583
74597 91423
62974 95388
4612 49208
6981 20128
60791 63463
4828 72805
9804 37584
95848 98635
39859 79097
23025 63904
53973 86888
7997 54442
89244 94493
16404 58022
74939 98396
23076 53022
1697 13213
99016 99253
17171 73902
3703 84522
42910 98296
45898 57540
56521 89581
45618 77383
42628 65747
23564 62550
32218 65814
98195 99371
2574 75031
3094 32356
58799 62492
34452 88593
46547 67372
19579 81930
91314 92873
44244 50342
9966 91463
61893 95289
67701 99994
47108 92821
37595 39897
25522 66090
84772 99964
38872 70110
45239 93074
63444 66012
47384 99345
56906 96670
10885 61170
62789 78845
56240 71025
96589 99048
204 1567
13211 45676
20962 93890
94024 97290
75675 87203
98718 99355
74827 82605
53898 97734
84471 99721
7005 54765
94213 99958
27126 60346
1431 43426
6846 26708
18629 34355
20041 86628
87651 96625
58950 80697
45383 90666
91574 95888
19552 63957
94699 95830
89155 95530
93659 94565
74820 76135
25285 76339
91680 96744
54533 64521
50806 70793
78767 92142
19518 64211
73174 76597
84716 87303
65622 65657
62897 78413
81896 90740
97935 98266
90593 96866
77774 78173
21899 31246
44961 97366
72892 99346
83832 84332
14225 56589
96906 99576
93414 95014
22522 87161
91254 98370
36513 76445
214 438
92567 95390
45737 94814
77349 92760
72602 82982
91993 97054
46938 59847
59766 82757
22018 98576
52851 92913
9996 35508
61801 87871
17870 47284
88949 99856
76668 78628
79955 84973
37250 88163
32808 38481
19323 62184
443 80153
24584 80304
92426 93499
35792 63909
40027 61041
52114 75028
92758 97012
78415 81563
14183 91878
19321 70972
48983 57296
8007 60068
77540 98465
27323 84238
62069 88078
64416 81007
18018 39360
35766 72333
54469 65796
16590 43224
16073 92514
26550 91571
68235 93476
20438 94099
87808 89989
86879 93670
6282 65045
1238 91426
71655 90476
49438 69117
45599 85857
28046 86879
20371 68177
15679 22847
88424 99102
30894 34598
99757 99886
74768 77767
75327 84707
46529 89993
82579 86832
20212 90780
89528 96991
65907 78800
20614 40375
64253 73292
20231 81434
7996 12584
92486 97636
56886 83629
28322 81844
56694 99016
79614 87441
41782 56931
75544 97004
51304 90558
45674 70725
66095 69180
8824 60273
70941 76387
64762 83498
22006 49697
81273 87168
82018 95087
79147 89903
18276 82892
85262 88276
66287 89149
7307 12173
28573 85800
21270 74694
99440 99970
27687 34308
91658 99237
12703 57221
1999 62262
45221 62536
46916 51030
71746 95780
34387 43870
8550 42432
34631 75317
7484 99774
90644 95485
15837 99203
85601 88863
87796 92654
85356 95557
90221 90854
87006 96722
89973 94189
73030 94912
83119 89528
99294 99520
90743 99871
86804 96282
39024 64219
63468 67072
35486 82876
86152 94978
33136 38074
92679 93562
29993 98713
97419 98702
66293 67049
77515 78726
19742 31049
4886 89870
14814 54496
87045 94311
12578 55805
54099 57211
25595 92385
46446 61900
13767 36968
20186 67612
21711 58968
41171 62839
72755 90618
1805 93932
87574 95284
82992 87803
48380 58972
46265 69863
71890 72657
57039 94681
88181 95392
16538 33531
72031 86573
97236 97385
54579 93741
11467 50682
53020 78766
2079 57588
93496 97922
86338 91412
97955 98115
61129 78868
29947 33299
15641 77921
14996 18227
74137 98817
17242 78681
6177 94132
280 51473
85912 89306
79653 84943
6827 77544
54605 99698
88807 92800
31942 83181
93985 94647
25229 69872
23209 56276
47475 85857
9357 33031
22182 29560
61911 79088
94363 97972
51886 58239
7506 49390
71844 90208
37334 89160
12152 39217
69744 81918
40402 93101
26621 78030
12296 33510
92087 98100
96802 97733
46284 61188
51745 52040
44531 65316
2085 44868
11858 38680
12182 37726
73969 80282
98151 99883
99206 99889
77159 86233
61337 79873
94683 97688
94409 97147
4969 30610
32546 99309
17800 32899
64167 95043
93524 93736
68694 79087
18031 79406
62083 86516
1655 18299
83847 99229
20898 63873
68439 76374
55823 81383
91228 99259
15943 91226
94381 97093
92973 96085
91024 93823
38353 41763
80251 95138
21202 31600
94886 96707
16832 49756
37123 92803
24944 26539
95980 99374
38068 55909
31733 48824
91504 95654
1453 73299
3156 22779
8334 28160
91417 99797
34169 73223
22912 46378
64679 98860
36154 93359
2661 21159
75719 75763
16300 75876
18491 89219
13223 23490
86290 86826
27619 70918
10523 64597
72557 86730
79603 79757
72059 91309
80421 98944
42720 92757
51181 56712
9368 41504
39333 54011
72625 87965
76954 91075
25937 48217
71024 94152
50131 89810
44149 87775
28887 53855
90307 90834
47688 84763
51407 99657
45842 54642
69563 73020
95386 99599
60954 79761
58096 93791
57545 91930
52850 61656
71423 78488
13434 18126
17128 67595
12482 80505
77979 89234
90312 90581
82334 99831
33656 66891
43071 61972
40165 50570
98088 99285
47073 77514
55294 88868
7222 21466
51131 68567
90748 92080
35283 90333
90644 93806
90415 93053
2328 2916
15486 83260
48386 74060
86601 93808
18360 89463
34143 81748
48584 82935
85818 88355
98628 99384
80584 99221
22533 68706
65278 93354
45611 99160
81228 97859
54593 64303
72019 72988
14987 53339
32889 33815
6953 51031
47781 97452
39784 54775
22827 52649
33782 62351
56729 92683
20893 86129
53356 74486
53022 70900
37768 95387
24675 80480
47979 86352
21248 95821
99427 99720
51662 89941
4734 47812
14442 87099
14777 48052
87163 96642
78296 99489
69938 85670
65819 80515
2793 22931
18161 44629
38549 45363
81118 88203
314 33202
53754 69576
94903 99068
72843 87282
88795 94635
36158 85593
90855 91955
85709 94648
36764 58685
98880 99255
71220 87758
60818 94670
31660 45230
41146 80723
53892 95474
65209 72138
43179 60128
88861 94392
58071 95384
11431 55842
3822 30464
65937 84126
58770 82447
41413 65599
90742 90879
27866 78560
23452 62243
34307 59354
49430 52714
8633 41396
62627 71382
55387 64466
61756 92879
74511 84540
26873 30791
71026 81893
71856 93668
70625 75481
11709 92251
79894 86312
79892 86524
81768 85492
61674 91079
80504 81869
7346 95373
2526 17948
87759 91266
38335 80707
62266 67593
63628 82254
76703 93508
32665 95209
76677 93752
40925 85223
68878 81555
69870 77086
25668 64385
39338 52628
53007 92594
55599 85034
86931 97599
48849 89457
79588 89164
61371 73328
48555 83928
42126 99240
29516 83785
52758 91950
43978 83535
99417 99765
50657 87807
86750 93332
64459 95207
24012 29182
54714 98577
55903 60258
81842 91775
81210 88782
63561 67462
46259 85177
9638 65093
45699 88216
89606 95496
21336 85159
16452 64641
52680 97352
56311 94385
49168 74971
7814 80533
175 47397
89596 98219
93368 95507
7151 97787
15330 38887
72865 74842
15034 78863
60012 93250
18756 93691
33477 55232
65694 93279
57689 80464
83086 90923
6407 83225
92516 99641
52945 56535
92862 97921
13464 33794
53893 72285
46635 60944
40072 89964
88322 99946
33538 76723
67111 90264
60194 97306
3851 69970
65532 85123
66379 79184
9566 66955
68668 80049
26781 56627
78928 86698
21258 58142
41762 71081
28933 93643
97628 98118
77148 84886
98820 99498
56988 77932
70976 78587
49785 78890
76124 97095
19596 24497
36955 64751
98849 98946
50535 78396
6659 57000
77311 94738
34688 49912
75346 89827
59067 77855
61629 94666
70649 90046
17724 46841
66163 77911
9605 32541
24513 96418
52808 66881
34153 44584
86081 91110
8700 76412
86545 96043
54134 86282
1574 2187
4139 40025
9004 91038
82343 87965
54509 81672
38150 56569
80080 82571
22350 52507
50308 90941
20963 98513
79236 97135
25135 31411
35389 57209
6141 28305
22501 47131
11442 98625
31600 69101
99843 99961
73171 95758
14753 28981
29839 93203
28109 35667
59429 89659
55277 87897
36357 82020
90433 91710
70803 83819
68248 84404
20904 62865
55976 93825
31293 77858
72582 94677
23092 63950
95495 99802
66333 68578
1411 54800
31538 50822
37156 67378
54143 85549
72214 78001
78126 91429
14734 42546
78416 97429
21617 32073
93276 93965
88820 99543
62505 68239
301 15510
67813 72820
95350 95767
75918 86862
17893 72815
15799 85797
3399 79739
66234 90300
10684 52895
38519 82084
90229 99591
83142 91669
84957 89546
5724 80185
63891 72427
18159 37335
94589 97104
48424 80370
21240 69704
6210 17712
46536 53155
11319 36546
52091 87340
74728 85123
9038 84445
19305 94766
7693 44530
17907 22194
81689 92149
90764 97670
42983 61243
77540 88612
30139 45625
11071 94601
70940 84956
14002 60442
90913 92922
68051 71117
15740 20810
50138 91001
27060 83333
26163 40613
39678 93674
99570 99865
89629 96442
35786 99383
71764 72716
92497 95681
5291 51697
32116 71727
30397 36193
33151 77283
56431 58710
89436 95319
17223 76164
21753 59932
58948 84302
50485 61071
38192 78100
68541 80516
51695 56705
77433 85953
34218 51510
36407 51752
72939 89796
75784 88448
14492 49828
45830 57628
18478 88471
85616 98001
54714 67573
2280 62418
1287 78234
93737 99718
72564 97795
36992 61239
42969 52245
13712 82464
34308 41785
25787 37574
51942 69043
32193 89678
40575 75207
18099 66109
43288 95795
37295 73356
51389 51875
28293 86332
39729 76423
81175 90210
81623 86557
14979 36923
26495 61853
5873 27273
45957 48584
4561 20714
83048 87430
23629 38744
27355 71357
94002 98943
82823 96747
57260 91548
60905 88589
54774 93641
9807 80257
38213 50806
32114 99549
12987 21134
46275 81230
75798 81006
45442 58748
68987 79522
42644 53993
79942 90109
28665 96488
32203 58957
29310 70627
96340 98560
9910 74293
95197 97126
11501 87495
1852 92196
96384 99100
84183 88701
80692 96077
68488 72987
35603 68095
24542 70624
36489 81189
79272 87218
59318 88963
29008 91999
84257 85137
79333 82190
47185 92769
56090 74610
67979 81150
68 95919
56201 89062
66555 99365
85051 88542
88320 89444
26218 54594
841 50449
16828 64258
9873 97896
776 49680
62889 77767
52127 99761
32366 50019
69264 89714
5781 96635
23125 74721
24756 47268
50537 76809
70970 71013
4731 88930
2980 42215
56774 69795
48276 97445
47748 71818
89946 92839
39689 44793
15801 64821
9033 22958
79875 81347
70382 87578
30307 50311
96924 98038
44590 84753
60285 94374
35393 57871
2 96176
6083 95641
59241 67639
60126 90760
53217 82014
42378 95329
47397 79093
23489 77211
74501 93465
85801 91270
63760 72875
16646 19711
43919 70397
51832 82904
31828 50847
58107 79802
74308 80620
7827 35250
23270 73181
91780 99108
22144 89187
52785 62697
67600 80531
7416 89622
13112 35402
92611 99755
76497 91050
19139 32510
11821 84675
52494 83644
30950 68684
29210 47002
40171 42574
69972 76980
64672 77430
85488 94681
58953 99430
6005 25477
38569 85078
54091 94782
13714 54462
83546 86161
41796 88996
43776 70568
94407 95058
37282 92206
1073 63911
70809 73649
65187 96813
84206 84760
85073 85667
63253 99581
33415 79105
14076 46444
61147 80742
38597 85479
41174 44050
18022 77533
76041 92845
60769 78772
4060 59926
28418 52691
71644 76483
36140 61633
70414 97627
31797 47215
2096 37441
55020 69619
94721 95163
39797 70662
14444 85702
51329 95358
49180 85954
33494 58966
37111 55854
15975 74097
17681 90161
32089 94877
27495 33387
90394 95031
38288 46204
36199 52336
17918 90476
83391 86651
35037 42921
82331 91938
74730 82681
794 38696
62348 92152
48278 91683
12812 72122
22203 54639
57320 84759
31783 46388
3266 62979
11316 71195
56114 82491
57885 72470
81222 88065
72817 77479
52734 90328
58461 78926
62971 76103
83434 96274
32148 48216
18368 87335
6510 82848
87409 98064
39376 61819
5841 41927
2844 86530
93210 96360
86708 94292
79018 93607
12689 96589
20158 63777
85219 94629
38404 73569
83687 98812
97791 99700
30555 42350
37652 48794
69063 76597
98048 99516
99365 99492
39492 98969
21323 77157
34762 46208
86070 98027
95095 99556
7121 96441
72504 88194
87991 94751
43604 53568
51981 76648
40480 73126
42792 52248
83815 91809
50685 77075
85425 88323
30282 73729
57373 58495
34772 55567
52602 77866
53366 68605
61572 84714
76210 84821
36803 45330
30285 93993
26186 73469
79161 92890
64412 88446
71791 92795
76564 96302
44572 73210
20484 32561
6348 41999
2570 82564
70536 75586
65554 76921
56808 98553
25862 85639
40737 53905
15124 99983
4356 10453
15935 51704
41193 64972
11720 47059
40944 47554
97682 98666
94990 98064
39521 99279
89889 92113
92129 94916
80493 85687
12309 37871
83529 86632
24055 25792
74598 86014
25483 43639
20693 89590
8828 57023
20249 93154
35292 98314
59550 83231
