168
11898 60390
92655 92687
59358 72053
88363 95963
42449 45976
60727 86042
7077 31725
92479 97221
64209 79603
10451 10628
70024 84390
39582 84770
8491 76732
21449 45543
24881 81710
22666 34587
70302 74356
75417 89018
54730 80170
55350 60228
63059 79351
98548 99913
63429 75288
60047 63193
90921 97336
57085 59611
33543 83767
95716 96609
43994 98159
60156 68002
72028 92557
67879 94693
21277 95875
8163 95439
27449 64392
86754 97745
55937 87964
46464 88918
43031 57792
77400 92975
65394 73600
65774 82278
16103 97809
43239 63233
50510 84491
37534 99469
48038 50532
34243 80141
77716 89279
38395 93194
71157 99267
48095 61562
72920 92302
93758 99495
51727 85923
90309 96788
21820 76010
87324 98526
8270 49129
46542 55927
2194 99290
80830 81067
17922 20567
16540 66746
18161 80313
69145 87157
21377 90571
29811 98914
76835 94925
50116 54625
90948 91178
5786 25634
43676 72311
57227 90923
56508 71848
82383 98977
12611 23813
30013 31082
213 35326
95113 98339
76632 88650
75132 92188
13887 94848
34933 58325
15135 30769
49673 94283
80867 83316
63288 84500
68842 99132
63959 83314
72934 75031
85986 91168
62697 84423
18060 81015
57332 61441
16357 90597
90607 94359
7735 90570
33854 72966
58063 60101
47525 53001
80534 99476
53079 60291
22732 43128
70950 83181
14864 65776
65813 86457
63400 69603
22931 29708
18224 33586
16636 69614
14961 94028
20276 26888
95498 96105
1591 10573
95753 98333
2570 19087
97113 99531
29761 71705
52509 87026
86236 96285
89642 94937
18902 44473
66073 94770
94125 94153
97573 99032
10794 49256
17891 93933
74657 84410
4947 71653
7129 90519
48914 97124
84991 95918
99706 99800
440 48306
54262 55262
86137 89681
90916 93646
84537 97409
87889 97300
74620 90163
11750 71269
50904 90870
16884 81122
83113 94489
92803 98207
16949 97579
88376 91228
38787 68943
38258 84791
27146 79150
86790 94728
74152 77080
44788 59745
70965 76731
94435 95940
17413 48925
24461 63057
64094 95885
80863 98298
85339 94535
39813 42607
11550 65345
8029 95278
36048 99019
82892 93145
21462 35851
79106 79757
