1310
7691 10105
85414 96876
80950 98525
87332 93569
90414 98409
47559 54448
21122 81054
27408 94611
89731 98283
72467 79610
45020 56733
62990 82322
29843 57721
27741 62362
47693 99682
35517 74496
22811 95748
67762 83573
83119 90512
23806 82679
45258 85990
14355 52288
66330 68115
63179 66413
39159 87710
21540 72978
61571 62814
51721 78616
22398 78257
30851 38486
48393 59574
62151 92848
70213 74344
87893 98571
4742 92720
28071 28989
66324 79026
3761 19912
62643 82825
25869 33406
3897 7671
63702 97577
8571 97405
6128 40010
82234 93679
65891 68209
51076 61248
78287 79147
33431 64676
63656 69112
9603 99215
71203 83502
3066 95675
5536 73953
34982 72751
84751 92990
86807 96114
96936 96952
29106 84583
95957 99705
11486 12221
28752 87507
59710 90627
81963 99949
59869 69006
10388 92791
71554 89817
16472 25270
67159 75966
57680 90007
62348 92678
96230 96624
47533 72180
66210 73613
28681 94489
82382 88026
89621 98522
67504 75948
36105 92209
21108 35961
78681 94867
96071 96196
86299 95100
26912 68344
98004 98756
98784 99043
57852 91240
22173 33493
45475 72146
35980 36803
95988 96737
98779 99372
48821 91721
56508 62643
84401 95823
45342 83115
35927 38138
6027 51967
23783 97821
85221 86883
64693 90934
19155 70779
9519 63282
59526 79708
78913 90888
76838 86717
59672 62747
73673 81324
41426 74306
69845 88944
18451 94356
7869 97952
85529 86884
75358 91665
77800 91182
6891 51009
8733 41248
87546 93469
92181 97428
73198 98919
2663 11335
71684 94274
48982 79123
40455 94773
84471 86042
41530 58680
61363 63357
71825 86029
2062 77317
67015 76350
25269 42111
17205 44635
14315 53152
59896 89469
79881 90140
11406 45295
75834 97716
10737 96901
112 62870
63618 68422
66997 87403
90565 94179
14590 99249
80651 86201
48880 84981
21256 63401
57540 65744
62437 88335
84951 85711
89155 91156
97488 97603
44144 93580
58970 93427
44899 51410
55582 73812
20078 29687
18920 65307
54364 97691
85556 89260
64087 99637
73176 82560
50512 60832
26115 75311
66192 99100
9691 65928
27291 31911
58097 73749
93801 94832
36282 51019
17957 22241
14269 91578
3894 80136
60203 75048
19211 86433
12736 78519
47338 80087
4153 41927
35388 58602
70634 73244
42818 62356
13837 61113
55615 76057
86352 95162
9474 55962
59559 92496
23364 30812
10734 52129
55264 81651
38942 50371
5292 63191
33966 37396
72709 88422
96985 99525
7230 53591
80206 88897
95709 96349
5555 8226
64834 91444
78952 95709
23489 45950
92442 93313
70083 81305
50303 91497
21494 87580
31358 77022
54634 98193
12543 95027
72869 75927
81411 93463
52599 75390
42962 46757
13841 91193
15469 57501
19908 81684
82003 83090
29031 47658
63607 87302
43765 51279
31249 75150
2071 39769
61589 91001
76193 91738
43458 65029
59908 71937
53321 69199
34306 94675
95647 97634
4337 46669
62466 79514
79863 98899
59232 68166
97304 99683
45082 46174
9458 40403
13830 79840
34676 57070
96794 98778
63747 80171
11190 12093
43530 77361
18548 67547
95341 98367
79160 86303
64392 81958
30736 79345
50154 94408
7636 12722
1966 11610
52391 83327
15967 80175
5268 98860
49856 56141
76589 85122
36356 79395
32293 57735
1825 86596
94704 96251
14617 26014
98107 99381
78450 82816
85957 98154
63604 90944
11594 48670
79151 79156
4609 18867
57681 69270
80176 97472
89557 95836
49326 65603
39886 56977
53967 74007
41486 94370
50909 96324
83015 91598
91063 96672
57437 88052
9047 11222
60604 83255
17139 20995
4038 44586
94210 96919
85839 86160
97161 97346
13139 93396
15224 60507
62603 76321
70727 81381
33225 43334
50627 58014
19775 47919
71720 81222
4567 79390
21493 59706
11296 52526
26684 36308
26953 91702
34122 78562
7343 84728
13276 70210
7840 98519
12599 98236
52267 64208
13748 67620
80481 94696
46889 73348
87224 98082
93957 95111
52398 58308
6628 6889
1096 16224
96264 98260
27026 64290
32188 58311
18699 43952
34268 34502
7920 82989
77918 92016
96837 98256
5074 28245
52170 90597
95161 99149
42191 91456
78515 88554
1830 97125
75165 96058
38990 43783
79540 84402
87869 97787
16285 50260
5846 49752
79263 98996
30063 97554
65828 91980
9144 61345
13284 92710
93429 96685
28542 40406
7160 37426
59691 71641
64581 84356
7911 14125
19823 25354
80077 83400
70354 98442
3030 81683
62023 89005
95653 99871
89046 99983
23981 99048
66455 71490
50500 97945
46987 75109
38530 43085
3951 33902
26648 92312
26301 87823
18704 18895
65098 87443
99550 99912
39744 54515
2375 8636
26192 45615
55070 59686
50806 74603
50360 71154
87157 92054
36881 92854
663 42441
13481 38040
7713 12160
68157 75136
23335 41672
20286 22619
65487 89727
81171 81315
81359 92748
69533 81967
53728 65248
8661 68257
78639 85481
13148 22153
677 53872
33806 44720
36009 92542
45720 81896
96678 99495
19381 80867
20672 84692
29419 74094
91948 97669
17063 74180
57684 71266
72830 87275
2652 87658
9373 14316
11804 55939
17909 53436
41598 94411
49720 81406
65193 99410
26888 69674
99557 99930
46548 71608
48451 76557
34638 46345
18822 70327
44357 97940
98763 99424
44062 70891
25858 84703
45441 50500
70041 96429
46630 46837
13595 57795
56092 85883
52917 79555
78076 88566
50811 66577
73638 89497
75978 97914
39822 80895
67931 98293
51467 56277
60913 80888
14283 23723
60776 82164
34033 79471
43858 52135
24336 83171
84909 90932
86321 98609
10707 38125
15462 20624
13956 32841
36964 42186
61207 98076
58322 59005
90606 91684
57513 58041
75265 80614
86698 86851
95410 98359
78145 89444
30053 47228
74793 79677
78802 80729
54109 71018
22839 23441
76029 90477
72777 85813
78857 85372
15135 78313
38281 90085
3373 28732
8794 55697
24178 58054
33467 56170
72640 95600
55571 99223
32918 74943
672 18678
54147 59788
50796 79334
51898 67702
10275 34339
62006 82912
36994 48368
66995 89389
17935 22506
63804 65037
92317 94519
2904 10419
28258 92868
69787 95366
72693 83499
96306 96932
45347 68873
50784 71269
68482 91452
97199 98338
67576 98438
37906 94536
47723 97461
94877 96650
32360 51993
26810 91709
80421 84534
34406 42991
88887 94672
78471 97965
5751 43690
67315 74368
5704 13129
54527 96957
73413 89442
18952 49548
82672 94194
31364 85737
43743 62505
97799 99324
4995 24359
11995 96368
64307 89715
1537 17972
58317 76774
18673 70153
58422 97089
88571 94621
7263 65361
83243 94652
98798 99908
5351 19817
33396 60419
13473 40511
61922 88345
65400 96218
72472 85980
29056 86225
60293 73255
73859 88234
53337 71479
11101 90830
75954 92213
12772 85032
28710 36559
2089 29429
43967 86981
9055 28705
44346 46242
45407 69240
86908 99174
65671 74669
12208 62228
52707 69712
78278 78861
80197 90107
3243 83263
91754 93890
7432 11680
34013 50277
71856 90452
26869 50960
32291 76946
97302 97338
1378 72197
27307 55739
34280 36482
82797 89782
85666 95934
56052 96544
31570 98907
37586 98966
21814 91894
39316 91852
91657 98340
90771 95893
53472 72962
96217 96698
1245 65893
83841 97802
56844 68695
4048 84665
82396 83642
12992 45951
69924 77990
12798 26134
17958 69728
98619 99056
3205 96044
74445 87189
84878 96048
99636 99641
89786 95970
60025 83069
66847 93615
97698 99206
12960 89403
86019 98636
86158 88266
14955 31334
70923 93923
46400 49654
16695 49170
8373 35859
43656 85023
388 10769
27589 84981
20802 82794
33601 68952
77628 83297
70274 72384
19146 69745
28462 30228
84443 85409
38410 46393
78299 88078
98727 99583
42426 91716
98564 99280
37546 40593
29335 51513
31501 75453
54545 90291
63551 74091
24420 62050
23830 86171
67299 86761
29180 67170
25230 49970
19024 52362
80729 96031
64288 76545
58770 77844
5904 40516
99672 99895
57885 81798
66374 88291
45066 72045
48745 69168
99277 99623
68760 70841
46550 68520
69308 99052
88685 97519
96794 99132
69040 92745
12249 78641
54289 92836
4365 78021
60419 99156
33673 41060
37094 62010
16233 57453
59390 69872
27523 30203
23680 98046
38323 83128
46452 54376
35829 45320
47399 84474
22176 51827
95960 96269
42916 66369
41259 49659
29532 85831
43112 96033
93258 93290
59799 85932
94638 98277
29672 47509
59388 93632
41851 58945
80066 80602
73419 75900
41015 88079
18645 76523
18461 82341
62711 85977
72823 95256
70718 71744
79934 88071
54208 65641
8675 52594
48760 93895
42116 58364
50174 80027
34763 36474
74351 78332
37522 89624
42206 53470
95457 99227
79327 86317
47287 82664
50126 52738
36833 83218
54003 76978
39647 96579
42849 59410
36194 60222
96571 96962
18861 97149
78884 88017
88499 89472
70972 91776
80944 90602
66026 77173
21507 80655
21082 87059
37304 53212
35906 70160
53997 74017
87306 89308
13145 65301
86356 99147
12343 21789
61572 96157
41150 73546
46114 69143
55077 61923
84206 88116
3285 46553
6901 56503
52373 69265
47819 88161
58636 95107
76015 93623
92915 95795
32369 73231
54061 83513
44315 51414
12534 55935
48188 64275
50979 79342
2144 94484
64986 79935
35029 37182
10604 93693
53689 96527
21424 49579
66927 75526
49754 89291
88781 94521
39166 73387
46631 83179
17192 24844
10251 88565
45663 96900
92824 93518
97462 99609
577 90994
27915 28733
11887 58032
68963 89148
4605 41347
92153 97249
86393 96774
84927 93605
46271 80224
41986 58126
32224 89145
55985 74773
5739 65278
57606 92941
62275 72468
6498 43975
18978 63886
12733 51469
73200 75623
50597 87372
19214 21849
50315 71667
80454 81183
49112 98769
40002 71342
69726 97265
4809 41292
26299 91485
76189 82262
12443 92038
42433 93931
45320 67112
91719 96895
60100 82748
17084 91254
93344 94770
61046 61197
53429 94439
1860 24936
65880 74235
27901 74111
29296 50828
98820 99795
56125 94898
4260 94772
53346 71579
43367 88749
48643 56712
55096 83169
18003 75319
95270 95677
10922 58240
41969 93534
77859 83697
57005 67100
77365 96371
40394 69932
92289 93464
52357 63352
56751 85208
24853 67158
71134 79558
13234 67230
17155 76465
36393 54250
57335 74925
65586 78052
92308 98319
87052 88807
62096 96289
74094 81598
39339 69644
84687 96687
58391 86563
77028 80470
3089 70601
83488 85619
53031 97462
50699 94401
47767 74668
5799 69801
26228 98289
21393 31256
2230 75778
24209 86893
22528 83069
6820 24607
84689 91252
86276 86475
75224 83284
24734 34873
23923 58198
18525 65152
91995 98336
43090 66978
14968 60251
5842 93006
29763 92913
54783 79419
88101 98824
23826 27774
11882 83135
91234 94170
74089 80015
42909 89861
12531 42992
354 16843
36114 37912
57862 98120
29546 77476
70464 95882
84124 99034
1014 68345
50754 95934
12987 35323
86490 98455
87868 99030
95246 96673
17760 23796
12102 79555
67644 70393
40198 83781
1094 45394
35708 77579
94003 95020
96571 98394
72262 89843
19125 20266
65529 81744
93105 99217
11758 21821
56412 75702
92101 97311
5625 33445
34515 96750
61434 88211
72991 78577
19233 64040
96993 99637
47049 76589
79576 94942
25055 92124
11845 86059
23882 33843
63837 70678
24389 36006
3271 6067
58809 59184
43469 77188
66914 87066
55874 96423
25043 80030
10841 37692
70512 85126
63026 72572
46758 85778
67441 71243
72438 93001
61402 92659
11334 77413
52132 68271
63070 84650
28782 62181
6801 14935
65909 94161
9322 71523
30029 48735
53244 98574
37295 48819
94684 96279
21190 53596
81621 85968
39121 50996
24457 77745
29236 42013
40141 71408
50309 65027
21907 58048
60509 97048
83866 87350
17885 17968
38105 94220
14177 72541
88695 94517
34318 68609
8331 17766
87211 99961
21218 49499
35930 75990
5710 42802
75014 75206
2599 55712
95844 97960
75947 81883
384 4907
62704 94098
93186 93515
31723 53321
49391 89040
2462 97310
72166 88490
47041 88246
73497 92784
56381 84777
86832 95584
99922 99996
91814 96195
78002 86767
43707 81450
4082 46338
90753 91982
97853 98796
17784 62810
62362 77235
61614 76903
23120 80885
89000 94746
66747 83056
51283 55604
11576 33758
25882 59055
18344 70438
2494 71670
16596 99386
56956 97082
51710 56164
45991 97491
71037 75753
45476 98390
93969 97570
21312 40216
13278 19375
86296 90408
19829 85053
88963 89810
3040 37410
50697 57206
63448 69230
59940 62430
6999 72273
14855 22219
89561 96000
95346 96155
9138 68326
92601 96291
57283 69437
21120 86636
10133 83678
11327 94518
85093 85098
90990 96760
76604 76777
37234 43914
15154 24216
51019 69001
79438 84365
18406 46650
44131 58078
17116 49198
83429 90407
48043 81300
49351 89241
70990 78823
11104 86132
92873 98151
64923 93901
67962 73800
50189 53449
77847 91369
46502 84035
13292 22971
81031 82849
66063 86352
64258 93290
56938 92016
79756 81567
26077 80136
36361 93882
9866 50629
945 7948
31846 48291
78921 94349
53213 55108
65684 80252
71491 86892
61424 98220
30531 45044
5598 16581
64873 87573
30059 37642
16096 98616
66335 74696
60259 84357
11595 83797
98098 99677
53294 76136
10424 78569
16158 92884
95730 99578
61472 69727
85447 93409
72158 94006
67931 74167
90039 97479
4896 50125
41624 75673
60890 71081
58093 61648
81504 87019
92810 99405
83057 91029
81305 86343
76488 94427
94662 98784
58265 59154
15526 89863
42840 88464
67227 77851
81473 93869
53241 67096
15933 94113
45126 60599
96013 96687
5854 76009
57440 77747
61013 86489
68039 98932
67399 77605
27148 32717
35710 86591
93027 95575
54795 81245
67604 73544
16294 22733
66844 71939
40196 89647
73851 81721
22253 52100
6300 67276
19573 85312
67076 92305
699 37856
21181 36146
40311 78901
73344 73441
77974 84205
93472 97641
92697 97021
88098 91970
99587 99996
4174 15984
29558 81396
19759 32327
60524 77683
4251 83939
87718 92139
62396 65263
52899 79131
41450 57489
32565 41471
2872 70830
21279 59531
71111 76390
5290 14877
35640 48615
40328 48369
41833 60667
60064 98026
71716 86767
84524 88358
24551 57544
20923 73834
8960 58823
95946 98416
45539 92547
47886 67726
44390 86040
8219 22602
15310 20233
78057 85512
63484 93325
82661 89208
44799 98489
23836 69940
95336 96914
66744 97606
82698 98243
24822 88778
35189 51832
67766 76969
48389 88643
27840 78453
96503 98226
62357 98784
65977 82178
93016 99965
8687 53484
2979 51826
3118 77600
75390 84941
45562 70237
1004 14157
76094 94227
5075 58732
7469 67489
63077 92544
4460 25522
30118 90070
16435 92040
98253 98764
50130 86330
76254 84315
64186 73952
73663 78148
59206 86295
61902 82318
2591 83354
37680 54343
1774 19078
64927 80051
44376 70834
48508 88941
23738 33702
55697 57973
76014 91066
64439 65474
12249 24201
7240 71669
42581 72191
4692 56405
70741 94397
69940 93799
65033 82582
18023 40701
29904 38293
51611 94513
1827 97086
89050 99371
29474 74479
11870 19854
38618 43204
44489 54618
12835 15598
99955 99988
21063 32443
94221 97897
49941 89481
79304 91024
12636 45609
37989 88937
78032 84730
24713 48759
53573 90018
54712 77526
9265 32947
37556 83295
66792 72204
8248 92760
62767 71042
26723 32850
8345 15101
9335 79108
7004 83046
76073 93790
9854 78208
47379 97959
39545 67743
69551 93515
56346 74793
11648 95031
86597 86615
51168 99086
5762 59497
66827 78321
63162 83700
14137 39878
65893 71319
82597 94175
22755 75608
6243 80538
26033 51821
94801 96102
54087 69928
52646 68209
96118 99719
97767 99456
8738 35044
50010 80314
73600 93824
84922 97681
19045 92066
27273 70598
90142 90818
61626 69994
39046 92041
43809 67085
28097 75641
11443 80827
19049 39116
74615 88690
61562 70387
11709 12320
47432 87733
9213 11196
14469 48092
86179 89670
93451 94789
20869 73277
39087 94808
68763 68979
27554 81630
7910 81553
14142 92084
35137 98352
37544 45031
44993 73541
54652 91928
69803 89040
73149 98763
50310 97363
39780 97990
90136 90801
97073 98354
92603 94977
17569 28620
71225 75098
8584 82262
85491 93105
30268 96114
23961 99115
57781 75087
53952 71045
53122 63757
87549 93103
91102 93471
49517 72694
93132 96106
57921 68846
48614 55486
51356 71750
85632 92915
23190 48102
90674 97060
17939 54301
34155 62842
74929 94811
50927 90949
99495 99875
58096 91170
25465 62828
67336 85471
29109 73824
82257 83996
7430 30173
96330 98590
67060 77106
64101 91635
9089 33384
63303 64753
39834 57678
99214 99652
89587 99678
77226 92921
3709 72835
26505 67592
31453 68013
99067 99885
97931 98745
99550 99757
69042 75489
27842 82486
41107 73304
93785 96007
27417 78298
66593 70242
35205 35634
98808 99520
8062 68667
1397 58588
33407 94005
70067 89105
