1461
52557 55672
25963 96209
5118 57915
73197 82449
16430 34736
28041 31039
25944 73961
54711 86675
54128 97432
78813 99363
86962 98574
78756 92903
96945 97796
18048 72043
93062 96313
4516 25245
24065 98170
886 2988
67161 77505
90483 99975
57243 92076
15547 30741
50238 78903
56775 58189
18828 98892
32421 83254
71605 80663
55294 55760
14229 87493
38037 85028
39658 44902
57676 59324
1941 62119
57759 81486
93222 97474
10688 77558
73217 77853
97054 98343
60890 84982
71968 82800
30276 51624
45903 91039
4803 37202
38536 40788
36173 83233
28759 64707
81673 97067
45054 61177
80665 84805
79019 80405
28297 89878
6832 82267
5494 56471
63754 71032
42430 84694
90555 92166
41733 91106
15407 74521
54001 68028
93711 95825
66097 70268
39467 48244
25900 36428
84793 94751
94508 95667
37701 76110
6729 54189
18159 53998
57576 92180
18589 68280
29146 40846
46168 74803
34699 86929
31818 72828
45993 97282
23590 40561
2776 44840
65847 94952
15881 48439
80268 92024
40859 81219
32740 42762
74603 98043
74637 75580
17396 22125
11755 32836
17405 26467
62742 81995
84191 89335
51010 93628
16577 24277
71432 74463
90706 91838
21855 29252
87098 96308
21184 25981
83668 89897
85932 91388
52339 67065
47738 83170
88990 91830
6508 78207
50947 82063
62081 62370
73358 76248
23000 65954
2188 47518
13900 99376
76952 81637
96979 97810
38681 82978
99345 99921
32640 77512
13717 69570
38476 42193
56265 62044
63385 96643
54162 74893
31500 83755
15933 85261
15262 26315
13696 72621
70982 88542
46488 71337
11328 88865
70089 74838
17999 54430
80369 96494
51397 84360
54845 93950
20785 51689
78461 81959
52650 67769
57104 78192
42205 86212
72117 84665
7314 95846
59488 65312
86200 92376
44881 82084
65259 89276
30348 64259
60745 65194
27891 54804
79958 93898
79619 81912
95411 97651
44435 45246
45689 49847
59983 80665
84264 96589
3121 91065
18728 94310
94361 96812
94794 98881
45300 89430
81085 96308
92890 99330
67273 68603
37234 77048
40571 94231
43884 87373
67866 94454
46508 93805
95328 99205
35471 54087
33903 88255
89588 90384
54545 96219
74930 79133
12488 95389
45325 74782
7476 81386
66336 67906
70367 90609
91897 95322
66009 95317
69012 79784
85374 89014
46791 54559
45849 47130
80612 91678
82479 92568
19044 27063
2568 69890
5682 91901
14294 86055
17143 57842
62586 86190
2952 14807
47234 73765
67846 74815
11480 68207
23607 64978
28909 73669
17276 43616
32372 54736
80113 87363
29964 53856
77564 85176
55278 99267
55471 82955
73066 94141
77364 99977
90087 96614
13817 83646
79409 82555
18942 78999
2898 79748
12739 60780
13374 97123
12832 55450
93528 96829
27324 43627
94270 99837
63817 79361
87255 92209
36708 39282
23621 26474
18733 45757
54566 82889
25513 97936
30583 86725
1555 26477
58750 66208
96258 98344
84987 99640
795 63729
63404 76487
35930 90613
11407 48553
54083 69767
41643 97061
51711 74622
88614 90841
14940 47355
43469 59670
5904 72350
38104 71709
72239 95068
9513 81671
66721 76306
29641 99003
59858 70088
15186 20573
43639 89293
1269 56786
22903 67498
26369 27771
51140 99017
21509 22256
34612 85133
74783 98255
41363 56793
5576 18922
39004 99355
47450 72076
82534 90165
30365 47066
82181 89170
56569 82829
5439 11186
26002 69691
58912 67093
47975 95286
19866 58127
23902 61206
78021 82041
61732 93166
14414 16357
71615 91354
40152 77896
46240 73017
70730 99077
40122 96492
1439 78392
7465 52458
59108 80962
44601 85362
92664 99878
9490 65245
37543 49384
54601 55521
11169 66867
90448 94100
63329 98051
90543 97102
63057 97154
1423 99527
31649 65986
11188 40424
62948 74367
6072 21565
67401 71296
47745 71785
30556 60055
51635 88941
70704 80305
81363 93568
31582 91751
31131 64609
34499 90328
66632 96878
86109 97291
76180 93895
87586 95461
87125 87272
17280 43610
85024 87809
95961 98713
77022 80971
87503 91599
6742 65938
64681 89841
32411 33753
64036 90128
87977 94929
37365 93983
76675 98893
16809 52694
51974 62418
62747 74179
71393 97029
30641 39477
26370 80127
91602 96584
61505 81646
9318 87466
62771 75240
19204 95539
77698 87437
86452 95827
33359 36175
13542 42011
76548 96476
31862 60649
25239 67518
20008 82341
6902 62117
55192 96731
40382 76281
75013 88069
48720 90598
38480 48108
6141 73935
21370 52129
54389 67990
41066 92516
90098 95324
5630 77776
44352 74269
53783 76324
13407 30097
54096 72534
85739 97912
19803 68780
15562 18210
6138 57358
66109 94388
1861 34721
29111 82975
97384 98637
76466 88445
24369 59372
68213 98296
13786 27320
62983 63578
85703 98734
89982 99497
34838 64458
48632 61280
67953 98636
70414 84389
46090 98269
36428 42970
28027 73655
7621 93823
44464 68117
16571 69832
39876 55655
92060 99693
51135 74263
91416 97032
9194 45293
99306 99555
9644 78964
31316 37909
78539 79211
60241 98839
46592 81639
29814 95163
13318 62676
29502 73380
16663 57901
31711 67462
10985 38824
83211 94564
97161 97177
21828 43266
70609 72801
3902 18982
61631 73052
66938 72771
3721 23360
334 30346
14247 94582
86242 90468
27605 87898
53170 57514
52223 84682
56763 59956
33304 79940
41343 62766
41436 78798
98394 99064
5775 40318
39655 51648
79134 92856
59420 92925
30957 96792
90182 92085
9313 98914
31904 58985
88698 97165
65745 83719
68453 93499
47396 80843
14125 17397
95094 95602
88264 99634
43745 88520
83497 96648
32515 66415
36765 71403
79486 84652
9932 33767
95180 96248
148 58492
29541 81430
4846 93533
44275 67143
78986 79920
91354 95683
53327 83355
80409 90554
56267 86881
75089 84830
924 20088
47680 77040
25034 47640
30793 34579
96697 99629
20881 90149
52049 58056
22555 26192
56721 97923
99818 99935
13187 91148
95470 96379
12388 24963
18625 87279
64652 98598
12818 46103
8133 20376
65924 81385
2740 55454
98520 99318
53934 70677
37385 47890
70675 91678
94743 95554
38229 52294
69292 98678
60209 85853
77527 94105
59185 77100
37619 43981
85067 98429
22574 56389
79698 84429
99690 99923
28132 40492
71040 85005
66466 72720
41485 85797
49828 60567
94914 95302
95320 99582
73294 91795
38469 52476
4009 80447
58295 78253
56473 88848
35519 96070
88022 92557
62454 81909
62403 94979
29575 50590
7469 18088
29372 48253
23475 82712
34591 73039
84851 88220
16037 98883
15787 92965
50867 75312
60332 81281
16140 51202
63547 90126
84396 94665
78229 85017
26458 99020
31471 81086
18320 50116
44749 98994
32669 80354
27983 78102
93178 98773
39970 73988
37943 41805
59286 79785
6851 75843
20525 76756
72363 78614
57516 94000
20024 76800
84350 93048
42374 43589
54476 78405
52798 86641
18512 30094
8170 82783
46411 81555
3056 58710
43500 62837
55788 84066
63880 66861
3422 48831
70992 75100
16933 71556
59340 75170
60808 97982
77238 99190
5628 85966
85474 89656
38430 43392
39963 40865
32543 69080
55540 90358
29543 33747
36613 90392
34906 76339
63024 95019
66446 82334
99212 99416
94438 94542
35036 36945
19301 73370
91960 92084
28870 35079
55087 91375
91934 93713
9005 13664
25771 40298
42706 78834
57774 74747
89954 99090
21823 61239
96705 98147
43399 74763
78484 89714
52525 66468
33129 68243
43161 82247
71792 94821
91623 95737
89005 92534
13471 22400
11992 63710
89347 89709
65310 86253
4028 94230
50473 95723
89447 99256
38574 46103
29206 64904
23405 76305
20096 97682
38032 84936
59480 80932
26840 84402
62246 70371
80458 87405
10398 19021
72926 79372
64861 89204
47467 54369
93293 98882
9645 56745
59912 76432
23357 70255
3233 13312
57987 97634
84222 92631
55691 76775
83990 95217
20496 61851
62127 77917
17403 27112
28955 74577
1851 94098
70151 90648
95211 98880
74903 79938
75674 98341
54210 57866
28207 96481
24488 69339
28633 77263
96315 97420
23070 34710
53733 68407
20502 86796
43405 66774
14222 86209
37559 96854
79358 86741
81283 98889
90381 90882
54039 68107
81788 92392
70843 88743
4321 93276
14595 91688
23334 62734
24671 70258
17029 89966
23507 50337
27547 83103
95163 96684
34668 82490
29733 98406
40444 88548
30225 72563
75733 76577
35975 43860
12491 76381
61720 95927
35553 57285
36295 88047
6849 24722
86718 89884
45791 65183
7762 68787
90494 99338
28171 35870
61389 72931
66187 74523
20003 84432
96001 97505
66512 69818
54131 82085
86899 95515
55706 74169
2140 65019
48269 49547
80800 94032
73603 97679
57232 85370
899 60901
71830 97166
44944 47382
65963 67798
75323 97635
80476 81783
2916 99877
77983 97711
56736 95658
7612 74044
25163 68120
13346 67293
56449 69381
54099 84879
6893 17659
98845 99194
25110 64462
31548 43065
30067 70330
4204 22393
52791 61730
25603 96701
40872 76153
94753 95626
91930 93423
12125 92244
59196 92529
35966 71335
71932 77869
52356 99674
26085 31033
49309 58469
85585 87506
72442 87479
19912 46461
15729 75587
37049 71320
86229 92055
68478 73656
63421 80273
14133 18993
7931 22490
87616 99296
42044 45895
48768 68650
46034 99498
51569 91458
27200 33065
23159 78013
89955 90521
90872 96549
60366 66324
36525 96326
59860 60032
66850 98968
89458 98245
8734 62810
53902 74800
42846 98437
61717 94394
55889 75261
22586 40965
10453 85817
998 33249
5916 13131
32266 39268
77949 95117
33549 76532
61958 81370
99291 99406
64802 68589
53979 64679
23226 44085
73985 90054
88901 97512
85983 86924
59708 80869
65477 68966
91503 94310
43319 93847
28977 51187
63190 90529
29543 36405
62204 99762
4754 56825
99463 99671
20677 46707
60738 70860
34764 67278
71775 87519
2800 49178
6685 36622
92708 97798
8778 35721
33241 84697
52619 66854
24665 63855
54291 81513
78089 95100
52190 76860
93197 98204
14712 79575
41678 76524
28030 80729
59811 87253
3648 41761
6369 76014
32289 49552
9839 84876
17005 49905
37117 86559
3977 66376
70926 82202
64136 72742
17407 32503
6216 56024
40667 68089
46308 91225
20268 99560
86957 95110
59795 92806
2302 66946
89945 98904
45296 75485
5803 59864
10628 36595
99845 99877
86635 97653
61522 71957
2695 50332
32253 58102
46379 68915
9902 13105
57100 75927
32589 83445
45050 94847
57786 71277
7485 92580
5735 81246
30097 95349
52173 83781
56189 80644
24156 56656
91274 95908
82575 93218
44456 73970
98208 99980
57828 69449
23443 29247
81061 91020
45129 48738
24998 99123
95546 98946
14266 54634
51258 98110
97195 99308
64834 93032
61469 82509
46966 93261
57779 79752
91133 98645
37623 79642
22877 24269
42354 98099
27361 38830
44458 72795
62753 95565
53465 69509
38545 99212
87347 97723
30036 86397
40004 73780
51774 92006
6183 72107
23138 75392
11849 63608
9879 98803
89029 99317
3339 13665
83905 89145
50728 65256
11372 42680
49046 89041
59946 90002
9022 46901
97824 98555
65303 99889
46114 64076
86378 88159
26284 93445
82398 84951
32899 33828
94132 97982
24412 75658
95713 99212
51084 59189
56459 99601
99374 99663
77100 94340
31381 90501
5788 26163
4408 23748
81296 92533
41208 47343
38417 81568
52314 82546
89217 93248
40593 48291
60440 78955
9481 95853
33599 83581
14485 55330
24489 49678
37898 98676
27033 38906
21561 32401
63375 95869
79973 97430
20852 93848
89628 98114
74573 97956
53640 69966
96999 98741
56490 86367
21770 72213
85778 93206
86202 99674
31331 84095
32699 97245
84003 93232
49255 76557
5191 51826
77804 96055
42668 55598
27997 74536
33352 74365
36695 79498
79481 90363
3870 35922
72669 78613
87270 92213
28582 81457
65686 73689
23190 98039
62197 98290
7513 42008
96678 97144
60998 89326
38373 76937
3058 53795
85758 95348
60356 63997
84786 98144
50463 58767
792 64850
91909 97938
41072 73558
73238 92850
15111 33570
81525 84979
90962 92856
77796 92334
75714 80263
40521 40573
70192 77982
56547 67549
58475 84810
34492 91334
70425 81896
16087 59400
152 69730
56201 78470
54650 83586
55084 87019
69455 70870
92751 98326
94423 96713
90328 98528
60412 69517
92623 94348
11695 20715
34081 39929
3674 69777
53838 61075
73725 92554
18123 64690
42626 70263
9817 23780
30323 83294
78014 89873
53697 61013
76909 86228
63896 79648
89317 92516
6070 91805
17578 60448
41634 54003
73981 76309
89297 94165
2586 9568
13757 24581
42410 81621
76458 85124
52445 90744
75450 95496
16981 40906
67274 77016
61867 82930
685 57608
74024 75515
99176 99694
12819 59930
36059 89779
19108 64396
71441 97801
17787 29181
98687 98822
1700 60029
3980 73890
80435 91339
85981 87691
56627 90550
75413 92479
51953 81119
58592 63448
19074 53648
50345 70658
5092 35182
5610 24460
33521 63342
63092 64410
89200 97381
67341 75273
68528 76370
69576 82074
79985 94814
66062 88006
51995 77542
33175 56734
93419 93908
24649 98871
51122 84059
74033 92743
25418 27243
84560 86547
53817 92271
91016 91777
35072 71750
93534 98060
92774 92963
58771 63601
10177 52663
36689 42220
27585 98723
26611 30775
22655 86877
133 10183
89303 94740
45351 49515
57844 65696
31562 56801
99404 99741
98391 99077
96457 98188
66628 87685
72617 89092
33405 82018
52279 98099
27336 92068
71840 72952
77803 94638
8107 41859
22159 23363
20397 91540
62411 95629
72522 98389
83438 93333
1890 24641
20213 44019
46911 76786
37841 71920
34040 71325
6386 95982
76135 83679
40267 58528
67431 91286
55109 96280
5146 98689
30751 38323
96546 96993
93149 95281
37804 60170
61768 92982
56255 86540
83058 90079
95772 99142
7551 29355
88804 99296
56246 82421
19436 48778
22146 57216
70578 70797
59678 63010
58631 94565
96851 97307
58176 92423
9981 41398
16661 34760
10210 26303
14625 25561
67158 74234
63987 75377
37245 46770
16288 55376
38953 67270
79999 83955
39980 43809
75514 98819
29522 81325
64002 72138
88514 93978
20965 57801
48037 70771
11299 57169
13238 42826
6401 59555
7930 31409
62697 79408
41135 64209
63860 92009
85658 92005
76359 78150
97618 97900
78155 86528
93560 99582
73917 87631
25363 97888
71927 73904
69353 87901
77334 90983
74723 88962
31839 58710
51044 69542
77308 78667
57283 77297
95387 99203
17158 90367
90725 92826
75224 96573
28618 57659
62743 89281
46284 62499
12945 49223
54940 64388
96953 98880
44215 99425
59098 99642
11098 50370
19986 59754
16297 71666
3688 52459
27273 83075
23014 67121
35856 68805
13435 85221
99862 99868
51353 70948
38786 89884
24986 62947
36476 97639
39907 70999
92632 95615
49549 51365
60920 88458
481 5834
58774 76527
77748 99004
65720 93425
52833 92470
82579 92547
96245 99536
31375 59555
79710 88577
28519 77880
1490 36221
9416 20841
32873 33124
30558 65753
1803 75684
16221 88689
44400 46287
76679 82812
68127 93707
71455 77369
45979 90505
91929 92418
98896 99899
93262 98936
46154 51744
90494 96334
38646 96287
60303 83863
56033 69413
84586 88442
28481 96527
66333 89870
60227 65114
65648 73343
30994 95462
33165 52273
18821 91391
10069 24644
28657 88435
35484 55280
53578 93742
99085 99214
2818 28892
70955 73265
90518 94167
86585 91531
11918 80360
95530 96048
44091 68338
87578 95811
86497 91183
35516 55185
63116 71002
86457 87567
2100 91457
7683 15826
37673 71098
14920 61980
3410 87800
78227 88455
32726 75260
81749 93904
17363 55272
67613 97874
87562 89675
75717 81649
22963 77050
35895 39777
36317 74451
26745 82828
33731 60331
8697 74525
45157 75241
45468 89455
2904 17121
63712 94650
5946 33915
16920 17970
68470 82140
55458 87342
604 88073
28809 75514
37662 72605
14650 23712
7454 56334
46076 48201
37041 41158
82458 95202
53755 75757
81753 86437
46039 76263
1404 68603
499 47512
16623 38705
36595 71073
71823 82386
15943 42658
27878 58984
64495 69762
28721 55371
32194 99257
15542 25247
38767 98297
89575 91061
88779 88863
39362 73284
67547 84139
25222 37775
95001 99305
62470 63312
20696 61730
10966 63192
56586 60731
27434 38578
7117 55519
15846 22250
4953 66283
68090 90024
78177 99811
80738 86662
26506 32138
89592 95830
60800 76097
1441 84568
34404 36061
53368 66788
62778 93125
44675 72457
81112 94053
14484 72554
97485 99787
83378 95842
34011 40870
61625 74118
30377 87669
8923 33120
52154 82233
82531 91024
76394 90998
94766 99320
33356 45984
38975 51590
15042 99901
33371 44325
55369 73047
55031 55676
16043 30826
11710 62825
39856 84789
83140 99784
18501 56190
50080 79443
12632 56806
86465 93687
76666 87493
56437 70851
38958 39004
49015 78462
88692 96557
90507 91302
49840 62238
52924 93315
90972 97114
57861 99127
77580 78232
66141 87241
46967 76104
21978 70633
60260 85635
18427 92791
19752 41726
86201 92478
12566 27144
64560 70403
43733 77483
61262 73693
73750 77650
30329 54530
4297 86033
83553 91605
36932 86856
66135 71099
89574 92909
27411 90779
99792 99868
83437 86734
79136 95782
65663 95391
54369 73574
38669 70792
82225 94259
59535 94305
78166 81978
98770 99930
78827 82697
85294 93685
48563 80528
87377 98461
33386 33708
20532 66815
49437 72935
3121 66904
82759 94847
26427 92717
67751 71315
79388 89901
68186 80142
65077 76453
23735 66472
47742 64202
93644 95127
24111 59093
20912 83309
27248 63359
77583 88925
33142 41160
60309 69879
18402 95435
8747 24311
30893 76349
23089 89332
90921 94913
93690 95580
3188 58952
59366 74823
4382 26351
42491 57038
52159 63004
84036 98424
62504 79955
25521 54195
90471 92483
76732 89728
56268 67243
89717 99507
36809 40621
33774 62086
61887 94138
8690 56445
37551 72844
18739 30114
81054 96469
72326 86916
67469 87342
91400 93600
82098 89649
54874 55259
1555 46421
9469 79081
51477 68479
95250 98400
84308 89186
93503 95491
97343 99174
37254 80848
32091 74575
78327 93768
21223 47220
95917 99485
93025 94545
36574 91342
34492 54674
69270 81277
71662 87598
80036 94240
59368 85720
9718 40296
55952 60599
4310 59955
75765 82051
65966 87703
59947 63613
22700 68164
71373 99080
72452 94923
34423 89512
3276 45558
84363 91472
77032 83073
50966 84101
70698 72310
79119 85462
33068 56236
91369 97266
57672 93048
28792 74788
26687 43343
89020 96781
36611 92560
15002 56402
94635 96558
65085 73036
98223 99721
19384 20984
82876 86037
49381 75435
59079 94568
4490 63107
56447 87371
63356 98424
49811 74082
5963 7611
51518 58029
5320 86377
84365 94448
59469 85737
69103 82771
64724 93750
62345 73071
95388 97749
17695 67689
47492 72216
84242 92528
49698 93605
76242 83847
17989 92126
69164 74001
91444 94576
