326
98576 99186
55653 57510
39907 53473
68159 89371
63519 95307
46054 64651
7211 9740
4038 90913
82422 90703
47111 95265
2524 34495
20508 75446
37790 38876
34035 67833
14423 42819
92494 95017
4924 95565
9970 77540
99629 99753
39470 77776
73837 84709
93378 97196
4874 96149
97045 98865
10687 24136
13439 86002
46817 85437
75603 78259
71485 76086
17191 41787
25227 56900
56885 79668
66522 75732
33188 88506
6967 80723
11455 35695
67542 87527
54854 59439
42443 81005
88158 92272
7844 69543
78846 85093
88108 96200
80363 88096
36012 61084
862 21380
2476 73135
47622 90536
95032 99635
22516 62353
22068 37121
31287 72715
1670 21158
56360 74270
2823 85723
37936 64567
5474 92975
41937 63600
71925 91529
25318 69278
67452 70736
61952 77643
96662 99749
29535 33450
34795 59838
6857 29272
68176 75426
64237 77009
98340 99875
18376 59393
36793 87564
5613 38675
67145 82216
48270 97471
16602 27693
61752 64442
14826 74967
89283 99269
72240 75264
25003 73879
44705 52782
62430 88503
58814 84581
3843 8048
25673 84982
13314 98806
36033 63971
33041 56126
96092 96283
32738 47886
83545 93106
89063 95641
57706 68387
52648 83633
88554 89242
30903 95890
58350 62204
91849 94572
12469 69458
89616 94849
51822 77402
11324 44944
77756 94860
99356 99538
22739 72903
85771 98893
43818 62396
20135 85102
85019 96819
10497 21625
73032 77277
7457 45863
13633 72997
59099 86000
83257 94642
70717 70992
46166 53090
75858 94301
90677 98527
30597 82438
12863 95168
61193 96885
81582 85691
41659 71400
79387 95625
9578 56820
93106 97363
13886 61959
57360 88530
86090 86972
97984 98978
1858 24424
2462 35372
44263 75010
41630 85040
24684 55738
54846 77768
29791 38847
82383 86168
71740 80016
15390 53463
59011 68860
76007 82324
89585 98871
10582 62994
10604 94519
51885 81625
84941 88717
85590 87068
94778 97632
47790 70901
73007 91673
44562 86664
62140 77263
19728 65276
25055 40463
31718 96145
39268 70412
74946 81868
29806 45891
13130 95912
74110 91960
38623 82071
20435 72704
23746 83146
11921 63049
96263 98144
19470 90236
83409 89929
26070 44009
55549 68068
17396 92135
45651 83842
70507 95667
56663 73075
14617 68667
4418 7435
71093 97689
26222 60880
63117 82293
42266 86509
69239 79582
12691 67346
59679 72861
76785 84008
42305 79581
67122 81381
53236 58048
72365 78892
20904 97770
97649 99293
32423 76988
7223 37478
28986 30394
68999 86685
18163 21137
98650 99008
72097 77417
86076 92333
78119 94938
73586 90173
74371 82437
30392 50721
99744 99765
6010 22172
64461 90095
18607 25888
8403 92474
58938 76582
12578 19548
64647 84875
4030 83856
23842 50298
54781 90047
25251 78200
11888 63958
78430 86562
37853 62329
5327 45877
17027 52127
12501 31658
91755 95851
95285 95473
35929 72118
19464 23422
35683 91786
65716 95202
27290 51886
57361 98893
80505 99119
33216 99241
14319 27833
96970 96979
34595 50828
41486 61750
23277 41180
88681 97237
35011 49694
17609 54557
53894 65856
27081 52297
476 90342
59159 59678
68233 72434
36514 61151
78090 96509
11925 30709
63556 97640
352 96992
48506 67830
78043 99668
8735 19878
54796 89195
74160 89131
80079 92454
86239 92981
9030 29085
63374 68654
82917 93768
4675 81166
29553 76728
79139 88978
48577 97146
66897 86477
20326 38393
9089 71259
497 32403
60093 89981
40713 99891
51244 64396
62896 97473
30666 78950
5988 14944
58123 68420
33489 95655
2713 49391
68843 96340
64793 92230
29384 30676
47151 87886
28829 77639
64135 95255
86774 94452
3806 64034
21882 30565
74866 80238
11572 14789
54244 74585
38136 58340
82982 87872
96975 98477
5892 22993
37492 95863
45489 96740
90377 96069
12572 12643
89844 99015
59118 87037
10204 16836
84539 99945
48410 64634
57963 91981
5909 49329
91901 96657
72532 85651
70347 86730
32906 44669
55664 81701
9903 23851
79775 88785
19847 62940
88209 93656
99501 99918
3012 99630
8158 97453
40035 84766
64252 71401
92890 93149
51856 60937
19608 66039
94451 97938
38702 61062
36765 77019
78725 97688
92856 94668
81108 86518
