1460
12543 89794
52859 93338
82078 87908
29979 41556
78770 93393
43702 80914
55055 94386
98613 98917
68980 84703
97016 97042
9597 81894
89811 96329
5845 26101
12333 17454
63074 72898
37012 62500
31958 66783
79571 86012
30171 54586
60748 86721
46198 93366
29260 45023
83244 84507
57054 89851
7051 85820
26632 33183
17088 63299
56032 63356
20210 44724
49238 57622
72938 98370
95502 98557
76239 87905
8007 71763
93827 97373
97449 98131
60712 72267
95751 99693
33066 59599
90123 98297
37 19112
48329 58605
14748 58710
31500 47618
17138 69810
59292 98797
65762 75319
34897 86825
5370 54890
4717 96677
5586 28025
7152 60721
1568 4421
97370 97778
73481 84758
75240 94796
3332 80169
11761 85894
26131 41086
89338 92616
97208 98259
99409 99688
34680 57913
29231 66423
18726 64470
74316 81191
71803 89291
18890 91035
43395 56244
4560 9355
65549 90025
78106 94555
86292 94017
78537 81450
43350 98700
34783 68555
5539 40774
81946 93741
10605 34814
608 72697
27505 75556
94279 97466
67427 70331
38567 71628
85696 85779
67484 75828
60811 90195
43944 70281
96131 99585
82292 92156
1050 90347
14162 46379
48282 57310
58063 98868
29300 34671
43888 44675
39828 71996
13731 69776
95278 99338
36006 41122
83700 99863
4134 22027
42384 76107
7564 54014
31382 89429
94600 95700
85452 88852
17354 49138
53590 89687
29490 46147
90289 92369
8139 23156
78749 98615
17442 89185
72000 73969
23202 96232
20715 46489
21614 75563
97669 98950
38186 42831
63530 74645
4657 54986
23208 72199
87486 87817
46015 65281
307 96308
46495 85566
82409 86081
87190 93721
30108 89450
23601 74287
83160 84469
43776 54220
50710 58587
18548 53170
15151 48673
90682 91067
99277 99658
39009 70898
82683 92882
95408 97630
89386 93601
84102 97158
68330 74391
17180 90864
23756 63158
43430 59830
2507 50867
26866 46515
98018 98765
31270 84417
57177 75549
61168 74338
90156 98470
39605 58424
69278 87018
20449 81899
6286 25069
62240 76646
68804 81830
29679 49506
57158 87206
31623 76748
80952 84101
36551 94939
69881 71730
63344 76956
96460 98236
20080 73522
59819 69665
8371 78639
54443 74215
84617 88715
4070 31189
32937 36357
70937 98925
86033 97821
50091 63564
99478 99729
42865 57448
26735 76748
47296 84271
16085 92463
15891 41965
26835 54849
75714 98365
60919 69035
96695 99369
77334 80075
57288 94910
45024 90708
28707 83983
75240 75484
9436 11864
10679 75737
73491 80047
35460 38293
58065 81162
29887 54899
71370 86773
36050 86917
71848 75214
99534 99568
8371 93148
46822 85389
9381 33597
72519 73495
91206 94406
8642 93187
51996 97772
55264 72500
68516 74031
29966 42244
60189 82773
19851 32702
65677 69737
69837 98733
45969 60215
15767 59709
42180 46160
59607 93359
32234 38860
83075 98290
12269 16621
25119 35224
93763 97959
65522 71763
75293 80893
81088 96099
4843 13355
41472 55669
72551 91921
13905 35705
63257 68890
24684 88505
83999 85515
83669 99773
45308 78618
39477 81718
96162 98632
818 18458
39845 80208
48778 68539
61815 96666
7002 38730
14270 47881
65424 72089
21833 22461
11914 83673
4314 69756
16557 93009
51112 58385
86729 87484
76628 84441
13496 52501
6493 86009
67246 86941
48222 92989
49543 85255
31349 48084
32351 42239
90912 98670
45035 72793
74865 80256
18526 99049
8493 66941
20704 50907
55893 70436
66172 74945
93923 99732
4025 70859
16367 92507
43814 90930
32568 93140
8994 40208
81034 90465
39957 87182
65533 82118
56686 77937
313 54280
65137 96679
31711 37261
26594 58101
46046 84271
62318 82403
80187 93231
56118 61608
2481 65946
79356 88245
27310 49701
82293 99172
68857 85816
60392 99121
38696 68390
6554 23754
99861 99969
66106 69472
22918 52912
9226 57151
24099 64206
90259 94712
21736 39661
47954 71379
90925 97223
19379 28913
44800 84004
61781 98555
59423 68673
66589 80541
26769 35401
42388 58694
79934 98725
93233 99032
46973 49453
30631 81733
43938 49308
30687 63563
27502 66103
13875 94775
16656 87660
49396 93952
8659 18646
92686 96383
14848 93586
16049 49741
71774 79698
67491 79982
35853 68536
9046 38004
825 87631
37279 79681
78832 81348
44730 59863
9963 63490
80585 90522
65947 94862
45238 85633
53338 68398
52668 71977
62970 65837
64658 97287
19184 23108
80175 98458
19658 74797
41131 79443
23570 60828
27221 60282
867 58461
92830 95671
52023 84855
46414 80021
52354 88362
33682 87134
33239 50106
98831 99020
47373 65367
74688 80148
66997 90273
79561 92020
27255 48335
28392 71591
71727 75721
18465 57059
83372 93748
16967 62616
95329 96765
72256 99874
13426 67278
85311 93759
93171 93541
56420 63217
39883 57365
44161 73826
70170 94385
26005 54759
2853 9039
94799 99958
99619 99824
77950 93641
98942 99144
48757 59397
12799 87643
46438 96395
74261 87595
67341 90556
87400 97397
75827 96783
61719 88920
27483 50694
33639 42713
83574 85220
38590 85411
8035 11390
86560 96401
43539 55875
17209 89782
430 81921
65251 69278
36970 78752
37611 71229
44135 60809
51614 65196
30012 93654
47833 50470
625 82429
17144 52969
30357 44344
74448 75628
58091 83261
70122 99303
80468 98897
85200 86104
11773 33138
65728 85811
75297 97309
70214 98405
60513 61709
3827 53980
19516 82531
33069 49250
64285 87596
21741 39155
7692 69565
98061 98844
20677 28998
98327 98689
61039 89410
24799 93622
51797 75842
71285 86383
25988 58190
11469 25178
54968 99251
21891 73876
31219 75909
97315 98440
30920 41516
94627 94816
41057 96522
1034 52521
31008 54338
15521 25474
99410 99997
45025 50506
54523 91998
26234 43171
88256 92625
10307 92526
82358 83305
42719 99767
92036 94226
52803 67578
87085 97612
35282 62056
40016 71714
59794 95246
91154 94249
13299 61986
4217 96144
40105 50919
59572 74191
91970 97185
29379 33671
54505 64062
78170 84708
32741 75670
9527 39688
44169 84699
2908 69547
67541 81893
11160 45113
19965 93424
53017 61723
62737 88094
37361 47790
60647 95884
84641 88394
70196 87637
39289 50458
57188 85690
24978 43767
72736 99631
34334 89909
7864 44919
30224 66810
30041 72675
2323 39720
17612 77421
86094 98243
65596 65616
85656 97074
27095 81378
89597 93629
20880 65363
96419 98434
41437 76019
22957 56287
81839 95786
36045 83246
50154 98223
74769 86399
83187 83522
39448 98275
9664 92836
26540 68568
79196 85140
93688 95735
56827 84623
93804 95209
59726 82608
98797 99365
76237 98887
18562 32013
51678 54236
64017 92574
86897 94908
60013 63642
99969 99996
12918 60954
29338 52641
47689 51161
12959 69019
22813 37425
18108 49846
67203 68358
32579 37918
79060 94242
54603 90540
23057 82959
68678 77752
4909 29045
57261 75814
99378 99933
36298 70341
55873 82295
92730 95540
25989 83927
83249 94738
17513 22130
87986 90946
27964 50357
84949 98358
80673 94467
18913 39477
97858 99349
25374 28823
77856 87798
81080 81159
49797 64726
91574 99046
10099 73592
13583 80288
85834 89610
1865 83425
72834 90278
81668 95644
11623 74133
48857 70932
34746 81807
77391 90744
28530 61639
82441 88170
17307 40968
86366 92747
92607 92778
19111 75821
5036 38318
54846 57048
952 74476
82838 89975
90856 96755
70531 86480
24334 86862
58925 74883
93892 99440
89552 95095
60624 96583
79240 89067
83619 95650
56015 79399
70 27637
25128 29970
43196 49204
43066 83561
87525 87555
6765 49764
33992 39706
17707 41865
24604 74330
72784 83140
28821 56057
23735 72481
13967 73652
22074 91226
81756 86130
37824 67253
66553 89257
93583 96242
42649 79928
60517 99625
96960 99926
36466 57202
66446 79755
31477 39916
88573 93694
29555 43006
29538 44133
90710 91810
49290 74282
20715 43442
2582 84480
17022 82615
30235 58200
96146 96659
78367 85354
67327 84394
84074 91736
42087 61721
70375 75434
48130 77361
82059 83522
43740 69893
85999 92158
890 53441
99605 99949
27521 31267
3352 39237
15211 62692
47961 58621
88886 95269
28343 86218
78414 80380
17040 44745
73131 93629
24663 43038
8185 24567
85293 99652
68657 71610
95813 97641
98508 98796
53474 98654
90600 95983
47666 94020
88969 89846
2386 56336
12873 61727
74066 87790
39103 72532
39364 82073
60186 87437
2389 94441
38768 71681
5675 35245
68959 79167
52040 56599
7609 67454
40627 42913
43022 74127
65933 85005
21840 41845
8109 57877
46768 62046
72869 79610
61400 81679
90062 91301
25279 76694
22010 60144
23581 49794
81015 84727
70243 72624
87852 88178
71103 96458
66110 92525
43959 68914
56281 71704
99033 99845
95734 97953
33683 60473
15546 94458
41709 92250
55449 69820
2976 79363
86672 95078
89443 96239
49720 88302
20930 26643
72161 88558
69973 89687
46076 75886
17060 28019
79439 79920
88852 98606
14252 78865
93969 98299
27 38850
43882 59964
1117 68599
23452 63259
70700 82746
69418 98686
26513 75033
32658 35212
9324 27395
4161 59859
75930 95539
32488 59733
52183 55963
95191 99306
66899 73654
47313 48788
64939 95741
66565 69474
23016 86727
80491 86448
50280 74267
43404 47555
70905 89953
55528 83360
25501 44832
7521 47371
58912 99695
67426 94614
58803 70359
53372 71905
47263 76664
32382 32942
43100 70916
76491 98514
99648 99749
26503 34625
79208 86321
13462 23072
3554 13472
45396 65901
56299 80787
23089 40277
14477 78546
67711 94654
35408 67424
51049 63271
69472 84029
59531 60392
50612 83605
77642 79080
68522 83194
31950 68349
83216 83862
66084 89390
58708 89619
1908 53306
83697 93369
11400 45959
84044 99300
33751 83553
42945 72104
79380 93176
14157 73361
60812 91980
93065 94010
63646 89992
4778 15634
69836 78109
25712 80853
69092 72471
36319 83658
54190 92355
22215 57937
90551 90867
37355 82114
7882 26765
3094 86670
62692 87706
93702 98326
31995 66147
74519 99091
28894 30433
12436 33561
51409 98183
38752 78665
97863 98055
29183 83387
59236 62473
57137 89083
61587 63097
56093 93914
27987 40998
15186 81794
73303 75630
3970 24437
80164 93410
40643 73885
83003 89239
97106 99014
42249 89106
5391 12228
78705 93841
63009 74613
50883 89320
56770 66492
30920 80010
74715 94633
33667 61713
88337 93553
33367 63772
79603 97723
80480 81066
5024 99247
40252 50404
96521 97892
41439 80991
33053 79928
63639 84060
85804 96535
78830 86343
53842 75207
74169 80144
73974 80260
44481 75269
85043 85692
49455 64416
94818 95382
79781 84212
13305 75263
23778 40601
12773 62114
53413 73221
5670 91635
46859 83032
98271 98701
68224 77853
87092 96028
49622 85103
28767 53133
18303 96719
96124 99831
75628 76694
95037 96495
67128 84066
18606 23078
28985 36161
5821 95839
4407 28634
27957 41126
17048 33605
67712 92245
90244 90697
35200 73924
10017 52166
79302 87151
46844 65268
68736 73427
68309 73826
42145 47879
65936 94201
63344 68331
52516 60346
19129 67950
51192 79353
74835 91624
41984 94673
73750 77139
68648 87145
95575 99974
30792 77595
34231 38430
38704 81264
2618 55746
63356 66192
56526 95421
36552 61188
42147 42536
46221 67344
31445 39501
22567 62014
11594 26745
13397 42248
94654 95226
49245 79492
74823 76520
31095 77259
771 81648
61564 61616
35758 48065
64884 92191
84600 93276
10136 85873
58832 82747
58240 65859
52182 63181
45461 62653
96672 99244
18231 71810
55941 81897
62649 85659
3014 78547
64229 82210
83818 96736
39515 63703
43735 91729
8489 65141
58139 86322
87170 92514
20692 83686
9462 61320
18796 33457
66785 66972
73244 96690
63103 92419
46822 65819
31437 88902
64148 64267
56204 98835
66374 85197
12488 28301
67404 69574
68033 71089
93014 96529
82884 97718
17811 96556
94926 96512
19963 39323
21769 88601
853 6513
30064 53516
27448 44072
58646 85397
39656 53000
18641 83638
39283 72703
15460 95195
83232 97817
14976 28803
67956 90678
75011 84492
1490 8610
14225 82219
3066 56596
80871 87825
4715 5296
66620 80860
45604 67269
80301 92515
35845 72164
2534 97561
21860 76978
71093 90866
54893 90395
86971 98771
73885 76133
10324 85281
97145 99786
73873 95564
1386 48430
67914 69682
48552 74204
3472 15007
11445 87558
7663 31585
60784 74407
23347 40240
14202 40212
53019 58536
93032 99809
61692 70369
68991 92176
23443 39453
20685 94424
3737 34081
66338 85473
50727 99364
48581 77894
86171 90309
96554 99397
75970 92025
24669 29730
67628 72036
75932 91603
58620 59378
82246 97200
92685 95956
63758 92952
1894 55471
18435 74829
2675 25476
93502 95506
48448 54995
79480 99610
45685 68343
49422 57357
42573 70268
89179 95190
87430 92747
63317 66241
29229 50798
29169 40049
24551 31006
70436 87383
77463 92479
82267 98401
80621 92007
25378 85743
80052 91556
62972 64110
23151 51918
38109 46121
45321 72697
50057 80931
54059 82301
34516 35977
29144 45725
70354 99113
93410 97181
59419 98338
59311 59945
73875 99159
37265 65368
45328 99105
50939 98469
92873 94895
45080 57075
63745 90507
45938 63372
55379 89607
4124 80849
80222 97023
67153 98822
20034 70294
1459 91113
76318 99448
56753 57705
65423 98982
63476 93248
73435 77299
88735 94233
66592 81309
12068 85193
71375 86526
44724 99079
64100 66872
64891 68081
67839 73645
5883 11466
22396 39324
16799 61978
92855 95358
51524 98776
67338 79247
66782 99171
8147 45780
22508 81812
28420 29728
91378 92476
22911 64238
24863 60656
67631 83386
64851 72852
70369 82260
83712 87182
72731 95743
1944 65163
58376 64106
92090 92267
9168 79390
55457 61499
93082 95339
19946 92326
52533 58641
12675 21700
74874 85676
31468 98108
18718 71244
98042 98802
71284 78947
82567 96171
68324 95740
68942 85963
53089 86453
18886 82838
49303 50821
55955 82748
82830 84632
20288 59932
52776 79259
80783 98985
35512 80163
54777 66276
71745 72281
20252 60409
64377 76373
9 52311
51319 68054
56984 77883
704 87689
89249 99472
83321 96039
77518 95806
78815 88760
37364 61868
15232 66234
35227 69467
64511 86013
93196 98767
9333 38534
73879 99971
5527 33459
75718 88145
46350 56836
4501 80318
84205 99909
16472 70252
11508 25722
27157 41298
31440 45615
60610 68570
67748 73105
98766 99746
99328 99627
75755 92199
27507 60560
95403 96752
41109 56467
21663 24372
62914 92000
1487 33119
4331 92587
18027 23414
20047 53911
71937 91988
44288 91370
84551 96448
38980 91995
83757 86431
74844 79756
58388 94107
16058 52724
52885 63286
46268 77815
37955 92042
9324 10454
25915 40911
33585 45169
37512 99479
14627 66224
31678 74243
28123 33061
82014 91286
34210 78578
87202 97130
26804 97226
77545 99784
60922 65542
1797 83315
70153 88635
1576 85000
68391 73634
87792 99602
43182 60980
63136 87820
58605 99933
22742 28683
78467 88026
28765 39210
92440 94088
29848 92577
53632 62295
33366 42797
23730 59425
54525 63211
10769 71549
13716 85674
9443 67372
31089 85239
81265 88553
51357 83575
86649 94543
98051 98469
32666 60417
21963 90631
51824 56641
35302 54484
85950 94242
26003 62566
84374 97612
58282 78993
71942 78306
34353 89606
928 22377
19245 19603
50740 72541
2425 50858
55006 66280
27619 71088
69626 76779
88137 92286
2469 73976
34122 89644
42142 77124
8002 93658
7936 97737
7238 74827
90036 92641
96933 98790
39132 97705
31360 52634
55333 80827
79207 87841
79833 89139
86328 99871
79798 82037
638 29848
91992 99553
1797 23189
2942 12149
71147 94120
53843 92633
52460 72047
50225 68709
6568 53648
23005 89877
11705 83193
98979 99086
7052 27471
6003 73983
66159 81864
34407 42282
12852 66677
63715 72041
74650 78458
80528 82891
26904 54085
43399 96214
40182 89010
60816 64718
77010 81031
94114 98085
13147 24301
25573 51802
37832 43402
99376 99558
34096 56194
89957 92783
23749 55632
22001 60648
99110 99704
95112 95991
63823 91255
50414 56049
35813 86084
76847 95654
78438 94200
2892 68838
5245 38580
32343 47311
79970 97863
63024 80741
98282 98956
15826 26739
61669 90694
30873 68782
8508 84648
87685 87889
59072 59163
30313 86637
16808 39845
33989 73569
6745 21253
65351 85671
24429 81113
75794 82479
29902 36162
41883 68188
5584 24001
3086 17484
18659 37860
27091 81097
6625 17898
33350 80317
4991 60390
10132 82871
7188 99307
90453 91139
31181 94284
59178 71659
37764 71418
95158 95954
74241 77059
88711 96596
59891 72250
68965 82340
39113 76253
22328 66267
13127 87493
17249 81523
93862 98412
3449 43764
87958 88821
52234 75906
80827 85773
44759 88527
34655 44432
75717 83446
36022 53108
55662 90757
88874 96159
84018 86552
24404 45855
43563 88345
82857 96549
15271 92581
75797 77195
87653 97010
50214 96645
57028 75424
85150 91144
98466 99798
79023 90815
35069 79764
50192 73468
25522 56755
50988 52959
7863 96105
5591 30873
63500 91470
61692 90611
8148 56923
60954 94448
54468 92320
85594 92180
64270 67117
27164 82856
10676 34883
6052 46011
62190 69377
69909 93557
27495 40228
42198 86556
36583 84570
8217 93063
6978 49715
12090 15757
67787 72974
21894 59123
23729 88495
864 26822
72713 89596
56105 92878
55199 73556
74227 88154
82465 89030
39341 97722
13595 88303
19575 89652
72032 93223
66965 80599
5986 55215
38429 77763
49125 99608
77418 77506
14782 52788
48555 88894
7184 24300
78746 93636
39374 91589
23617 72581
8057 86868
7901 52636
92745 99877
20472 36824
95660 98038
33975 70264
95999 97019
34316 79613
6343 17610
61249 81434
55563 75120
90647 91925
20123 30653
78771 82736
34773 89960
97217 97617
83607 86804
71182 73502
21491 73983
1545 59905
21005 38193
53648 81119
10846 75269
85378 86654
91087 97518
33374 61986
46916 92734
290 21788
31092 63852
48523 85964
26217 75695
68313 98416
91120 92617
57052 81228
26529 30339
92849 97808
6425 89908
62632 78135
94830 95323
51641 71619
95672 97606
27203 70941
52700 65189
91121 96180
21469 62152
82680 94918
13833 89955
43776 80970
87530 96177
70433 81886
49703 56887
60961 72292
7783 29466
24144 96930
2579 81962
84650 86860
1487 73265
55043 99905
11968 88322
58796 98084
62223 72176
74703 74957
30994 44744
91652 95681
78228 88579
10105 55417
28111 49600
90752 91064
11109 13552
78984 93024
10229 57405
76796 81209
66207 94075
77312 78676
93200 93232
17689 32508
2043 44130
83366 98305
47321 95730
10865 59498
8906 36966
11514 71759
16798 51972
97253 97432
28601 35893
59904 67225
85223 89299
24479 52154
72718 88333
40080 50150
31061 38365
65381 73516
39184 46114
11934 20713
97856 99206
51826 70043
