1016
42006 60856
28101 42285
88103 98369
60402 71010
76825 89309
45904 75737
4085 96478
32519 50711
4166 29632
61476 73419
47105 76584
30432 56743
10702 32649
95931 98683
96374 97322
20266 96930
93876 96924
97322 98468
62393 83747
5919 63596
19017 84371
15103 89880
99208 99335
95497 95899
32124 53379
65766 86559
44092 65267
50536 96318
6739 12057
51850 99713
28554 76207
11045 65945
42282 50818
61716 62827
6165 59884
26739 28936
11823 74565
70336 76686
25640 44616
54083 98100
3196 20804
42369 88386
54825 56634
55909 69541
69948 99012
80822 85943
65586 69781
5596 62936
35743 77212
32021 91465
99943 99995
62167 64179
4568 77051
34994 90829
73026 86021
38833 43427
95448 95861
1366 21115
80191 95609
22483 54055
4848 83545
53673 60528
44525 85184
89303 90907
56689 93003
82619 92099
72944 98950
35931 40768
58006 97222
19645 48528
78332 79783
63249 98749
39199 78687
40562 65563
19616 67561
29627 54053
52400 62760
87704 88170
84155 86587
89068 93150
66864 95919
14933 52461
14923 69183
2740 40459
74688 95880
2611 77243
49323 55688
19857 27284
50907 83325
58881 74411
92572 93373
95072 98147
19671 69604
88710 99003
13502 65933
61391 80130
93538 97265
11714 98421
74031 87498
32914 56308
28284 98773
44487 99557
29293 92658
79734 94763
73607 91152
58824 89022
96791 98190
35569 61319
44875 56887
43410 93302
83739 99059
92932 99640
26649 34457
9472 14721
39720 49590
38326 70858
22119 27552
47584 48116
52625 56969
66411 86815
77733 78982
84552 94719
50876 79163
94856 95236
32746 48993
65938 77901
71329 74963
13574 77479
62508 79218
37369 38473
14686 72846
41269 93002
35321 44365
87368 97611
70908 78265
77208 77764
75769 88630
31634 95547
36238 85293
83606 90242
76255 93300
52554 75391
98725 99288
55393 97430
36146 73104
48608 88880
58740 88233
27302 37638
15400 74022
43487 65734
8839 20487
56250 84290
8849 54198
47107 50491
5452 54952
89951 93112
84071 97689
92972 93036
54788 63948
91696 99009
40796 53706
39804 58928
61920 75019
75572 95117
47279 77388
12740 83704
11305 18949
83138 86378
96070 98544
12911 18473
79896 94833
99832 99934
50543 90032
80943 84004
92111 97933
26036 82031
17605 90222
47674 70135
88849 90940
80975 86741
65574 76617
45868 69795
94646 96584
10325 66427
20573 95142
87213 90882
72041 78880
36334 94962
77275 98324
96006 97244
70333 72602
83220 96324
14635 25797
17745 55705
20063 55250
12575 65468
49673 56066
62054 84786
30319 39526
4375 15405
70969 83774
30616 49427
84344 99125
98123 99093
48203 71268
15339 41465
5204 49721
70756 93551
80821 84059
77541 78046
11612 74256
88072 95291
82514 89748
26042 93697
55373 76669
81154 98422
27237 63394
3211 92990
77602 93363
75032 92376
57735 57930
13838 60385
35642 62221
90443 96447
47680 76118
98743 99015
90088 95561
92645 98991
3073 3552
63510 68075
49663 88678
92891 93036
4500 18122
52722 67871
19987 92380
50385 80857
68166 68673
85538 90042
45395 55922
91536 93868
39636 41249
74000 95597
20677 81303
71419 92031
69601 94611
50450 88334
86323 87972
23555 52936
81602 82116
46070 46141
72475 72668
39834 49929
42321 50999
68235 84610
60479 77034
85019 93915
85449 89480
77689 90916
65776 85802
27567 36375
80445 81982
85469 85935
89743 91468
19464 61680
60579 93747
9558 37271
91088 92792
7617 13634
91923 99564
73755 80179
50252 81365
47578 58413
93905 95379
17600 78858
72375 76685
62423 93356
10482 18896
45011 98890
7161 67807
54166 67189
724 86822
88616 88960
59609 90345
21472 91848
82955 93504
36592 82294
53783 75221
91250 97891
59027 59320
65238 71964
66796 69833
38080 48479
60402 97714
93505 99023
89356 90818
13482 70648
40497 42788
64023 69354
20002 34783
2614 65464
22470 88880
58278 93883
14193 56586
56767 90527
81739 86755
1865 96801
7834 99128
76745 78709
42239 61289
12144 35716
78368 83039
94330 98680
67011 79054
59579 65805
88868 90706
49369 94602
33348 96388
8639 55917
98351 98382
56220 74578
98174 98397
34548 96849
46680 61087
44171 94064
24093 92046
79667 95436
88276 98932
9898 11401
38268 97488
90476 91193
51057 65013
53206 76048
7461 97278
10938 61536
74086 81186
62988 67766
38341 47911
80472 85722
12340 50376
80808 88407
7071 46590
90660 96399
81621 89833
37434 38187
5216 8465
64545 78684
40204 98772
59698 81573
10059 92121
35383 56330
23893 46004
57581 94867
66200 92536
24965 54560
95442 99464
64197 79438
53118 74983
19395 53647
907 46016
60556 87987
8762 17483
62527 90013
29104 38322
98443 99217
88905 91786
85831 94215
89465 91863
67049 98522
17883 23058
11630 27824
47013 80090
24965 46831
14238 26004
8763 26002
15125 96319
16779 41464
30885 47280
16 66023
48642 48863
5213 12623
17029 42716
2597 24413
43686 82841
37228 81184
6740 86182
30747 69464
79312 91112
85215 93065
97439 99639
79870 88855
29332 56426
50329 79902
45980 62459
21278 29238
56674 72789
85253 88530
20297 71565
55844 90139
18133 53340
47059 79939
18201 41030
74288 86580
82782 88202
12297 84844
22933 80207
63189 68502
10186 16318
82523 91824
17410 78854
87349 97922
56674 87898
43340 93634
35141 45704
40898 52792
77811 97381
5356 49078
74615 79364
69044 91484
51937 94404
64326 92795
1980 84609
1610 54549
55341 64702
31636 67900
1001 84489
32969 47404
73905 92609
81365 97441
60891 79322
47840 71860
45179 96850
50770 81704
66444 93504
8674 45346
9967 38904
84056 90096
67499 90867
17738 33621
47329 73138
49751 55820
18448 29859
67346 98276
65489 87264
98451 99131
58005 87728
94348 97342
42055 79861
50625 89049
10193 65696
34966 67620
97852 98895
1226 12107
16753 93054
42726 67505
81723 89528
580 3492
27157 64339
47847 98108
54452 66994
89380 97276
46680 52908
69688 93009
19792 81210
95923 98128
49217 57816
61684 97323
73782 79241
64234 64941
7845 63288
80019 92155
61437 79518
32409 72715
37093 82605
18819 51950
16191 66277
39479 65244
89483 90765
7743 40029
59303 81554
13224 24254
39323 44268
12733 37994
663 67897
20596 56888
87013 93497
51307 54155
8245 14999
63623 75914
67532 78444
64546 99468
46295 86664
75073 91190
61276 95465
53285 77199
99212 99509
84590 98209
26105 44266
38172 48313
28433 75568
59704 70005
29835 40894
49165 63227
62162 73465
52713 52993
41062 54539
39935 80186
50673 99096
83136 87456
30472 73522
90130 99722
68430 83968
20644 44533
17616 66808
24085 65336
87387 89024
25536 66657
24287 35574
12995 35491
83600 92271
76550 95624
43898 84210
39869 69985
23228 91862
14989 95812
30380 62570
67937 77159
10486 93411
12549 55955
27212 91072
89214 91514
83312 85222
71033 74635
42622 75564
17032 55727
13971 46150
17395 79731
66308 81659
60116 88276
33370 95305
68963 94428
64508 65923
3627 96742
87045 98549
33372 75933
12626 13584
24261 98279
63326 77465
2823 41661
4524 53246
43535 74683
81218 99228
87845 98243
69478 84029
60267 95146
78011 86585
53314 55610
29333 51059
29331 51961
58246 77508
54294 76605
95981 98822
73499 83233
92903 99585
26747 46393
6988 76320
22159 92923
83182 93014
11463 91723
5742 11085
10614 60380
75399 75472
11220 24818
84414 90766
16414 35928
37596 71002
35072 55305
85749 95848
75934 90063
48625 60914
88948 89656
82817 82875
48690 58392
47998 73542
5985 63944
55960 61368
53725 59882
88336 92001
38483 43888
76789 86278
37010 54794
92665 97291
59056 68054
27249 74848
308 19596
34574 40764
29752 94266
76575 89652
9101 47065
57873 62526
59062 81691
98325 98512
42400 55995
81691 84230
18971 45569
70796 80914
74636 98194
70867 96747
12717 81675
85663 86731
97820 98736
60464 76149
8796 46458
66995 99141
61099 70354
19480 28223
21701 84343
3715 8030
39943 97596
62769 92616
57602 98330
90612 97801
22207 69524
17201 99093
34147 71194
24058 61718
86623 90008
69597 75555
34743 66898
90896 97368
51783 99404
20268 46949
72799 78788
13201 43172
95450 95867
49444 81376
25403 53616
31783 92317
60198 77175
96133 99578
25876 42497
16420 83029
9888 87231
60140 77165
34423 73039
31850 38100
98376 98783
17210 66370
23265 63212
93344 99428
74103 91281
22220 61084
86360 95019
71060 73560
51375 53360
3398 76002
19163 45335
6853 13047
94206 99556
13417 18124
49639 53061
45425 76726
95800 97645
73524 74249
12182 16547
61751 70876
29796 38734
96445 98686
39599 68376
53395 58522
57809 76181
49437 95040
99416 99747
58661 88866
13736 98359
57465 82485
80984 90553
49969 76566
27577 71487
47758 87688
74745 89914
47435 85419
92197 95593
13252 69338
95078 95948
11458 89065
26570 45052
86595 91374
52386 66830
35250 97913
70356 76057
55984 60292
50353 84798
7674 16540
47525 57988
61690 84947
80900 94456
7107 89832
60143 84163
66867 95443
73027 91260
83772 96512
95559 97943
62193 62362
77787 82199
23622 57131
75950 89377
55180 72442
75047 91189
64791 85413
43451 86787
99493 99582
72208 86191
30149 56880
50554 98873
37663 96016
5752 89893
21458 56295
19178 79918
65099 96839
67547 79663
93878 94590
29205 66382
42000 61786
80084 97001
62499 69483
2183 22602
69102 85492
37966 43195
17331 37236
95283 98277
46365 52323
8734 64165
62343 95849
47668 73347
89020 92463
59168 90288
6074 95730
18645 71192
43758 71054
40875 66783
4536 22329
54421 74619
29288 63805
59818 94421
12816 75280
64820 86644
15148 22766
19338 28353
63456 84491
5098 48912
94684 97584
56701 58347
90981 96206
99968 99989
30551 64021
90093 91684
5015 76671
28829 85304
1508 30206
60145 80376
10444 31758
65598 72227
34066 87387
89417 90123
79854 83800
73889 99342
94827 97802
5897 60780
86755 99339
48389 53553
88004 98546
85289 98404
39091 52128
65781 71494
1787 65246
47594 57046
39138 46232
12639 44556
70583 82420
10032 18113
11064 71877
55152 79680
20106 98879
43287 55353
36837 94884
27820 75832
55409 88562
37157 60941
1333 48178
55496 60226
58880 95222
49376 71910
60848 87011
29258 80774
55325 68087
4976 61392
14842 46396
57992 91416
72833 74831
23355 99444
37249 85947
68544 68776
5622 89520
90944 98770
74809 92383
8927 89527
68317 83071
14250 46112
5835 13653
3436 99734
6042 87771
36087 36092
22495 75197
77881 92367
46015 68247
86070 92706
32760 58868
26946 59971
82303 82777
83145 90314
52318 57364
80180 81035
140 55676
18842 68453
44690 85556
50706 63371
43865 84634
49369 85483
19927 60266
56226 95307
82630 96168
40744 70068
97154 99322
38489 79520
71272 99372
62169 66598
65229 95457
19232 65098
47977 54228
29792 97918
241 84037
51552 54572
69008 77627
74088 84703
3665 64050
53941 96275
11567 48281
67805 90712
373 97100
38442 65249
63861 86824
89523 98969
21815 89961
54664 61135
92599 94084
74448 90314
29540 84149
69630 77126
62563 76395
25621 50992
43844 69474
10510 25798
7504 76470
50361 55225
70487 96762
91789 92464
55466 90271
63928 94542
57027 76403
58896 83778
13621 44240
50270 88021
48749 78959
63837 85954
21650 87714
33283 63773
19475 90562
51605 75492
64911 86767
95136 97871
5649 73739
28193 67456
70714 93688
21693 56647
99936 99995
45120 49872
1639 99897
28101 80414
25334 67029
97721 98047
53122 92389
75573 93289
68240 81497
65000 74562
71650 80573
20708 66833
85787 95585
26733 90027
16703 34267
17912 59511
97428 98522
25875 43643
29666 82946
54854 90606
5793 42147
46926 63807
24660 60894
9277 34545
51843 59454
36524 61624
1160 29375
16148 36529
4314 65795
51668 97919
70038 75621
36158 94225
84155 93167
18896 34592
25193 77876
53117 83666
35624 56991
53944 77966
96361 96452
48180 49335
93302 98651
3302 13728
40864 81598
58005 90553
24837 84329
61374 88779
50168 97337
13713 39429
7672 99616
83536 92665
88746 96130
34854 96441
46496 58516
68989 99427
97660 98060
66476 98025
54682 98050
45537 55069
21401 25670
81927 86775
72320 87434
61144 91265
13061 65552
49050 65156
35017 63178
2164 84620
92002 97010
59224 70338
2686 52758
6312 89546
32115 43948
3082 82563
36468 47980
33810 40248
14701 17373
13428 14309
66809 98920
49362 94331
53378 55695
9979 70313
50537 98845
43214 55723
49384 53639
29200 54608
45732 85521
77387 91004
41910 68131
56145 96177
38196 38393
25391 63448
91062 92354
46294 73398
74902 89164
94033 97865
25278 40741
53977 69634
35002 56288
9043 64980
12436 64204
12552 72711
4773 20623
25919 74238
66565 92265
71864 83000
17870 50416
56750 86685
37063 52022
52216 97558
70849 74807
24182 62965
18570 21944
13456 40494
30274 52711
2083 94941
27325 42394
7948 52994
48350 71318
45221 90187
67872 68434
77103 95158
18926 62771
17868 21604
53580 77433
22096 56813
7323 52862
52042 83690
70344 85332
41789 84974
43621 96835
70963 94174
28501 59799
18707 26049
