100
14709 249
7492 13713
5132 30115
16440 7959
24723 29705
6996 1053
25270 7480
18239 26424
27919 10867
17660 32499
28487 21197
7463 26634
12159 12023
1147 18393
13038 3926
10648 29459
6603 30808
4099 27831
29293 14601
7279 20800
18353 20449
13883 541
28316 4576
8763 9568
22337 18398
31419 19898
25829 13852
26817 24231
4450 16926
659 230
24521 10941
29561 15148
25163 1656
20676 793
22362 31755
16399 23147
8715 26947
21189 19570
8639 27664
15076 24516
11522 476
15616 20529
13235 12571
906 9465
19558 28963
14162 30525
12550 17470
331 31924
28351 14334
22926 10911
19738 16337
18338 1279
12394 7637
30715 28165
31592 19950
19136 2506
13338 10005
16338 2624
28665 9971
25609 30569
19282 7086
9153 18374
28653 8195
9877 23827
28397 7573
6250 14641
29175 18820
944 32612
1942 20290
8420 5566
3806 7586
16217 31451
1616 2610
11065 9167
16894 16075
13510 30301
19696 9574
15590 13162
31173 17969
27359 26032
26269 19427
28511 10423
30775 8780
30911 23553
4183 25392
15496 5765
875 1365
14903 28256
4461 475
6973 26822
26123 25548
21578 9790
25606 30196
27595 7951
16344 755
2482 1013
11673 23440
13429 5913
9763 5968
24409 4416
