65
15458 12288
27754 10384
14946 8910
32210 9759
24222 18589
6423 24947
27507 13031
16414 29169
901 32592
18763 1656
17411 6360
27625 20538
21549 6484
27596 4042
3603 24351
10292 30837
9375 11021
4597 24022
27349 23200
19669 24485
8282 4735
54 2000
26419 27939
6901 3789
18128 468
3729 14894
24649 22484
17808 2422
14311 6618
22814 9515
14310 7617
18936 17452
20601 5250
16520 31557
22799 30304
6225 11009
5845 32610
14990 32703
3196 20486
3094 14344
30524 1588
29315 9504
7449 25201
13459 6619
20581 19797
14799 15282
19590 20799
28010 27158
20473 23623
18539 12293
6039 24180
18191 29658
7959 6192
19816 22889
19157 11512
16203 2635
24273 20056
20329 22647
26363 4887
18876 28434
29870 20143
23845 1417
21882 31999
10323 18652
10022 5700
