90
3558 28477
27893 24390
5076 10713
2601 2511
21004 26870
17862 14689
13402 9790
15256 16424
5003 10586
24183 10286
27089 31427
28618 23758
9833 30933
4170 2155
25722 17190
19977 31330
2369 28693
21426 10556
3435 16550
7442 9513
30146 18061
21719 3754
16140 12424
16280 25997
16688 12530
22550 17438
19867 12950
194 23196
3298 20417
28287 16106
24489 16283
12456 25735
18115 11702
31317 20672
5787 12264
4314 24356
31186 20054
913 10809
1833 20946
4314 27757
28322 19559
23647 27983
482 4145
23197 20223
7130 2162
5536 20451
11174 10467
12045 21660
26293 26440
17254 20025
26155 29511
4746 20650
13187 8314
4475 28023
2169 14019
18788 9906
17959 7392
10203 3626
26478 4415
9315 25825
29335 25875
24373 20160
11834 28071
7488 28298
7519 8178
17774 32271
1764 2669
17193 13986
3103 8481
29214 7628
4803 4100
30528 2626
1544 1925
11024 29973
13062 14182
31004 27433
17506 27594
22726 13032
8493 143
17223 31287
13065 7901
19188 8361
22414 30975
14271 29171
236 30834
19712 25761
18897 4668
7286 12551
141 13695
2696 21625
