100
28020 2126
26577 21695
22659 26303
17372 22467
4679 22594
23852 25485
1019 28465
21120 23153
2801 18088
31061 1927
9011 4758
32171 20316
9577 30228
12044 22759
7165 5110
7883 17087
29566 3488
29578 14475
2626 25628
5630 31929
25424 28521
6903 14963
124 24597
3738 13262
10196 32526
1265 8261
6203 8117
5031 20327
29012 30772
6412 25548
21154 21521
29791 14925
30189 21764
4941 20852
18663 13830
30901 17714
18959 17579
8366 13008
11478 1201
26059 6440
2304 12761
19358 2325
6478 5109
21114 14888
19802 22851
14461 22429
12994 27385
19406 6541
31112 28705
12836 32357
6073 29351
18824 14486
20557 23217
1627 9358
8527 13358
29338 23272
23870 29362
12897 13023
29618 10113
12718 18697
11586 24042
24424 24130
24230 4566
6560 8933
22297 29856
12054 16963
3585 29735
6655 16973
21458 14370
22533 2964
2608 2484
912 11636
10068 22849
4676 12939
2224 22143
23755 6512
22742 20176
21460 17826
3222 17871
1627 31935
15206 31784
23851 17399
22280 22702
12194 12735
1638 26535
5557 1994
10177 25706
6963 10549
15882 301
14414 16642
19856 24856
13143 11463
27612 30878
20425 32679
1753 18444
28297 12674
10041 9314
876 20073
12819 611
1018 14933
