100
28113 30696
13170 23832
20041 26489
28686 19091
19498 2590
25991 15146
19354 19315
18652 26741
22045 11259
336 8760
11193 7606
25265 12182
28504 3830
23776 20609
29293 5998
17550 29557
25562 31628
6468 29542
26130 31241
27814 29175
20602 6078
20216 8684
8214 23993
25825 5602
23393 15760
2671 26429
28028 4085
10076 18787
15499 24971
6288 23848
32605 504
21222 22664
5707 2364
9011 22172
27490 18241
12165 25543
7620 20914
7592 6705
31819 9233
751 25206
4976 1540
304 11423
21099 11248
13585 13649
2972 17865
22914 11076
21546 28713
17547 18679
1770 15263
8520 13986
28290 15945
2866 18541
23246 25509
28319 27871
9602 28324
21133 24473
27153 25088
28571 29764
29902 17104
14424 3528
11601 26970
14016 5566
29 21544
25348 2089
2944 12638
22410 26464
5050 4682
1589 11343
609 32061
21222 1759
29955 20889
14147 691
7950 12844
21431 25621
749 27068
4537 20784
18036 32227
15186 7039
9854 25630
11225 15749
19924 3360
32258 24767
4945 14956
23319 32727
25412 21026
20356 31002
22550 9497
18585 9516
17965 23343
8076 17914
16143 31197
21949 25073
20427 14607
26174 24430
32405 6706
20627 29813
19376 30094
16566 16037
14737 29142
30815 5995
