100
8257 6653
23937 30839
20483 1356
21016 1132
18231 17842
14626 2012
32638 4187
19691 1651
5663 21635
10894 10354
21417 13453
14009 7263
22234 5455
16304 16635
26304 14257
149 11125
12318 4214
27110 24029
29201 21081
21319 16859
24051 24156
31362 15265
11904 3677
29644 26910
14903 3562
28490 24949
1283 13654
30675 2221
5403 6924
3832 19370
3879 20260
19009 22620
23972 30004
21946 9782
26505 12393
32686 25314
6699 5590
12723 5939
19038 6411
31462 6235
12509 9962
3960 6494
1516 25270
24938 28870
59 14701
13972 26265
15118 16216
24556 7816
18331 3040
30213 29289
28083 1955
16086 20711
24485 24775
8381 29816
25952 6542
18116 1680
17111 25899
23074 789
23978 18133
29957 28690
26114 10009
12942 15791
1724 21364
29 25185
24779 7201
5072 1886
21975 1072
11334 22868
26154 14296
32169 20826
9677 15630
28651 2599
3310 4694
4687 30081
10117 12250
26668 1529
26680 7865
29422 8406
8827 6817
7517 27727
28667 29088
27682 19965
1341 5687
6022 11663
14722 6065
29310 20416
17903 29874
17125 23942
32746 31763
28424 27532
4807 12269
9319 5603
31908 24308
23482 1013
21137 26631
24115 26810
4085 23557
12291 21294
29997 29153
1055 25346
