543
118 363 89 104 578 468 658 499 556 170 78 262 759 614 371 582 477 414 212 451 873 420 592 935 613 653 25 475 973 731 550 346 730 299 290 844 928 648 946 245 728 334 947 947 902 920 202 251 500 322 674 533 142 279 329 747 804 589 667 190 75 532 22 498 972 3 356 829 939 427 757 523 466 82 114 85 348 905 578 117 50 310 969 107 305 883 581 788 201 853 855 38 528 590 848 741 429 195 321 649 477 423 401 589 682 694 171 594 519 51 214 834 598 291 323 726 722 271 386 40 677 382 678 129 714 40 164 157 300 444 832 514 558 867 112 852 441 371 399 84 529 685 131 836 72 487 343 21 65 867 98 569 486 566 534 497 171 402 186 369 169 701 457 319 44 143 737 567 117 624 156 474 105 288 42 778 712 580 485 544 623 16 292 54 198 111 513 485 818 117 51 225 236 302 844 736 185 20 204 374 312 117 492 68 591 418 972 396 911 794 126 463 603 140 321 632 836 409 86 358 192 168 974 117 86 431 794 893 844 577 130 298 402 666 999 323 180 789 632 275 443 271 721 795 829 513 991 213 969 394 38 762 907 459 859 358 150 657 954 999 37 582 441 746 217 936 187 541 751 32 47 918 702 541 646 938 973 863 424 399 619 692 71 427 37 46 923 875 780 931 356 645 397 651 755 974 671 206 954 180 728 324 391 445 928 979 589 214 92 228 427 637 124 774 275 232 734 65 532 212 409 589 953 575 634 785 536 390 291 140 811 544 991 759 762 592 47 345 695 255 625 34 353 527 971 264 817 210 996 805 440 65 387 583 240 614 918 599 326 482 757 554 886 87 501 819 799 712 533 783 651 843 396 856 8 750 33 635 18 703 513 401 246 443 380 713 401 504 729 93 127 427 134 345 924 115 832 831 62 539 313 286 601 916 77 118 282 905 260 973 348 977 52 374 703 809 508 932 236 71 929 883 250 712 332 560 52 315 482 508 496 195 396 765 465 489 493 628 446 440 294 288 129 679 765 394 946 707 201 343 625 290 536 970 927 513 881 863 550 759 27 944 892 184 404 212 156 963 82 811 388 955 854 668 761 538 188 983 422 297 277 363 137 290 181 969 471 87 229 302 546 136 193 853 194 88 115 771 593 888 135 242 149 131 45 583 866 200 474 44 38 892 471 326 419 741 576 880 112 840 902 542 552 748 558 562 194 413 920 203 920 666 625 345 384 567 121 659 846 395 158 97 775 
54
20 377
168 171
188 471
203 519
18 52
19 105
9 160
55 94
141 321
93 150
12 169
6 17
100 209
275 494
128 128
3 8
21 32
1 71
41 164
17 166
264 300
28 56
273 327
79 329
309 440
223 435
46 254
28 120
511 542
419 465
142 495
275 483
162 448
30 48
13 146
47 518
496 514
158 428
99 467
56 136
153 162
82 481
10 172
45 219
33 76
179 391
247 309
86 239
21 48
153 294
227 316
414 424
2 105
3 75

