1234
690 336 706 618 251 699 236 83 668 793 25 442 329 914 460 275 393 604 929 83 881 694 172 710 536 990 903 979 801 132 664 531 180 772 936 53 101 935 813 917 235 778 609 56 626 214 489 34 753 95 503 648 533 726 105 350 37 543 679 578 76 283 489 439 418 854 391 627 171 466 206 601 510 922 98 624 791 176 430 739 310 49 342 159 302 275 494 136 822 118 64 219 243 832 298 637 397 543 781 283 813 67 792 360 742 48 531 955 273 905 756 942 710 616 117 216 962 543 676 20 868 195 593 135 247 75 988 406 883 181 205 582 532 898 865 801 865 829 100 936 671 351 90 116 915 334 116 340 443 114 833 34 766 942 115 405 343 461 374 104 102 498 372 930 679 431 267 917 666 87 381 71 433 924 368 44 572 586 708 129 824 418 303 826 492 72 628 261 403 517 352 245 590 70 612 889 759 595 526 778 774 496 31 16 623 575 750 198 946 677 948 569 498 809 270 429 639 984 750 248 988 155 970 493 801 391 636 170 354 396 784 378 510 647 625 44 226 409 172 130 147 989 740 795 775 486 68 794 181 158 480 365 201 440 661 54 809 271 308 29 738 460 803 556 507 445 587 578 305 680 259 313 441 828 836 792 585 265 651 417 712 459 434 924 834 283 704 594 301 973 572 179 726 563 958 305 316 712 726 354 76 494 482 530 707 577 908 158 472 346 818 251 207 669 613 157 759 748 763 624 581 305 757 643 358 95 777 463 338 890 464 28 371 570 697 253 442 541 477 415 362 314 57 558 27 654 632 608 768 979 654 504 106 228 110 133 219 66 868 256 123 34 147 641 639 13 913 34 525 103 446 163 801 136 401 756 611 894 491 278 502 272 506 747 946 621 959 441 44 867 528 59 305 353 663 80 478 845 449 346 451 798 335 384 484 628 337 877 87 787 574 246 984 76 902 248 255 676 248 744 721 275 364 560 435 133 354 617 803 636 545 972 871 549 817 216 187 223 665 103 663 815 346 208 86 918 970 751 641 737 842 600 450 912 672 136 913 816 878 908 747 642 289 384 278 121 643 642 606 39 569 700 931 609 958 13 601 478 294 384 790 533 452 187 119 556 292 10 292 457 810 458 991 197 457 134 786 668 717 262 286 742 154 619 636 417 874 356 399 53 3 428 240 406 638 297 465 598 521 22 971 265 574 690 368 559 370 927 657 725 327 596 386 915 370 356 601 872 246 85 274 554 911 241 446 86 648 872 607 46 966 396 966 294 978 108 325 598 499 850 542 212 378 245 986 295 20 95 570 452 539 664 98 277 685 105 480 381 811 474 746 525 923 509 213 986 215 600 463 501 236 303 166 129 156 960 478 161 53 869 367 559 904 173 661 902 370 380 31 785 838 510 536 346 1 816 497 628 324 975 228 673 286 143 411 165 31 341 175 249 806 93 969 673 573 309 837 725 864 576 169 876 825 308 947 597 958 157 217 428 265 352 222 68 735 304 539 319 291 908 772 375 464 567 735 424 162 919 417 427 981 591 816 149 716 277 98 822 708 292 157 443 79 3 356 556 361 108 433 279 606 494 45 739 362 940 641 62 440 467 273 535 620 168 812 412 376 744 725 414 242 294 717 112 188 352 999 396 484 490 818 45 730 850 922 926 453 10 512 218 485 802 197 730 594 435 843 162 516 349 181 380 705 154 218 259 170 136 597 153 342 771 112 306 334 112 948 135 535 427 90 372 67 851 62 538 801 673 215 742 464 188 968 112 855 712 522 788 217 778 984 317 793 421 41 61 170 265 586 950 330 991 969 924 570 462 891 409 55 473 615 344 932 670 441 850 838 192 951 292 599 550 607 527 308 226 256 230 679 907 844 803 173 116 357 123 224 867 92 638 255 651 115 80 785 354 101 291 878 971 137 442 46 340 67 503 511 889 482 350 843 792 651 47 480 836 612 64 647 610 922 137 446 31 172 679 198 416 533 137 653 736 398 62 829 189 810 349 875 499 369 803 104 288 85 881 588 566 712 763 838 692 20 203 61 661 320 715 35 416 242 318 157 631 600 824 140 216 902 786 486 990 643 895 214 145 540 353 216 106 480 853 414 192 410 746 613 902 785 150 776 763 347 610 533 344 62 553 555 461 326 453 586 916 723 777 75 965 95 200 396 336 428 581 141 38 500 832 301 265 103 96 214 551 584 99 541 252 952 920 731 580 146 70 799 749 334 218 977 731 911 4 616 593 612 811 101 847 778 373 638 878 728 279 364 422 538 99 557 809 519 749 243 78 811 741 827 39 126 136 55 347 530 431 445 988 545 791 829 82 421 663 822 22 734 509 18 936 248 233 342 625 930 480 515 610 920 955 296 492 825 69 365 261 882 833 297 857 282 921 173 55 684 384 367 56 40 281 425 35 530 278 807 692 737 938 124 448 689 815 909 426 82 401 276 378 278 408 278 81 567 914 134 230 975 831 472 492 486 171 911 281 888 856 176 848 108 26 724 248 182 809 58 780 390 666 75 913 647 742 340 459 760 169 95 223 783 148 650 458 993 676 958 81 443 977 361 319 292 568 893 283 848 41 680 871 631 786 434 234 763 266 281 174 302 934 520 963 514 168 331 467 400 603 125 995 929 800 123 944 224 772 823 440 286 1000 165 405 299 528 105 93 324 332 823 725 320 74 561 529 962 801 797 413 627 448 893 968 700 101 837 716 688 927 784 991 944 557 987 933 277 44 992 627 874 372 533 61 22 603 451 921 231 577 479 42 746 787 356 23 260 737 263 241 84 472 506 592 654 432 234 927 826 638 
543
171 412
1069 1145
423 545
6 17
933 969
18 323
342 830
151 771
786 1074
166 319
27 450
794 1059
6 290
183 289
295 412
247 884
95 1054
334 515
375 618
82 659
684 1105
852 1048
59 252
555 793
163 204
139 1015
423 636
189 961
148 570
137 320
612 647
262 978
372 575
435 793
820 1151
142 404
349 505
112 243
630 645
304 349
322 1095
430 813
35 481
128 146
422 734
862 1165
753 854
71 76
291 467
288 993
86 314
73 344
117 460
152 168
129 250
81 1129
130 707
229 247
510 514
698 1104
65 201
11 64
282 523
264 290
727 1122
60 599
596 713
503 657
505 827
5 593
541 832
681 1096
259 352
257 1020
791 840
96 407
223 878
23 218
205 458
404 915
15 305
172 306
53 185
177 499
136 370
367 1157
59 401
145 217
560 565
187 1131
338 762
586 1001
213 271
70 144
59 64
148 230
34 102
37 1137
21 330
55 203
604 685
70 267
1 1
113 132
12 959
57 88
603 813
723 805
960 1231
249 806
111 298
551 623
174 390
125 412
208 795
362 749
48 1069
110 371
202 849
861 1125
1008 1186
31 193
9 486
410 562
586 1022
22 26
229 734
38 68
112 365
8 55
813 951
435 1005
503 546
129 434
325 1136
252 518
87 1082
327 569
7 14
89 280
680 946
972 1185
829 987
357 884
702 795
31 203
155 1053
5 444
216 496
47 67
408 730
348 968
222 705
352 516
120 183
33 771
332 437
499 1189
92 228
14 14
50 724
360 1213
47 48
615 1077
108 347
54 343
13 25
4 380
328 1131
5 8
363 576
82 332
348 877
881 1113
156 915
277 626
15 92
616 883
284 799
86 1162
174 995
422 1151
102 204
1146 1178
216 1028
476 1163
295 529
325 397
32 384
369 854
8 188
205 786
3 31
319 427
692 1183
355 610
701 756
102 1050
143 270
2 403
580 960
450 647
39 474
42 207
258 1173
209 844
444 867
190 511
111 754
333 454
1028 1220
54 341
310 399
194 346
373 419
555 574
618 804
233 254
578 726
229 863
1056 1126
368 1091
479 615
624 684
163 373
185 257
602 714
190 389
337 537
84 140
176 333
58 889
694 1123
580 1173
15 18
172 481
995 1157
993 1051
18 65
34 43
498 999
318 634
3 4
680 879
443 556
492 564
1 3
416 930
1081 1117
220 236
661 936
77 189
19 61
492 630
713 753
65 442
37 307
54 74
109 1024
85 686
138 290
1077 1109
344 678
465 845
8 261
426 1144
143 278
206 676
441 1189
103 806
86 350
343 1220
274 867
1103 1121
582 1175
360 423
93 902
427 927
374 960
51 421
497 821
338 1004
149 559
76 616
112 481
936 1145
771 997
126 1152
54 73
45 71
92 490
227 771
776 826
223 702
105 119
482 667
758 783
338 1150
815 900
231 1050
446 1192
159 672
111 382
14 742
128 145
11 171
503 775
901 1155
10 53
517 541
119 126
83 97
250 366
65 120
13 261
83 267
578 1142
1031 1188
235 341
335 500
6 260
98 332
123 372
1040 1228
134 272
8 111
470 586
208 406
502 561
219 845
299 479
9 60
114 123
489 1031
92 290
45 53
606 1187
568 628
757 1191
79 1160
309 369
143 387
172 185
127 205
174 200
4 693
226 444
124 882
876 1205
14 881
131 602
159 862
1109 1134
730 1041
6 9
24 80
20 524
157 223
402 627
472 682
19 403
80 164
95 1138
344 504
961 962
108 329
37 160
529 867
27 198
10 448
668 789
44 326
146 944
901 1175
206 345
190 533
315 327
290 296
474 988
406 819
36 48
182 284
15 990
35 156
620 1056
49 706
24 772
8 18
11 1184
48 57
678 869
229 372
247 895
339 897
2 719
5 25
188 694
166 388
269 1129
594 1000
5 884
134 314
29 946
149 567
154 308
360 630
221 426
248 1218
69 853
12 345
84 548
532 676
138 742
74 677
4 6
439 536
555 834
667 1095
640 739
43 50
81 762
443 863
236 351
15 704
35 369
30 607
575 666
363 569
856 958
175 254
31 334
286 546
262 335
244 642
756 908
139 219
298 805
211 540
801 908
185 952
99 230
156 247
471 560
83 714
36 51
88 815
341 912
59 1204
388 1113
192 776
29 183
75 99
411 412
25 940
85 99
891 1087
208 535
433 1210
386 665
777 1222
583 646
183 215
45 433
498 511
500 1004
144 281
11 311
82 152
248 499
339 533
857 975
1126 1210
379 758
972 1063
410 509
200 804
544 705
575 637
774 1069
1 894
27 46
830 1022
226 323
221 260
251 770
9 155
48 559
115 229
487 735
368 834
174 455
86 106
151 189
231 251
527 925
489 921
6 479
12 17
52 435
303 528
437 648
434 506
746 771
61 166
349 839
103 637
267 593
427 580
78 982
596 1053
218 895
792 1012
251 517
675 1170
323 341
199 725
705 991
84 188
42 229
33 735
467 1187
757 1044
117 351
230 309
146 1122
10 16
180 696
560 1176
141 323
182 334
36 386
79 210
281 643
34 135
148 434
13 85
654 971
621 1100
42 64
240 668
384 411
324 547
131 716

