10 10
-8467 6500 -5724 9358 4464 -8145 -6827 -491 -1942 -5436
-4604 153 2382 -8716 9895 -1726 -1538 -9912 -6299 -9894
-3811 333 -4664 -7711 -6868 -7644 2757 -2859 -9741 -778
3035 1842 106 8942 2648 3805 6729 5350 1101 -3548
-2623 9954 1840 7376 -6308 2439 1323 -1538 2082 -6541
-1115 -9658 9930 -2306 -2386 -8745 9072 5829 -5573 -6512
3290 -8636 -4767 -5574 -2052 1150 -1724 3430 -191 -1337
-2287 -383 -8909 -9758 -8588 4946 3030 -9168 2591 1655
6359 537 6483 -4041 4350 -836 1020 4021 3199 4484
-4734 -1999 7938 3788 -467 4893 2483 -2421 6617 -9514
