100 100
492 3126 -2101 7080 3449 591 -9311 9640 9296 8008 -9748 2675 -2892 6027 -9505 566 -5006 -3267 2921 -78 8856 -754 -321 -1310 754 -4907 483 -8269 8680 -4632 3180 -773 -666 804 -2605 -452 -939 -3250 429 -2543 2035 1189 -2326 2842 -3149 8406 9220 3234 7498 3585 -4329 1299 -8412 280 -7516 1266 2123 -1598 -7749 -4581 4196 4525 -1811 -1813 52 3250 -8790 7587 4513 7835 -3141 4512 2210 6368 136 -3540 8707 -9495 5423 2248 -4018 6926 -5898 -4459 8084 1861 847 -2257 -6945 2288 4856 4415 4707 -5306 5442 449 -5147 2765 -6479 -1700
3564 395 -628 -3580 414 7177 9259 2079 5820 4974 -3698 -6968 -2023 -2712 -3339 6501 -8225 9735 4459 7738 4002 4336 -4379 6044 -198 5308 4009 -9766 6061 -9735 -4040 -7927 2171 -4433 5227 1394 -9157 864 -462 7693 7130 4140 2174 -8675 -7047 7825 -1516 -5218 -5569 64 3342 317 -5696 4879 -9742 -1355 5966 -7557 -4905 -934 2060 6463 1761 9485 -9725 -3229 2891 -5986 6265 8293 5362 -461 -1660 -2671 -3666 6727 -9316 4456 -6142 4784 3238 7088 -4410 -8986 3578 1275 7985 8620 -1994 7620 -3601 2576 -8791 -3333 -3546 1508 -309 7520 3187 4541
-8714 9481 -1957 -4079 4818 -4329 1838 -2406 -4366 -3949 6543 5761 -7968 -4197 5422 -818 -48 662 8069 2495 6347 5753 -1953 324 9983 2649 -6916 9982 6080 -3352 -9300 5089 4326 5291 9097 1396 -2861 -330 3970 -5072 -2419 6801 -8433 2324 -109 3937 -4987 -4804 3891 399 7033 -1253 6239 -3060 -2666 34 8514 4796 5774 -7274 5584 -1463 -6332 2048 5615 -5739 -7549 -8874 1195 7200 6495 6003 -9013 1587 1139 5033 6399 -6931 3631 3552 -7506 391 -1069 -6781 2504 -7030 3130 8411 -3650 2077 408 -2137 6516 7901 4701 3450 404 -8922 8930 -6595
3310 7853 -6692 -7329 -1603 -499 -5910 8065 2725 188 5500 518 -2445 2460 -7218 -7351 9589 -8766 -6051 238 -8270 4876 -1955 -4170 -4652 -632 -9510 3709 5669 4854 -1238 8255 -7381 -4352 -993 4793 8493 -3185 -2072 -9211 287 7098 -8354 1079 3876 -9280 -4438 387 1095 5756 6053 7755 8871 2729 702 -2125 -7688 -8474 -1175 -859 2002 -7169 -3323 -9468 9665 9609 6678 -3291 7140 9069 -2571 -8183 -7742 4671 3567 8689 5048 -5442 -2539 1394 -8700 9104 -5838 2978 -8331 -8789 553 -5602 -4169 9394 4801 2083 -6380 -347 -5952 -1164 -2801 -2921 180 -8568
-5846 -2264 -2270 -5 -6289 1834 -8901 5959 6663 -3619 -2177 -2259 3238 3531 2800 8148 -5916 5359 -9028 6121 -6254 2208 3571 -2645 2162 8018 -741 8958 8581 -7198 8778 -5519 2069 -7729 -4114 8854 1816 59 8499 9110 -1972 2865 5926 4022 -4692 5676 -9642 -816 -1737 -55 32 -515 -8023 -4884 9821 9729 -788 200 -5691 6546 -4109 -4506 -6136 -9888 4113 6809 197 8057 -8291 -2739 -121 751 -6140 8622 -9980 8571 1127 259 8220 -7686 -2291 7950 1083 3071 1636 3471 -3967 1368 8387 4988 2417 -4009 1177 525 -2302 -6571 -6664 -7230 -9001 -1790
1603 2417 5143 7107 -720 -2713 1378 -4179 9757 -8384 -4007 -6310 -3224 9426 -6087 -621 -2870 8704 -3882 -9209 1933 -5166 8919 7809 -5194 -9013 -941 1312 -796 338 9853 7845 -5718 -2485 -4094 -8017 8113 5043 -6312 -8269 1416 7540 -4393 3393 3802 4021 -2564 9149 2188 9399 9980 4052 -6484 -8831 4045 796 -2415 -8420 -2100 -9008 -3964 -1092 -8466 -398 990 4415 -1117 -2474 7102 -2970 1822 -3577 7783 1598 -9316 9254 1368 4886 9952 -6560 -8134 757 -1831 3082 4551 -3229 -8564 -6666 2712 -8041 -2211 5402 1704 8068 -4166 10 -9691 -7136 8436 -316
-88 6400 -9637 4759 2458 -2510 -6168 -597 7955 1558 -237 3301 2868 1592 -8155 -1561 6727 -4762 -4091 5497 -646 -788 5786 -2622 1473 -1763 5435 -3624 2171 7655 -2963 -537 -8621 -4388 1260 2856 -2658 -4148 -7651 4974 -3673 -7187 -7322 7276 -4935 -9874 8518 -1139 -7219 -7910 8626 6523 3319 -5958 -9258 1949 -1573 3520 -4368 6265 2400 -6596 -2459 -208 -2335 7910 8419 -2523 9214 6769 5623 -9090 -7788 -8543 4263 -4470 2030 -4418 8874 -8152 -9386 3535 -3785 -7055 -2525 9230 -2674 -5510 2230 8299 -3910 -7643 3497 3735 1067 8322 5549 -487 -5387 6496
-3806 -8708 8323 3264 411 -4313 -2197 -4481 2697 -3193 8790 1478 -7439 -4423 7569 -6325 3672 7132 9698 9049 8980 -4676 8924 -2784 2198 5233 1011 -7485 663 -326 -1122 2199 2802 -7453 7607 -4200 3575 8498 -8642 -6063 -1865 -7782 -1450 1919 1967 8669 -8824 1646 -246 8112 7610 -4694 -6509 3147 2353 -1399 4392 2560 -1972 -3923 3694 6483 -2666 -5137 7883 4108 -1716 9451 7391 7017 7504 1583 -8076 -7849 -1959 -1122 5484 -6289 1089 -2248 7657 -1466 -2843 -3726 8659 -2289 6296 -8512 -4046 4646 1708 7475 2577 -4398 6211 -2733 9880 -8930 -6968 -5719
-8354 -9405 9071 7026 -6260 -514 -732 9887 -3045 -8147 -441 -8213 4928 -7339 5444 -5503 -7349 9829 -6462 -1068 -1512 -8499 6061 7133 560 -3128 1563 -491 6009 254 4373 -3326 9347 6049 -7245 4759 4960 -8209 -2873 2630 1626 -1492 7649 3237 -1931 7794 6309 -1307 3651 -4344 -2181 6858 -6294 -4741 1094 -2738 8347 880 -4916 3067 7102 -5568 -5786 8975 -9631 9250 6780 3533 9105 -9751 -1566 -152 7355 9955 4330 -2934 3227 -5743 -8254 498 2254 6328 4700 2826 1513 3150 5416 513 9187 3942 3309 8734 -7608 -8744 -3912 -219 2088 -2162 4347 5719
5 5875 9148 -1332 -1673 784 -8483 -8234 -5918 -3251 2176 1586 4228 -1591 -579 9532 1135 -7117 6786 3066 1015 7754 2934 -9379 1126 -1735 6142 -992 444 -1552 -7466 -4530 9822 2629 -8801 -2506 -7939 -7612 1725 1984 1798 461 -890 -9469 7031 -3396 -8298 -8385 -8282 -3651 -9347 -6621 -9847 4141 -3599 6042 -9336 3948 5180 7152 -3118 -572 42 7872 7099 7982 95 9787 -3129 -4918 2054 648 -738 2205 2524 9890 6199 7551 7186 -9943 9690 6142 -862 1019 -851 -5774 1497 611 5838 4567 2882 2634 3835 1526 2362 8960 -2301 -748 -1750 6742
7836 -6334 -8320 -4307 7299 8627 -2662 4977 9186 1785 2954 1153 8477 4368 -5472 -5251 -43 4477 -899 -1359 7849 -232 -256 -2223 5477 7567 -5562 162 8435 -8897 -564 -7787 9034 1876 -4058 2191 -8584 -1791 4969 -6011 4298 4673 466 -9804 -1381 8952 -939 1925 -8128 5690 3533 -173 664 -8432 -855 8157 -7306 -2694 -9930 -230 428 1244 -5259 8186 -4549 9640 -5349 8846 -3617 -1842 -3956 -2351 8990 -9479 -2666 73 -1521 -9670 -8638 -4497 -8353 5702 6440 -861 4267 -7502 1222 5222 -2205 8363 6602 1533 -2363 2990 -2634 -7891 6893 -9643 -5727 -3504
7806 3611 -8823 -2509 -4334 -9243 -8883 2521 -97 -9915 -6329 5576 5887 -5488 5810 9775 9490 4930 -4909 2890 3899 5806 -5867 -54 -6397 5718 -4178 9399 3888 5516 1274 9011 -175 -7242 4082 1381 -2251 -7229 7596 1323 -8534 6694 -8156 -1385 -9512 8568 -8685 724 -782 4588 157 8711 -806 -3712 -1628 -5393 1076 -4627 3921 -2661 -2512 1739 -2757 9065 -597 4800 8934 4711 3811 9246 -901 -4272 -5263 -631 -1880 -4532 -4398 -5918 1257 -5595 8973 -3965 4357 9391 -3884 -8848 1405 1839 -4095 -1304 -585 2941 -588 -4713 -4560 -6513 863 -9196 7890 -4628
-6472 3021 -4510 1078 -6172 -7038 8876 1241 9328 1059 564 2660 1282 1396 7445 -5248 -1552 -4366 -9103 3454 -1230 -946 -3737 -4656 -628 -8916 -9148 -2283 845 9726 -7382 2411 -5770 -2667 7752 9535 -765 1004 9672 1353 3934 4966 8336 3807 5770 4369 -4045 -221 -303 9803 -2241 1760 7409 5139 -2097 -8604 -3224 -7982 904 4760 -2336 -2070 -7458 7421 1927 -374 6338 1050 -3858 5072 5644 3858 -2537 -6695 8844 -77 -9655 -9524 2397 -4627 -251 8309 7491 -1892 -1177 6314 9698 -6435 9817 6391 -7828 -2102 5206 2757 -1783 -8168 3249 -256 2364 8951
492 2634 -4553 -8599 7536 6150 -8280 -3356 3767 6046 8822 -7940 3426 -2190 2373 -4299 2997 -8823 -5259 -1716 -6534 541 1536 -2695 1249 7465 -404 6782 1655 40 -4310 4647 -8250 -698 -542 -1797 7715 692 -6452 -1919 -5324 3342 7095 -4943 7175 9061 -8024 -4115 -5877 -5098 1116 -560 -7583 7682 -29 7467 -337 8260 -4217 -1774 -3753 5534 -1505 -1465 3869 -2657 1371 -8830 -5474 -7456 9553 419 2390 3364 3536 -2340 759 1227 4730 -94 -7513 -6724 453 2070 -3556 8677 -7690 -6496 1492 5286 -3270 8040 -8696 4467 6892 -813 -467 2749 1185 -384
2366 -3802 -4622 4362 2179 -9985 6386 -3219 -9828 -1838 6397 -1836 -6450 1668 -5606 -2358 4198 774 6983 -1784 124 605 -6764 1325 323 -950 -5335 -6019 -4782 -2672 4974 -4605 -8022 9634 -7851 -1170 5525 7923 -7500 -8749 -876 -432 -545 8091 -7615 5978 -9760 2224 -7332 -374 -2292 7874 -2488 -9899 -6442 3755 -554 2711 -2546 8492 9933 -1130 -6884 -2181 3994 -6777 9049 6350 6875 -1052 5118 2017 1250 -161 1076 -1229 -9552 391 -2482 -6084 2702 9187 -1618 1230 -1224 -9695 1504 6613 -461 2790 7854 8790 -2656 7049 -4674 -5718 -5450 -670 -4406 4555
9830 -6859 -8328 9727 5747 559 -8280 -7233 -9957 -953 2493 -4739 -8133 847 6575 -7469 5356 -2905 1998 6488 268 7220 9738 -1091 -536 7439 -2489 -4210 1175 -369 964 -4059 -6068 6449 5370 9431 4481 4780 3292 -1239 -1839 -5634 9359 2604 -599 5370 5166 285 -293 1594 -8821 -7429 -2744 9039 4758 5955 8612 5691 5320 264 -799 -1314 -7683 -9516 1959 4540 8101 -5066 -3947 -9591 -6400 3695 -8429 6018 -6266 -4943 -6230 -6386 9004 9760 -2290 1440 2019 8797 5344 -1513 -4162 -7556 1700 -8814 78 4569 -8644 -2562 -1601 -6433 -6414 5006 -1992 -9719
7025 912 1509 -5274 2735 -4535 8317 -8941 -3698 5609 6090 -9589 3987 -8973 5259 -9103 -1908 -450 -7279 -6456 2072 -198 -1758 2499 7110 2319 -6144 9463 -5802 -5334 1667 94 -2979 5511 -3370 6423 9686 5539 5928 2628 -1897 -2206 809 5389 -7177 9873 -8586 475 -1589 -3576 9820 -6830 80 6853 4501 3048 -2211 4108 -1119 6880 1801 -6629 9831 -975 1922 -2077 -1423 2278 -592 -1461 -1436 422 2269 -7889 5624 855 -8963 3434 5666 -1426 -994 -2237 -3881 9239 -9693 -4938 -8837 3287 9117 1670 -5486 -3338 8013 -6377 -1106 1835 5885 -1841 7652 -1592
383 3885 -792 355 -8173 9058 4920 -6067 3905 -2570 -9313 6851 -9275 -4160 -2407 -5089 6798 -1461 605 -2209 -9379 -5759 -6285 7112 1653 -5684 -8198 -2993 -2212 -3491 -1497 -1195 7602 -779 -3564 -6841 3817 2962 6695 -7489 1875 -9344 7658 -2494 -272 -689 260 -7710 5364 7047 -5869 9652 -2630 -117 -9709 87 -8018 -9269 -8499 1153 167 -6563 479 -2609 -7178 8192 5704 -7914 -2561 464 -5335 7969 -9129 -6668 -3514 -7715 8673 -4017 386 -1277 1277 -1471 3237 1842 -3188 8266 -2797 -3305 -7090 -3773 4711 -1099 5399 1442 -2965 8201 421 6859 9549 757
-1382 -8812 -3303 -1204 3844 -3839 547 6563 -2783 -1023 7648 -3582 -5739 8125 -470 -4154 687 -5646 1741 -8652 9703 -1146 1460 2304 -1635 -431 4779 3956 -6725 -2828 -8281 -3402 -871 -1639 -7752 -7273 2275 3767 -8803 8396 -57 1131 -2223 -8802 7405 -4017 -1711 -44 3910 6847 9118 -1635 -7536 -8030 -1449 2319 -1755 1146 -4290 2240 169 4068 1470 -7497 -8004 3424 1144 5408 -7062 -8518 -1948 1728 -8799 3989 -1741 264 -243 -5308 4720 9353 -8025 -1775 -5582 9675 -6957 6376 9302 -616 7791 -1427 4553 9039 2914 -9393 5068 3843 -3374 -3335 633 -2922
4462 -1004 7262 -8687 3698 9022 9148 9376 4606 -6237 -873 -3840 -1817 5021 3711 1046 9647 57 492 4748 -7088 6123 3936 6721 6271 6773 -1409 6855 3955 -3084 -1450 -9046 2649 -519 1175 -7783 -8593 340 -3771 6698 9996 -2964 -699 -577 -453 -9258 6929 -7634 9205 -9327 -9641 1417 -1677 -305 -5495 -4036 -2399 -7792 -6447 4565 341 6303 2443 3860 -7881 2745 969 1146 5404 2905 -6859 -6407 -6768 -2497 5573 8556 9949 772 -5042 7714 79 2524 -9455 -8177 -1670 1589 367 3354 -5381 2112 -6981 -1390 6739 -241 7149 1060 -30 -4209 -3075 -7287
2435 -829 2202 -1829 1655 5461 6023 -7618 8241 541 -1476 3171 -333 4367 -1790 -1731 -3563 -5048 -6070 658 4606 -6855 1731 -8128 -9278 1297 -4415 -3494 -886 591 -4774 -1102 -9910 6302 3818 1606 546 -4398 -658 3986 8578 -7620 -1574 -7815 -9952 -1497 -7652 2400 -237 -1064 9278 8316 1388 -4452 266 3661 -2165 -1183 -2241 4859 -5859 -3956 -2496 5568 -6134 670 5498 -9066 -4642 9934 4 -268 -1662 4682 3224 -764 9767 8632 -3363 -6886 3723 -1943 -7511 -2312 654 6487 5769 -4325 5991 -6300 5011 770 -8436 -4447 -3523 5580 -3026 -4428 -8491 8383
-9830 -9077 5439 5456 744 781 1770 -293 -1458 -6878 -9930 -2743 1365 -5300 1903 5015 -948 -8160 3344 8998 -503 -1126 -5190 -2155 -1257 4128 -1518 9650 4426 -6152 -2123 119 -2846 -7985 -7490 -6623 989 -4127 637 1055 -8625 3722 -6441 -9442 5195 -3440 -5512 -7944 -9966 -1056 3407 5714 -754 -2063 -9929 1863 -8882 -5911 -9298 -2674 5023 3571 2108 5681 4043 -900 7534 2760 1182 -3775 6864 4092 5717 -269 -1137 -1768 -5326 9514 -6705 -7931 -717 7606 -1063 4424 9258 -3591 -1692 9125 -8416 -1860 -4989 -7628 -3120 -5260 -541 -8397 2924 -6749 3330 6475
9260 -2398 6643 -8522 6333 6773 3104 -1959 -8253 -3057 8538 3728 -6432 2162 6727 -7624 3838 -9340 -7631 -8485 1650 2120 -4177 9409 3405 -8947 -367 2444 -9841 -7005 -9022 -1224 -8470 -1818 -2551 2620 2153 -1572 -3352 2033 9624 7224 -2148 7704 -119 -9925 -5503 5266 1470 -6560 -2979 -9175 1224 8754 7757 -6528 9718 3208 9217 2845 1530 7826 -2370 -2384 -6749 -245 5242 3807 -9545 -2153 969 4230 3167 -8780 7821 8610 6706 6941 575 2615 -5514 -6114 9350 4043 3395 7442 5778 -1113 -3979 -1308 4498 2080 -1112 -8990 -4750 -641 -111 -1198 7294 -7589
-7422 9621 -1425 3332 4531 -6415 -9463 -6046 -7506 3948 1511 1318 -179 8018 4747 -4018 3570 -1945 -1902 1677 29 -6285 3845 2405 2553 1120 -3923 4141 -3726 -2886 2131 -5852 2151 1463 -9346 1581 -2979 -4128 1826 -8765 7446 -2529 4264 7711 8824 3137 783 -4715 773 -3478 3411 -347 -7019 8637 -2967 3533 -1743 -1224 -4032 3572 -9145 -7131 -9559 -2407 -5412 1550 203 -992 -5855 -7839 -1580 -6365 -5070 2349 1169 675 -5657 -1485 -8227 2598 4876 8569 9504 5635 8789 9708 -8426 -3255 5418 -8231 -5605 7076 -3232 3839 5772 6371 -805 -7373 -3084 3805
-5191 -4316 6247 -368 5306 7759 8179 -1009 -4039 1160 -5928 -2212 4903 -130 -4694 -9669 28 -4456 1468 -8515 -1160 -3612 -7250 -5343 -3076 369 -577 6018 11 -4497 -8997 4804 3868 9480 9730 -374 -9467 -3959 -2092 361 8176 2177 1885 -5556 9031 -7457 5411 -962 1807 6995 -8656 -4337 -1243 -3527 -6728 980 -5540 3857 -7398 -6002 2164 -5948 7031 3462 5613 -2866 -2317 5133 6944 -2533 1630 -9531 1430 -8169 -7715 2710 -7979 6231 8937 -8872 8814 9516 -1235 7666 -6018 -4984 950 2980 4944 -8896 8811 7366 3411 -2828 5425 -98 -6074 4858 -5145 -4247
1817 -5913 -3592 2935 776 -3615 1416 4602 -2691 8515 1703 -7449 2121 -3363 2999 9060 -2221 -1376 4908 1181 920 -925 5473 9227 -117 -9860 3267 -5880 1747 -7760 -5733 -6467 -6247 -8452 9466 1374 -4039 -4915 -4606 -9616 -3888 1686 -3758 -3285 -880 9033 7963 -2697 -205 -2478 2747 1809 -7789 6232 9959 -9859 -6731 -8145 -1566 -6664 -5513 -1957 753 -1393 -1544 -5349 -3285 -3727 -962 6549 8052 8681 -9744 3342 5996 7658 4468 -2333 2687 6369 2241 -1682 -2225 -239 2414 -3025 -5693 -6684 4086 -7941 -6641 851 -6635 -6984 493 545 -9870 -2652 3768 3562
9369 2149 -603 4644 -9285 861 -1235 -2698 2036 3759 -2883 -9786 3145 -3228 -7488 -7160 9115 361 -2484 -5208 -9397 -7583 9500 7064 -5225 -8761 553 -6292 2536 -1097 -483 5296 -1772 8964 257 -1201 -2383 9074 -370 -6916 1888 -1887 -648 -5206 2421 3277 3527 -5178 -292 3679 -6522 87 -729 7327 -9231 -3703 547 -4057 -9526 1849 4471 -2269 9382 -4191 3227 7857 8632 1201 -8060 8125 3450 -2440 -7017 7214 4461 -5108 -5958 -8835 4487 -6055 1961 2035 -7617 9591 5296 5509 -4074 3856 -2714 8790 -3011 9584 4217 5831 34 -4665 3479 8844 6495 1107
-8958 7311 6905 7783 190 -5546 -882 1748 -7722 3296 894 -4094 2059 -869 -1961 -5610 1164 -2386 5886 -1460 -3757 -9730 1296 -8249 6704 6135 1157 -285 3119 -2790 2694 -999 6868 -5078 5249 -2304 -8863 -4613 -1159 -7607 8067 6436 -1358 1055 -9369 2006 3824 6415 1084 6293 138 9602 3788 28 1054 -213 475 8382 6785 9932 -9123 9710 2462 -7341 1662 7956 -7681 7283 -4108 8527 1853 -4940 -6497 -8877 -6407 -9547 -3524 5349 -2168 9431 -7585 7486 1454 -2218 -9303 -9221 9804 -4227 -3227 1386 -8406 7173 2083 -7700 -5718 213 2364 -1625 -1482 4848
613 -9478 1443 -3459 -3362 -397 -183 -257 8842 5490 9568 -160 -649 -7069 2539 6860 -3183 -459 -1450 9891 735 3117 -5586 -888 6208 6776 -2158 -6080 4383 2611 -314 -3511 9451 1580 9257 -956 8168 -1619 7680 8561 -4957 7869 -3912 -492 1110 9763 -5248 -3001 7459 3280 -744 3190 7926 5159 1511 4645 7625 -570 -8934 -5021 3974 6596 4227 -5401 5309 -9792 -1007 -1608 1266 2320 3041 683 -652 8775 544 -1466 -3415 -9439 589 -8192 9475 -835 -4359 2026 -3347 9942 -5748 92 542 6331 1279 3500 3777 -5643 6884 -6261 -6491 5458 -1558 3206
9392 5890 -4026 -6464 3863 -3647 -121 4971 -1165 3585 4882 9137 8495 -5429 2581 6849 -7459 1820 -7017 -8030 5552 -2154 808 -1598 2817 2664 -8334 988 -7686 -6307 3853 5462 5667 -2107 4779 4895 -607 -4309 7986 2045 6038 537 9135 -6157 7400 4677 3780 2794 3272 -456 4887 -106 -2397 -823 -8289 -8546 3733 4188 -9471 8092 2733 914 -9988 6168 6826 1594 -3061 8584 6051 -6201 4795 -1810 1636 552 -2437 -3186 -2685 882 -1012 -5846 -8481 -2970 2541 -7120 6135 3203 2570 1656 -5549 -5893 -3113 -9703 -3552 7007 2907 -9500 3221 1359 247 -8219
-8979 8380 -357 5305 2406 -4733 3027 546 9998 7199 -8179 1140 -1630 -1794 2315 3489 -9278 6540 -1652 7392 -3673 -9845 2923 1564 -3983 -5930 243 -3251 1588 -7563 -6865 1945 1791 6285 -862 7187 -9180 -568 -2761 4940 3067 -3161 -35 4660 4879 5745 -161 7243 9648 4468 7149 -8602 -1593 -8956 8949 8571 3179 2644 2171 4364 7815 -4445 1523 -449 -3272 -8972 -6120 -2958 -9175 6393 7112 -6689 309 -1922 3251 -6006 -2309 2790 -8416 -2800 4223 -1467 -9831 8983 7486 2520 2088 -9237 7746 -1259 3555 -632 -5871 -933 -7518 1875 8589 -1881 9555 -7276
454 2465 7934 2495 -2683 249 5347 -3930 8847 -4513 7494 8192 3594 -1167 8546 8614 4839 683 5155 -2920 9606 6737 7339 -8997 8875 1267 -3457 -6911 6526 -4069 973 -8412 -233 9887 701 7144 -5837 -4062 228 3569 -7501 -6115 -9734 -7833 7505 3586 -1292 -6727 -1828 -1044 9046 -902 -7063 7654 -5620 21 -3564 6072 9868 934 -2251 975 -9336 1023 -2112 -6147 37 107 -9035 -2897 -5413 -8138 -8735 -6410 -1085 -2525 6548 -6819 -2455 3403 -1942 979 -3809 5311 -7571 1736 6877 2343 288 -659 -8128 -7398 -1781 -4423 8915 3379 5004 -2349 1412 1705
2390 9907 -4806 -5 -1094 600 3884 -3915 -2164 -3650 4498 2337 -587 -2553 5877 1889 -2204 -3097 -438 -2059 1321 116 -5995 -8914 -282 9853 8670 -7370 8044 -3214 -6684 5872 2397 1859 8695 7922 -6737 3037 1316 2803 3248 2176 -7342 -9145 6789 1445 2529 8302 -5649 -3928 9248 3346 -1478 9755 7615 1703 6540 -786 -5641 1267 144 -5381 -1324 -5698 -4704 1905 8216 4258 -6976 6151 2948 -3605 -1240 -2411 -681 -1987 3188 -4183 -197 4757 -6210 8341 937 1227 263 -7433 747 1142 5723 -964 6021 9727 -4904 -802 -9956 -2350 8575 -2349 3658 4996
-6739 -1528 -4733 -4354 6733 2453 1669 9247 8806 9215 -3393 1686 8576 1297 5683 5414 3565 -2924 -9536 7920 3845 3910 -9617 -1020 -9541 6117 5285 -8917 -1355 -6344 -8924 -2504 -1803 -4367 -1773 -6697 9469 -7853 5537 -4622 -6285 -301 1318 -2066 -6585 4139 5581 931 -5351 -9622 1740 -7412 -8844 -7829 9853 -7036 2118 -3279 1933 9334 2307 657 -1534 -2767 -2631 3484 -1718 -4202 -42 -3940 6669 -5423 -1880 -5890 -1251 792 2159 -1827 1880 7491 -5973 4535 5969 -5843 -3967 -1779 9306 -8814 -7083 -8927 -5374 3920 -7079 -8440 -5393 -919 4999 -9615 -2439 -8518
2659 -729 298 3650 3767 -2509 -6856 -3608 -6370 -8473 -8370 -116 -4935 3821 -5519 -3051 9919 1198 1398 8243 -804 5013 7464 -9382 2167 -1998 8020 -2946 3836 8809 -1584 7675 681 -1852 -8039 -3848 5434 -8606 5413 5410 6672 -9038 6301 -5753 -2589 -1722 8996 8030 9946 2377 -3171 3593 4962 8177 3673 -3269 -7684 1713 6087 -1215 -452 -9033 7026 -8859 -1082 -1789 660 -8016 2290 -7942 -6123 1943 -8603 2096 -2232 -4959 8440 4397 9698 7851 1986 6289 3585 -9522 -388 -372 -8627 -5055 -2893 7123 -4346 1711 4241 9103 -1948 7334 -1688 -4172 7009 3466
-590 1732 3497 8101 9618 8145 7412 9143 -2839 8855 -3464 -4275 -2054 1991 2446 4301 4298 8237 -7797 2291 674 1379 -6701 -6801 2050 -4220 3150 -282 -2243 -9018 5087 6662 -5742 968 -6735 2398 789 -5761 -1167 1634 -2523 -8486 -6358 -7140 -5318 9388 412 9819 -4756 6492 -271 8913 -291 -6786 -6209 -5236 -3272 8734 -2120 -5737 6105 -7190 -9277 -7684 -6771 9634 -349 4194 -6805 -2670 6443 -6607 -610 -300 -4220 -9904 -563 3071 58 -4346 -1747 -6241 7058 8009 -9089 -958 1237 6619 9217 2311 -2890 -8114 4716 5936 4811 2997 3548 -8722 -8004 -4767
-5968 -218 -8103 1855 1070 -7688 -347 7942 -188 5713 -7576 -2540 -3333 4973 7244 -3516 1867 8969 2074 2467 -2047 -2070 -6949 -2677 -1435 6121 -6073 5448 7864 -6681 2515 3479 -5736 596 1860 1552 -2558 426 -3346 7478 -5745 9136 -6 -2672 -6733 -3791 -9071 -5753 3201 -1203 2622 -9614 5842 444 -1096 -9378 3238 -7760 8296 -1501 -2362 2806 7546 1609 7181 684 7040 -6260 3506 9139 -3745 8353 -9634 -6014 3541 6631 -8 2951 1627 1424 7891 -7194 3171 6811 9992 -6248 -1284 3482 717 1717 3095 5701 -527 -9 -377 8517 2221 2675 9357 -2922
-2571 834 -2920 6790 -640 -938 -756 5455 376 789 -3150 -849 6050 96 4856 9194 8579 218 7079 2172 -849 8008 -1238 47 -3305 -7587 -7441 -5484 -1930 680 906 9330 -3720 4439 -1400 8165 -1161 -1045 -9539 -1034 -1435 2026 5498 5197 4173 9444 7965 -9979 -3761 -5634 -7203 712 -4225 -4729 1573 -4619 4183 1219 -6017 1869 995 9659 168 -9661 73 4194 560 3166 2752 3693 5235 4407 2099 -6069 -6910 -323 5140 5622 3635 -4303 -4085 6000 8455 -3519 -7821 -1897 4869 -5881 -8569 201 2537 -8952 488 8188 -3702 -4474 -5598 -724 5392 7170
578 1556 -1266 4695 -1504 2102 6474 7395 8215 -3702 2152 -8149 7244 -4597 -9555 -4160 4998 -3143 -9972 1145 2720 213 1513 -8861 -7866 6764 9987 -7945 -8951 9340 5577 6400 656 -3689 210 -168 -8560 6765 -2430 -6733 6279 -1301 -7422 1117 9016 -2160 7304 1515 7194 5715 -7652 -9644 -9274 7784 2146 4572 -8663 6729 -1122 -7866 1333 -5130 -3337 -3464 5387 5533 -9955 -1020 -9637 4779 -3867 7810 -3059 722 -6965 7496 7096 273 -421 -6384 -539 478 -6757 -8689 -25 -5824 1715 6518 -337 -278 48 -3950 5863 638 -2818 -1818 6322 -6142 -5843 -7218
-3646 15 -1792 8177 -4203 -5117 -4683 1348 -7260 -8600 8474 -3183 9240 4678 -5285 280 4845 9167 6652 4906 3960 -1520 1631 1219 9277 9257 4547 4071 -8630 3726 -1300 6187 -9724 -4425 -5293 -1770 -8975 1254 -8098 4195 -9972 -1494 -4647 2713 6658 1949 -7622 -8962 -2756 7957 1469 -168 4218 -5416 8813 6620 -7464 7993 7133 -9214 8325 -4572 -8901 8965 6781 -7418 -2611 1677 7488 7822 -3881 8404 8241 4154 -4045 3853 -4232 9539 -8999 -3966 9168 1488 2599 -2513 9417 -3311 3693 7942 -1623 7472 3870 -4319 577 4121 -6534 -1906 -8419 8176 65 9067
6237 6052 -9552 -9960 -9762 8164 -7082 171 -858 -1078 -3801 5372 -336 -8210 89 9604 7012 -2932 1980 -2130 7642 238 -3368 1146 -4169 -4195 -2311 1585 9085 -3341 -1431 -9795 -870 7400 -6248 1229 -5847 -8725 -6096 -6084 -5208 1048 -7258 2412 8900 1882 -7603 -9953 5307 -5623 -5772 -6977 -2257 -6913 -3387 -6768 -1501 -236 -4121 4355 -2380 -400 5797 -5029 7883 3098 -4256 965 5888 4651 9807 -6854 -3410 -5848 3756 -9630 -6652 -952 -5189 -152 -8991 -6345 780 9426 5821 7275 -837 175 4126 8531 -4539 -4022 -9982 7690 -1403 -7858 -7389 -4603 7480 -6000
-3966 3912 2245 9667 2441 9958 8526 6259 697 4717 6512 7018 1902 -3673 -9100 -4502 -7836 -1947 712 -1210 -4443 -7288 9757 -2476 -5493 -2697 -4570 -9448 1419 3146 3440 -620 5008 -5324 -4900 -2554 -124 4243 5952 5146 5594 6087 -8851 4373 -5962 871 6444 -1915 8656 706 7155 8862 -1236 -5564 6816 -5220 -3360 2063 6305 -5657 -85 183 6040 1659 -4790 4085 4571 9932 3435 1485 -1267 -9987 -1215 1592 -8638 6267 2243 979 2141 2227 -2249 6942 -7926 -204 9673 8798 -4674 6911 -7183 -4971 -8464 -7652 2651 6947 5569 -636 8240 1781 7210 9832
-5734 -2550 -8854 863 9353 2448 3153 -4828 -2663 -7262 1902 4077 7269 7665 4401 9765 -5771 6046 7605 8587 8643 8062 -6520 -5754 -9230 -2124 3162 -4383 -9439 -6379 -5154 6670 3998 1917 3945 7005 -7110 2413 -1597 -3030 3832 5526 7823 -793 4918 6266 -4341 1848 7465 2748 4569 -2138 -1339 -8822 2328 -6665 -9085 2484 9107 4420 7778 -3927 -1586 8478 -8818 3219 -924 -5725 6280 -7169 5713 -1307 -7669 6270 8384 6552 1083 2521 4657 -2678 -771 729 -5372 5835 9719 5589 4128 707 5096 -1178 4541 348 4569 5161 -8842 2440 4402 3703 -5024 -3487
-2271 -6011 -4701 -9866 -2478 -8067 -146 1913 2500 -4287 -341 -397 857 -9892 -3440 1567 -4615 8618 1008 4583 -3759 511 2519 3686 -4741 -6130 106 6589 -4111 9769 628 3139 8569 -4619 5841 -6371 5716 5878 4356 1052 6754 6875 2769 -5695 -3739 4829 -8580 -372 -3244 -9014 -1208 5846 -7955 8097 -1409 -1266 -6836 -2033 7715 2572 -2151 -3129 2968 -1146 -3352 2290 -5566 6567 5685 6584 -7574 1761 -6116 -8141 -5238 1179 7354 980 4216 -6908 -3669 -1495 -6585 -1198 6947 9010 -1499 -1841 -5784 -9990 -7620 1189 -4652 -183 -6428 -4819 -107 1934 1155 -2581
9843 -9608 8280 985 -8170 629 -3587 5842 7717 4634 2924 -3910 -5874 -9935 2610 -961 847 3634 -9462 -545 2896 -6898 6621 6857 -3054 8180 6241 622 7010 -2850 6272 5693 -6494 -1831 8571 -6514 -5188 -2196 1112 9522 -2765 -3998 8129 8803 -5155 1821 -1139 9070 8919 1503 -48 -596 333 -9875 6206 -7606 -3483 -7983 6790 -4172 -7550 715 -965 -5263 -324 5443 1390 -5294 4755 2617 -1958 -8445 5744 -5360 2406 9857 1497 5490 413 5846 4044 -3003 -9931 -4361 9405 1355 -407 7854 7381 -9608 6075 -6395 7133 4826 -1667 -9803 5175 -4558 8833 -7885
3605 -8052 -8347 -5218 -1824 -9696 3643 -1730 -2963 1196 2287 7992 2717 3205 -6631 593 2274 5690 -713 -5633 -8107 1152 2944 141 -4785 -864 -2888 -1442 -2966 -1367 6612 2925 -7628 5509 4425 6065 5324 527 -9953 7157 6769 45 2233 -5827 7818 -2493 -1282 -4426 252 2542 -1155 8125 2637 2630 5398 1874 3145 -2588 1063 -1459 -2001 2750 -6824 6512 792 5613 3487 827 -3108 6060 1990 6331 -3747 9524 -2107 6058 8611 7635 -4174 -6310 -8265 6265 3222 596 -4331 7674 -587 -1672 -1238 -1214 6237 -9215 2505 -900 7948 -53 8983 8138 -1374 8495
9497 -5351 6796 -4754 -1114 738 7381 -3466 5209 7320 9210 4149 4859 2058 3712 229 -4630 -764 -8209 6001 1703 -503 2076 -3220 12 -9928 -6544 6877 -3403 3710 1381 -8909 -4122 6608 6099 -4316 -6933 8405 9912 293 -6875 5547 6678 1157 2193 1505 -8579 2288 -9661 -8300 -8184 4940 796 -8902 8626 -8372 4749 2026 1092 5622 -9939 -4873 4883 -8293 -8535 3352 -4169 -6056 -5652 9167 707 1322 -3721 8236 4947 -2472 -4347 9806 158 3957 -864 -4763 206 -4953 -3925 -2939 9554 -414 -2249 1306 921 -9618 -2559 -2249 -9643 -9256 5136 -6558 7200 1863
-3639 -4975 6086 -6025 -7779 2155 9839 4077 -3481 3010 1633 -6037 -4367 -3784 4197 8889 114 -8294 2137 -1474 -7201 -2728 4510 -3040 -7152 5616 9802 -789 2710 -5282 -4999 7 2575 -9702 4290 1954 9162 -3225 6957 8340 908 -4620 -2573 -7407 4379 -2611 -2620 7674 2004 -4263 2809 65 -3446 405 1187 6448 -7685 -5597 354 -9964 6424 2196 -3758 -7914 -523 834 -9941 -3046 7133 981 2122 -1245 -8787 -7916 1697 -1635 1491 4877 9860 -6926 -5850 6527 1616 -8313 -2903 6528 6665 -4019 -46 -1969 -5442 -3005 -5062 -6357 3285 8319 235 -9477 5745 2388
-1804 -8575 3703 -7929 -5662 -3635 -8573 7602 5447 -5060 -1147 -341 -7060 -1613 -9457 4732 -9412 -2442 -5806 -3544 -5435 5354 -2826 -8057 -3792 -5972 7005 5879 -9775 -3119 -3558 -6684 9672 8 1989 -1607 9229 591 6385 1642 -4072 -9562 867 7997 1891 5201 -6377 4218 2126 8641 8788 -1967 -9741 8298 -6650 -3039 -8631 -97 4725 -1632 824 2862 4386 3486 -9151 6734 -3651 7415 8033 3986 238 -9869 -4340 -2863 -7019 -9128 -8517 -6588 8809 -2513 -7652 -3703 -474 -9848 9698 1424 -4675 6095 1977 -1404 -2637 -7468 -9748 -6196 7319 -6731 1203 2755 -673 1337
4233 -2635 546 8619 9613 8593 8451 -1045 -7660 -1453 -4034 -1747 7910 2587 9345 -8596 -8428 -1740 -1044 681 8152 -4486 -7782 -1658 8230 4223 -7828 -2274 -4243 1222 2496 5742 -1909 -7275 9647 6770 -4099 -1234 -5932 212 264 9092 -8483 -431 -3972 -9405 9191 8769 9899 -2639 -749 -2174 -9556 2014 -9118 6091 -9867 -4434 7769 8515 2000 4440 -6639 6613 -453 -3953 725 -5124 -1156 9953 -8309 -2246 -7047 -9649 6669 693 -526 9118 1262 7313 -7229 3896 -7934 1261 -2203 276 -3687 1805 -9108 7930 5383 -1310 -7352 -2791 -4238 9086 -1178 637 -1650 -8096
4994 6462 -6350 -8073 -8955 -7956 -7790 1046 -5877 -301 7653 2020 -7156 -6135 -360 550 -1263 248 -4913 -690 -6786 -2201 -2524 -1828 -2333 -5813 5581 -6378 -1779 6143 72 -3718 8972 -4393 -1671 7775 6707 4158 9128 -6385 248 -3450 1309 -7064 2799 -1900 2170 -1801 5519 -8219 8138 3785 -116 1117 -4666 3156 1518 -9425 -4572 3623 -8032 8439 -8326 6406 66 -3763 -2273 584 1247 318 -4346 2454 -6407 9909 -4324 -3007 -894 9048 1124 9319 140 -9627 -1252 211 -7163 6633 -3665 9230 -2476 7628 -8732 6807 -7634 -3574 2364 6961 -6100 -5435 7003 -9346
-3296 2117 3493 8613 -7347 -1870 2412 4024 -4562 122 8599 -4862 1140 6299 9598 -3774 5141 -5386 4991 370 -9781 9109 1964 -1066 -6359 -2283 4523 -7030 -4051 3889 3861 2223 1028 -3313 -231 -8910 -5835 678 -7668 -675 7770 5746 -2353 1040 6457 -904 -3832 -828 -4884 -2098 3270 3281 2699 -635 1789 -6846 -9137 3382 754 4645 46 8294 9999 7598 701 -5124 4610 -2706 -2095 -6828 3037 -9905 3638 -2928 -9300 -8541 2106 5268 9298 -7948 839 -7872 -3973 8282 6877 5361 -2109 2053 47 2071 -5089 9759 -5525 -361 -7882 -9167 -7722 1309 293 -8512
7199 8897 6149 3969 1670 -7829 1663 2739 3255 -2061 -3885 1487 -6607 196 8956 6541 8812 2820 5982 -2670 8482 9935 1784 -4867 -3849 3722 -1893 7011 8348 -7548 -7329 8457 299 -1843 7182 5347 2218 7455 9123 -9860 8689 5877 2936 2483 -6634 174 3692 3915 8614 -8934 1775 -1065 -5752 -2173 2104 -7153 1992 5625 7264 4824 7986 5906 -6612 1051 -8004 2548 8231 9063 -2019 -2432 1135 -2511 807 -6620 7107 -5594 -1754 8063 -2803 1570 5549 -7702 -7008 3222 6787 -7601 303 -4649 548 -2470 -1147 -8224 -124 9293 -960 8424 9465 435 7777 2062
1424 -5304 -146 4149 -1161 6112 -1743 9091 -3646 2198 -8995 -2596 5264 -5044 1122 1510 130 -4188 416 -1771 3724 5970 3239 -907 -2938 4239 1268 9087 1290 -9616 -2378 2135 9938 3925 -5615 -148 -2151 9795 -4730 2095 1447 2835 -6891 -928 1488 496 8867 4680 -710 748 -1160 -6552 -7649 -2524 -3458 2951 2684 -9192 353 5168 -2632 -5052 -3284 6226 7911 841 -4451 1198 9794 -6724 -1414 -1180 1299 -8310 -1964 -9655 7099 4443 -1381 -2332 9837 2483 -2104 -6175 -3762 9380 4270 -3590 -2003 678 1877 -5180 -7330 -854 -9823 2127 -4849 9443 7184 -5442
-2024 2340 2451 -2700 -2340 6112 -3301 7175 -1363 -1956 -4488 -3218 -9673 -3745 9201 -5904 8190 7403 -59 -135 -2686 4379 -3122 1249 -7304 1982 7705 6782 1103 -3972 2421 -6337 -7628 5697 3183 -4926 6249 7344 -4678 2114 -4391 651 3786 -9707 1530 6964 -2018 -2924 -2376 6608 8823 9050 1837 2358 519 -1890 6394 7012 6260 -7984 -3409 -586 -7922 -6489 9003 -5005 -1500 8051 3858 -2262 -2415 -2871 -8216 2832 -5101 -7782 7566 -3726 -6508 5265 2445 5090 2180 -416 -4017 1991 8581 9228 9288 6440 -3966 -9908 2120 6295 599 2124 -4934 -6551 2745 2041
-2384 -1970 -1984 -2535 180 -1652 -6800 -9811 9095 9230 2237 -4577 2607 2868 -5361 -3463 -9096 8111 6506 1776 4291 -8843 2922 -347 9507 -1722 -2677 313 -590 -8544 342 -7090 -9890 8421 778 -7808 2317 -3878 9171 -4547 -8276 -2292 5159 1659 685 3571 2751 8273 6100 -3628 1576 1663 6090 -9180 6069 1779 -3154 -2179 3835 -5584 4754 -7270 -4099 8701 -6360 -1022 -8732 6244 -4738 -5430 -3351 -1588 -9189 880 7609 -3696 1959 4449 2348 8542 7669 608 -222 7400 5757 1564 -5505 3694 9797 2755 -9065 -5010 9827 -939 7441 1531 7090 -8957 3238 -7314
6708 3077 -2395 -2456 1226 -6579 -3 -3183 8717 6365 -3002 -4348 57 -6427 -6957 1115 -749 3721 -6941 -8571 5324 -5993 9743 -4814 -4591 -8606 -175 -1082 2065 1634 -9769 5803 -1105 2737 207 3982 8468 -4588 -214 -72 704 -6567 -8248 7693 1442 8683 979 8553 6601 1461 -2473 4202 -936 2517 -3630 7604 4216 -2944 8493 -4780 -2116 -8238 -7412 -1182 1659 -3948 8771 4919 3074 955 8657 -2395 1279 -1456 -4166 3120 8079 4754 -6802 7377 -3537 -5279 7813 1996 -5288 -2103 -7637 9604 7485 -8543 2204 -8128 1691 8176 -4407 -1002 -6785 7093 -7527 -402
-3588 -9185 -4900 -9032 7418 2742 1525 -9861 2608 -9471 -3625 563 7093 -3751 5058 -5280 -2348 -912 3988 655 -6798 5309 4730 3015 1622 -632 -2610 1970 212 1709 3996 6415 -7706 2556 -7663 6320 4178 -6827 9172 5229 4054 2978 5961 -5775 4725 -7374 -9919 -8230 2469 -415 -2364 2516 3708 7833 -8649 3247 -6358 -5014 -7493 -7171 -4818 -946 2081 2558 1205 -9038 6515 3138 -4069 -8191 -643 1222 2287 7340 -240 -5990 7506 1955 1724 -8638 2386 -6772 -4987 9491 -614 8788 4617 -7946 -6730 -3275 3681 5007 -9869 -7110 -6534 -7583 -1780 215 4638 286
7685 3232 -2018 -2386 -1869 -5468 -6512 8870 -7355 5222 6185 -681 -7987 -9759 8771 3340 3532 -7228 5208 8151 -2722 9286 6645 1333 5476 -585 4028 -3859 -5207 -4053 4370 -2181 -9233 6432 -4066 -721 -9903 -6658 8440 -7393 8112 -1287 -8167 -7686 3240 1 8707 6672 -3166 -8595 6616 5751 9630 7767 5473 85 -3672 3673 4850 -137 1950 6602 -1663 -6853 2074 1422 8402 769 -8182 -6590 3305 -6455 1698 -5110 -613 -1061 -1266 -40 -8940 174 2765 4712 5880 -9016 7439 -2590 -1174 -1583 -1799 3992 -136 3249 -5018 3061 -8851 8720 415 -8218 -258 -4532
-9345 4560 -7537 1798 9184 -5268 -2851 -1366 8799 4966 7229 -1990 -7496 -8251 -9192 -9836 -4212 -1244 -67 2532 1891 -6613 -7406 7483 2106 -550 6352 -8582 4848 -2148 6786 -9321 -2416 3481 8418 1088 8026 2256 6129 -5545 -8961 -91 4950 -2808 -6143 1037 -6360 -2018 7165 -4832 3160 483 4059 1920 3333 9672 -1758 5965 -6501 -8085 7885 -8765 -451 1600 -7267 -2648 2379 68 -6528 1883 9776 1391 5720 -6037 -5399 8005 3874 -5741 809 1915 7130 8074 -2309 -9372 4800 9449 -5435 1335 1671 6427 -5250 8031 4582 -6164 -5636 -1450 -5690 7741 -6700 -8098
-9378 4643 -6735 311 -4962 -9814 4416 -1035 9473 6955 -2346 3333 -8556 4842 -2986 5055 2528 -2353 -4850 9304 -4851 -7135 4936 67 -1916 -1593 341 -8101 -326 -8057 7814 -6459 4881 1882 1870 8402 -657 -7581 5298 -7277 5341 -4583 -9931 -8162 -2273 2625 4280 8701 8205 -7399 1866 5100 1764 -4137 -8742 4993 6014 8685 -6182 8867 198 9275 -232 7278 -3260 8559 893 -4302 -5924 -3579 -9420 184 -3029 450 7837 4673 -5500 2526 7198 -629 7478 -3275 -3153 8321 953 8170 6236 -7225 -8316 -4687 -8392 212 5178 -5155 5922 -9067 -51 6018 -365 -1341
-267 1198 -4542 -2365 -2170 9995 -5022 4755 6298 9265 828 -7543 6844 -6749 697 7721 -4579 -5280 -6138 -4796 2182 3231 4121 -4982 4291 6913 6628 -1186 5479 9220 -1533 3694 -1271 -2984 -2040 -2813 -4314 -2274 8528 -9446 4653 -6714 3411 -9763 1949 8206 -3937 -5667 -3952 -3437 -5249 2121 4589 -8797 5835 6875 5711 -1077 1551 4915 2311 2276 -3725 -1921 5671 9560 -2443 -8599 4631 2727 -4547 -636 -8627 2362 -6801 -1226 -6523 -2717 393 -8144 -4002 4224 -2287 -0 -6128 7785 7918 8738 160 -560 -5202 2383 3539 -7378 2653 -7431 2123 -5166 -9894 8716
9136 3179 -2885 -6596 2670 80 6472 -5019 -3445 7898 -1202 7519 3272 -2842 -6822 -7314 3775 -4676 8368 -4267 8582 -4657 -6781 2101 -1931 -8638 414 783 9059 -8731 -6617 -3002 -2997 -6301 -9736 1983 382 1820 1512 -2310 -4748 -3285 6650 -9775 3923 -8106 -2038 397 8123 3101 8803 9079 4463 -1816 800 -6197 -479 -3785 -2719 8921 -5136 -7262 -9525 451 -7767 -1149 -2139 2299 -8977 -1454 5695 -6187 542 -7567 7876 -51 33 7984 269 5363 -6146 308 7222 1332 445 -5798 6460 -416 1952 -1393 8896 2405 -4320 -1383 -6376 3670 -309 -5931 -6286 -4970
-3753 3703 -2575 -3355 4557 -4743 -7933 4328 3764 1292 -7469 8548 -8438 -9930 5242 -9412 -8319 5050 8272 -9653 -3805 -6424 4658 9876 9733 -8102 1316 -3348 7711 9704 -1985 8267 -1925 -5206 5927 1365 -5208 733 7958 4976 3660 3230 437 8830 -1975 -6445 8093 -7015 -7957 8868 -2668 -2420 -9879 -2990 -4867 7428 -8111 -6348 9336 7627 9605 5139 -2661 1311 9862 -683 -2071 4153 8992 -2306 -5472 7978 -7415 5383 -661 -9779 7347 -6255 -2929 1451 -1151 7396 -9696 -8077 2092 -6049 -5237 6472 -9804 -7592 4581 -9965 2008 -4060 -889 -5140 6474 1239 2016 4808
-6019 -5380 4378 -5702 807 5718 -4942 274 1532 3840 -2213 -1954 -7774 -5467 -253 7905 -8750 -9715 -2327 7565 4318 -762 -4809 201 5623 -1907 7325 -4412 -5363 4360 4848 -32 5555 -6725 -4964 -4132 1531 283 -9231 1115 -5121 2830 -329 -1371 -6849 -3223 -9922 -4030 7308 3411 7386 4884 2004 -98 -4166 7327 3698 -7737 7314 -4630 976 1152 8809 -7379 -479 -2260 1135 -1173 -5363 7046 3096 9486 7858 -475 8046 630 -3784 2730 -4063 2198 -8838 6785 6972 -8990 9598 8993 412 1184 4169 4221 -1510 451 6914 -9102 2987 784 7288 -8754 -7642 -7272
-2767 7592 -2489 -652 7567 406 1443 -5348 -4836 -9668 1028 -7305 -8029 -9262 -9567 -4058 221 -7221 4921 -763 3053 -5951 2491 2913 -7623 -2083 5620 3336 -8860 2125 -1157 -7565 6752 -4352 -9747 1796 -1225 7103 -1288 -6451 -2644 -7795 -6178 -7861 -3183 4953 7266 -7881 3376 8176 8223 -8672 5516 5599 913 -1138 -1169 -2045 -8566 1737 -4461 -9143 1968 -8037 -5013 -1678 -8053 -950 -2191 -6967 9197 9557 9000 5561 -5096 -3228 -1758 1586 3014 169 6647 8866 -1693 5599 -344 -4990 -2118 8933 -7535 -2862 -64 -773 4202 2960 -8443 -1054 -6094 -2003 -9743 9763
-4673 4476 3171 8362 3776 2261 1446 4685 -2058 -4969 -1673 3180 6770 -9913 -323 6921 -9937 -4027 -6764 2651 4785 -4789 -9202 2683 -116 -3110 3639 -8138 4923 -9677 8001 9034 9264 -3264 -4825 -5712 5996 807 2508 -4360 -8769 8367 -6189 -9393 9634 -3863 -1025 1629 -5845 70 -7426 -6098 136 -6163 4221 -2252 -9545 -5515 -8691 3352 2813 -4366 5163 411 5706 579 -2159 2537 -8301 496 -1947 -7998 -5733 7586 -1425 3832 -1973 -1339 1560 -4027 -470 -255 7528 -1164 -1651 -4470 4207 6182 1755 -4174 3888 985 1923 -3190 -4414 230 -1825 51 4021 7220
-9714 -7006 9810 -494 -2101 -3124 7558 674 1373 2118 6071 -8643 -2595 -1943 4110 -6120 9314 -816 -170 4795 9625 -7775 -364 -636 -3565 -8579 8089 4603 7364 6162 -3948 -7921 5643 9635 9761 -360 4481 -789 9450 -3246 -7338 6822 -6782 -2550 4621 2268 8901 2854 1189 5456 1198 -4795 -2420 -3086 1177 8288 -9899 -2119 2141 -4331 2916 5311 -787 257 9577 1295 -1848 6956 4794 3843 -2815 -2956 2986 -5229 3373 -1971 -866 8593 3404 2407 -4493 6727 5529 6500 250 3260 4694 6312 -2238 6241 -6136 -6597 -2687 1978 -2538 690 9690 4048 2504 8794
-1342 -8096 9748 -364 5055 730 -8069 -2282 -8196 -3587 9347 -6666 -7289 -2115 -2253 3848 5149 -7832 -1203 -3457 -2741 5297 -6028 -9433 -39 -9795 -8049 -9302 -2240 -808 -6240 -771 1583 -1275 5962 -9647 -6664 333 7781 -4171 930 3540 -3771 6671 -6793 5494 -9609 -7157 4460 9954 7377 -2093 -5488 4487 -1384 4488 -9180 6011 -857 -9789 -7099 8102 9488 1398 6589 1956 -783 -1363 1781 -7431 -269 -3015 8700 9426 98 1542 6605 1583 -9453 -366 7448 -9162 -7966 -8203 -2640 -2628 5388 2560 -3468 4257 9808 2229 -8825 -4378 -2296 36 -1046 -3404 -9925 -2458
759 -1799 6910 -7804 -3059 7536 906 -2320 8406 -1487 7257 6560 6991 -5841 6876 4155 -9971 -4919 3145 -8067 9881 1781 136 -8624 7292 6165 8329 -7963 -3260 1426 -5484 -7956 -8637 -1293 -5462 2845 9174 539 2387 -892 -3027 2692 7646 -2445 -2355 -5062 -4395 5933 -7947 5712 -606 9040 -9010 -6680 8993 -3517 8755 9142 -4866 -7309 -7918 -982 5938 -4799 -231 1225 -71 2663 293 5796 -8811 -8298 452 -1840 -3323 -2804 -3651 -4441 4425 8674 2343 7440 1803 9896 5063 1737 -1609 8908 -1390 2605 -8339 -1049 8860 8952 617 3549 -2277 2220 5728 -1563
-7120 -444 6372 6426 5977 8114 1680 7109 -144 -6283 -1720 5593 856 1685 8224 -8666 -1400 -584 -6834 -9341 -8685 2234 8796 9615 8007 -4761 -2463 5613 -3431 -8517 -2114 1306 5672 -9074 -413 781 -9587 -8155 -2654 -2912 4712 3738 -5719 1826 -9260 -3649 -6670 -2534 7766 -4933 8203 -4049 -8817 4557 7134 5984 -6429 5287 6343 4320 4894 6276 8683 1731 8347 -7127 -8822 -1554 -9345 6681 -868 -9686 3853 -3576 1174 3358 2485 -2148 -5859 -6764 -9216 1184 -4565 3111 5273 -8023 6168 -2282 8816 5492 7966 -3844 -9785 5273 5117 -1831 6700 889 4175 1481
-2467 -7566 -4562 2214 -446 1716 -1990 5323 1842 -7916 -2593 8540 5494 3818 1150 5759 3461 -6391 -6794 9791 6240 -3952 -9430 -1979 -4841 -6133 6408 5908 -3128 8570 2665 5218 2553 -8297 2824 9968 -3756 -7695 5686 939 -2260 7003 5592 3127 -7193 9234 5112 -6538 2406 -8109 -1828 7871 -3387 1161 -910 5668 -5948 -8630 -6698 8492 6416 -6457 4099 -1038 8516 7211 -6662 3268 -3893 -1895 -8934 -2573 2281 7376 4422 -7708 -1287 -1912 1682 7447 -1979 2474 -2167 -7800 1331 -2929 -38 -2703 4308 -3390 981 -6654 -8965 5527 -1901 -6364 6723 1794 -2397 3283
123 3854 -9254 -8978 -6835 -7851 -2269 315 -1138 -5485 -2476 5798 -3972 9629 -7858 8940 -4759 2519 2526 -7261 -5808 189 6168 -9387 -2326 -9298 -5880 -3932 8854 5920 -8268 5868 -2557 -2259 -7782 2520 4466 -3628 4236 8133 -8185 9967 5495 -8055 1025 -4406 -2565 -2570 1975 -2971 4935 9901 7184 2417 -7251 3761 1668 8748 -9458 8398 1277 -7076 -8899 2191 3228 -8343 7575 -9185 100 -9060 739 -3656 -8557 -688 2354 7066 2162 9717 -9104 8050 436 7550 -5744 4799 -8789 -7084 1142 -1538 -237 -7396 -5213 803 -2905 -3599 -6995 5340 -2247 793 7000 -1341
5051 3810 -4115 -6838 6461 -3200 1053 6528 24 2090 -8372 3893 8444 -2063 7049 5283 -7358 7581 66 -2557 8739 6219 -9337 -3034 104 -5743 7179 6484 -6109 6376 -9113 7738 -1478 -4998 315 -2943 -2489 5597 3208 -9288 -866 -7206 -7648 4994 689 -7006 4562 9994 6011 3685 -934 3042 -421 -1503 6100 3363 -4557 -4614 -4923 -1478 465 1015 -2283 -7978 -7925 5057 -1675 -6385 3617 -5129 9588 -9042 -7328 -7128 6132 9865 1011 955 -7612 2258 -4252 -6018 -1506 -5602 3219 -1458 -4464 6446 2629 -4932 2083 -1490 -9040 -8707 -2333 812 2088 -2801 8611 734
-3205 8195 -6272 -5871 -1203 -2000 1104 5098 1328 -1639 -4678 9021 -9665 -4358 -390 3692 -3150 2371 4236 -7788 3233 -567 -6899 -6840 -7484 -8142 7631 -1376 2512 -6200 6228 -2101 -5462 -6507 -4028 -1774 5129 -6655 -3461 -4742 2714 400 -5088 2539 1755 -2096 -3651 -2688 5381 -9683 -8840 -2044 9970 -9009 -8460 7001 2291 6087 5697 -118 1356 6837 7708 -6822 -979 -6466 -7240 -1295 8132 -8468 6017 923 9856 -2200 4554 5290 873 6240 -7128 -6046 8696 -5216 8084 -254 55 -1360 5005 6756 6344 -8462 5972 -2175 -2700 -7145 2622 -6545 -9500 -5318 1141 -898
-84 -2271 2439 -9387 -3826 -8383 7941 -2300 6524 183 -1349 -9143 -5495 4412 -5393 4306 4321 2343 -5622 -5577 -8904 -9267 -438 -9066 -5936 1475 9687 9303 -8849 3929 4578 -6199 7 -976 -2772 2262 -9313 -6675 -5424 512 -9058 -932 -459 2666 -7331 3558 6110 9705 -4446 5827 -1320 -1017 85 4423 -8537 -4855 2377 -2259 -5704 -9511 8771 -9547 -1087 -8127 -3311 -1111 682 8058 4619 5654 1867 -7718 -5213 4647 -9448 1991 -6603 3630 8123 -3874 6800 -9302 1185 -9778 9149 6233 2253 -3830 -9718 1081 9394 5201 7089 -8570 9516 9529 6251 1125 -679 1673
-7202 3047 -2982 863 8108 5568 5230 -6110 2095 8149 -6777 2317 -3062 3870 3459 2182 6211 2313 1024 -5592 -967 -3141 -324 -3558 3547 -2712 -7866 6869 -4235 -313 4734 -8850 -8134 -2966 -866 4970 -4479 -9856 28 -2096 8975 8090 -2726 2458 6833 7022 7230 -2164 532 -4967 2372 -6124 9356 24 1679 -2612 -8738 -8372 519 228 3519 8820 -7356 4485 9333 -7604 -8462 -2519 4679 4518 3523 -6172 3260 6973 -1316 -7034 9791 -7091 -736 2813 7762 -116 -7432 7794 -5126 6929 5793 -1245 -6868 2798 -9941 8837 -6744 -1476 2211 1555 4641 -8304 -7866 5766
-8210 -178 705 3714 -2884 5774 435 -3468 8306 7103 -5835 -5295 -1627 1759 -6492 9355 1508 -5440 8620 -5793 1299 6854 516 7240 -5701 -5659 -2113 491 5977 2794 -7558 1656 5427 2148 -184 8178 -3865 782 2657 -32 1289 -2625 766 -5468 -5010 -3048 -3457 -405 -1510 757 9727 -7902 -6239 -557 -3010 4669 262 8968 -7961 1501 -4413 2418 4099 -748 -3063 5517 8024 2173 1371 -204 -6944 8614 7877 3913 -4617 1731 -7172 -9056 5845 2466 61 1697 5066 5606 -5046 2002 -6273 3972 -2220 -8779 2568 -2249 -4638 2137 -8736 -9986 7007 59 63 1922
1416 -328 7567 255 -6980 4839 -2861 -2709 995 7397 7562 5138 -1239 -3459 4206 -552 4698 3973 8304 8846 8678 -7157 4063 -5711 7722 -6061 797 -4394 8460 4704 9599 33 1938 -6594 718 -4074 2200 7356 2888 -4032 205 377 -6128 -4403 4438 -395 3098 9076 5786 -4567 -720 -9370 -4196 9780 8031 2320 -1123 -6384 -3226 -917 3309 924 -8007 2730 -1720 827 -6205 1111 -7984 -5335 4636 4326 -3221 1147 -8213 2631 3737 4938 1310 -7290 5286 -3799 -1519 -4776 8646 5946 -2599 -2283 -377 7218 -888 -113 5522 -4877 -279 2622 -394 8466 221 3254
5164 -9032 5497 4759 -3768 -6476 -8571 -8573 -1297 -8670 7562 -8763 -3790 -5301 5087 -2377 -1052 5799 -3352 -496 170 3521 -9494 -3392 988 3573 -559 3163 -2281 -8567 -2573 -1544 957 4015 8173 -5649 -4728 -2282 3873 4597 -5660 -9561 -8655 5142 -5507 785 6655 -8636 6823 -4169 -1184 8240 -7112 9407 -8372 -4082 -3674 -403 2144 -6963 -4244 3802 9453 -636 6194 541 7290 3702 5363 5335 1639 6687 -1756 3659 539 -9995 6564 9419 7839 -6401 2214 -1202 -3377 4874 354 -4299 -6003 -6357 -9468 2376 873 -246 -3371 8764 5134 -3266 5323 2481 8319 9236
-8556 -1555 3006 7212 896 -8930 -5552 -2203 -1169 5684 -6640 -2136 -7097 1729 -9130 1678 -3736 -7845 8945 8011 -9570 5650 -7274 8386 -6526 -3356 8574 6858 9176 -4555 348 -6190 8032 -7708 -1029 2155 8009 -6960 -6878 2565 -7146 443 -4673 -3153 6033 -3126 -2956 -5244 -9179 -9470 -8448 -3219 9869 7235 2723 -2073 -8030 -2170 -9583 6917 -4970 -7867 4386 7649 -2209 9716 -6844 6652 8869 180 6851 2728 7008 6480 2706 -8685 -8892 7458 -1285 -9621 -7754 -3285 1071 5309 7099 7754 -517 -9450 -7514 7878 1585 -866 768 -9906 -9519 4783 -4813 1578 7971 6687
1174 2942 1425 9031 8578 -9124 6819 8811 4700 403 -4167 1399 -6917 -7018 -8063 -5690 -1614 9751 9263 1206 6530 -9537 7154 4209 -6554 -1775 3989 -679 8727 4750 1082 1861 3468 -446 7399 -7583 8832 1157 549 7227 -6097 1259 2497 -4628 -4972 -9245 -5982 -4921 150 -1083 -6721 -9947 246 -2586 6948 1602 392 -962 -9652 -9273 -3212 -464 930 3693 -677 8741 -3493 -1954 -8363 -3445 -2743 6782 2105 -5706 9092 -1436 6607 -4927 -3310 7178 8593 1525 7036 -4667 -1911 -1617 3542 -1318 6731 1339 9210 -885 -8382 -7409 -4186 -1783 1347 8562 -2044 3791
-6913 3236 4169 3939 -2598 7502 -4846 4797 -127 -942 9374 -3021 -913 -7237 -7966 5205 2227 -3766 -3128 -8012 6402 -7627 57 -2220 6268 2352 -8371 -2116 405 8725 699 -3894 2308 -4160 -907 1546 -2135 7865 2577 -9609 -5755 9484 -2655 -9395 -229 5227 -889 7786 4444 -3626 -2746 -7188 9389 -929 -4896 -829 4214 -8445 -7387 9826 -6395 4431 -98 -6680 -1524 699 6494 531 588 554 3180 7151 -1795 1897 -9711 1323 509 -6120 6332 -5016 -3730 6636 5821 3502 988 8733 8351 -6184 -4252 5224 8756 -899 -7013 7262 -7889 7411 5151 -9252 2545 3742
-4213 1249 -9472 -4015 168 3139 -1792 2981 -410 9691 -8440 3121 1635 1852 -4928 5227 -1184 4911 3126 -5837 6495 5842 -6381 -4934 8036 -2420 6409 6041 2935 -4299 -1524 7644 -1187 2015 2347 -4250 -4713 7324 -8225 465 -8363 -6564 9436 4708 561 4714 -6259 -7018 808 -4184 -3846 -6493 7438 2602 -7782 3452 -7159 -1489 1608 5065 2699 9473 583 -2316 4997 -5763 -1855 -7215 118 2179 -4723 2415 -3024 9283 -8999 -3233 -2059 -1511 6855 7147 -1540 423 -8750 5703 2729 3120 -9632 -6052 -158 -6899 5825 4436 4187 2020 2187 -6990 1051 -1789 1659 -1422
1919 3512 612 2160 -8361 8473 9356 4073 -2994 -3218 -2906 7502 6980 5580 -6926 2939 1632 9700 -9449 8718 7497 -236 -2241 -9417 5223 5574 -6254 -8979 -8374 -3005 -1808 -8999 -3108 1820 -4374 1107 -7495 3908 -7416 -683 7684 6123 1454 -6356 -4345 -9063 3847 2985 1492 -5495 8371 -6586 2185 -9467 -3193 7192 5552 -7383 -2482 -4746 9605 1475 8732 8458 -6454 5678 8105 2585 7160 6214 8173 5671 -1299 5666 -1459 -1132 1697 57 4136 -8082 -1572 40 9454 -5640 1917 -3408 1866 -3025 2997 -8309 -8023 -7139 999 112 -6945 -1928 -2180 -2814 -4747 8000
478 2399 5770 -5261 -7086 904 -2727 -4566 -3487 -5201 -3265 -245 -4752 6487 1064 -8249 -5237 -27 -595 1332 7302 5602 -8107 -9854 -7967 -8211 -5646 7920 8590 -4572 -6398 -7914 1417 -1389 -735 2062 2981 -43 -5916 1314 3312 1983 3090 1714 -296 1605 3491 -396 -7073 -5373 -2565 -5682 9060 -5661 -4352 -2971 9530 8684 9348 -1331 373 5913 -1536 9270 -5863 4658 1676 -2297 -7769 2142 -3601 5185 8390 8739 1851 -41 1085 -1312 3406 -7217 -8738 181 110 4954 -2477 -198 -7525 -5723 5562 3596 4481 5135 -8600 -947 -6724 -9860 -7786 -1133 9122 -8574
3849 -7102 -1974 -2530 6783 2958 -5869 1931 3614 5146 5561 -1928 -2391 499 -9184 -2716 915 5613 -6475 8189 -7854 -5858 1095 -4230 5191 -1869 -3207 1093 305 -5055 -7216 4349 -5 2285 -5307 7157 2941 -1279 -8919 -4935 -7995 -6258 6629 -9666 -6576 4296 9354 7849 -1349 -9155 -9200 4065 -9046 -4766 -85 7127 6754 2788 7547 9064 -156 9814 -950 2231 4173 7593 -5329 8186 464 2886 -7321 8525 -6260 1417 1361 -6414 -8990 3154 -3804 3919 1604 1687 86 6200 5395 -3232 -7036 -8722 -2441 -8665 -8223 -5181 -7692 5188 1700 1211 -9602 -4852 -9079 -6658
-3798 4419 -2084 -7486 -8522 6541 -9197 1772 -8175 -2275 -7639 2576 1423 -3225 4364 8289 -2307 6088 -74 -1992 3325 -845 4563 4 5184 1800 -2763 -1129 1458 9502 9981 -4460 6545 3367 2295 1288 1276 8400 -2121 29 -6293 7706 -1274 4620 4165 -4634 3650 5948 -6040 711 9249 -1831 -9629 7055 -5047 4942 216 -2194 -5514 -8209 1296 597 7844 -2632 -384 833 -3426 7485 -170 2914 -6805 -5247 7423 184 -9813 1697 1273 -393 -8713 105 2001 -1932 992 -6753 4121 5871 -1772 -3322 9524 -4227 -4945 -2292 -1513 -3579 -8858 3062 6148 -1537 -101 -5548
1700 6849 -770 8948 958 1292 -6440 -4609 6104 -9670 -8400 3608 -6447 9895 -2584 1654 7026 -7790 -4913 -9320 6229 7674 -7969 -2368 894 -7503 2833 1255 1051 -6583 -5024 262 -8747 -6127 -687 3499 -8208 -694 723 5003 -5636 -4177 711 2922 -2017 -6665 -455 9508 6647 8619 -2102 -728 -9833 -8695 -9576 -1048 -4608 -7810 5961 -7402 8695 8996 5588 1097 -7806 7515 -1308 -4885 6871 -5510 -8615 -6447 460 -314 -30 -8126 503 7921 -1887 -5213 7672 8854 -3515 -4490 7922 -1530 3912 -1785 8670 -6322 -5280 1471 759 -4343 -4496 -8375 1757 -4165 -9306 5473
2722 -8172 2451 589 -7552 -2562 -1590 -5684 4545 -7423 543 7280 1173 -7071 4017 -8399 0 2340 8736 -9956 1017 -5713 -6984 3654 -8076 -112 3604 -3263 -9864 8381 -2200 -1246 -690 7497 -5416 2694 272 -1784 7006 -8445 -399 6387 9239 7837 -4606 999 -2087 -9398 9185 5364 5425 -9018 4895 -7806 -880 -2224 -628 2944 -1153 1618 2240 548 1126 7343 9318 1452 -9844 -2713 61 764 7046 -7336 706 -8574 6104 -2629 3508 9212 1517 -5280 -2215 9530 4506 8810 -8242 -5274 392 -3532 3713 -4789 -8998 -1838 916 201 9140 9745 -6301 -1621 -1689 8678
-278 367 -558 -7973 7257 -2430 6721 -9319 5334 -2209 -3555 -219 6673 -6310 7354 1093 -9841 -9939 8096 -4154 -4546 2289 -2610 -2549 468 492 4611 8054 186 -436 -7750 2238 667 -7839 5543 -1284 -9924 -1717 1986 -3651 8388 -8563 -298 4777 -4831 -1865 4500 2937 2092 4475 7417 3210 -6727 -4627 -3848 -2151 -8464 957 593 3789 5898 -2250 -3979 -1423 9053 1278 6384 -5653 7732 -7651 -1947 4985 -127 6003 -4689 -3129 4274 5969 4549 3336 6548 705 5394 1741 4705 1212 -949 -3730 9481 -7517 8224 3782 9215 9494 -5481 -6187 -2410 6236 1081 -9241
3319 -6758 7501 7369 1622 -3106 -8824 8603 7273 -2016 8031 2129 2840 6838 987 -8866 9311 -6762 235 -3992 5550 4171 7792 2321 -600 3752 -2671 -9026 -4100 -8039 5714 7663 -8479 1952 4231 -7396 -4793 -367 -8415 -9840 -1412 -1478 -9089 -8309 -5288 -6392 -4005 5625 2225 9615 5481 488 -6783 -9607 431 3471 -3061 225 -653 7122 -8330 -6705 3820 7383 -316 5296 -265 6345 -3480 3595 2791 -167 6195 6049 -2715 1714 -756 -7577 7870 6674 -2583 26 5775 9922 2444 7826 6431 1519 7062 -3263 -9843 8509 5693 -5865 -7013 5714 3388 6934 -8419 6345
9603 -3284 -3199 3760 1974 9971 -3053 8570 -6333 2216 9624 -286 -6530 -1868 -6590 2614 5414 7514 -9695 -3297 8380 -2532 5346 -370 5932 2767 -527 9119 -337 -1699 2358 -5906 1467 780 6199 -8411 -8254 3867 632 -1484 -8882 -214 8227 -8348 3201 -7091 -9780 2501 -2188 2673 -7743 -7558 1942 2384 -7576 5201 -6871 8276 -5978 446 -4650 -9733 -2129 4390 2063 -8274 -271 -1065 -2618 -282 4059 -6680 -9955 8929 -3485 -9132 -1508 -9569 3587 2670 -5646 9222 -4480 9436 -9060 -8017 1639 2954 8254 2406 4132 6159 -1735 334 -8628 -5844 -1391 2646 -4744 2280
-7339 -9838 -3862 3999 -4720 -5499 6056 4526 -7819 6789 -9867 7057 -5052 6698 -192 -2149 -1894 8249 719 -1662 7905 3255 3839 6338 -617 -1950 1903 6860 -2444 -3321 -8097 3467 9999 2313 -1417 -2432 -1962 4515 -1283 8339 6583 2624 -1322 3214 -519 -5483 -3249 -832 1757 -1047 -7150 -2972 -5569 3606 -5866 4680 -6702 -1107 -8387 8719 3525 7178 -9658 7951 104 -8330 -7253 -4587 -1311 -1417 -9822 -9690 5863 9024 5346 614 1310 -651 -9475 1470 -808 5227 -1350 -452 -1837 -1556 9062 -6800 3480 719 8127 3548 -9322 9177 -2371 7141 -8005 -7665 2745 1152
7089 2494 1481 6851 2875 9863 4642 -6808 -305 -9817 -7236 -3662 -3127 -8757 -1190 215 -917 9888 -4193 -3626 9126 2849 -2019 7091 -8139 -7894 3869 -1598 3206 943 -5653 -272 1696 5953 5221 7246 -8451 2628 1066 -8500 -4000 2518 -6822 8927 874 454 7086 1364 3401 -3930 -109 -8007 7129 409 -111 7012 4664 1057 -7095 8265 -6060 707 122 5402 1146 -850 8081 -3612 -9808 1192 -2859 -6010 -5276 4673 2136 -6868 -9826 2749 8607 -10 1802 6466 -4809 -6406 5664 2696 -6068 -6287 -2738 -2779 1377 2167 3302 349 -1142 -9150 609 9857 -3485 -3372
5009 7505 -1875 3275 628 -5817 698 -6234 446 -2762 -4472 6956 -1175 -8360 2677 -8903 8219 -5389 2705 9813 7048 5251 -5196 3014 -8052 -1341 -2859 4972 1636 7567 -1242 -4798 -1270 8209 6356 614 5704 6337 -6413 -6627 -8510 2926 4249 -9383 1264 6861 -1714 -1962 202 7784 8150 -3333 -5899 -2586 -7878 -5832 7046 -2612 5800 -8245 6627 -6651 -310 9778 -9423 -5255 -2622 -4731 7000 8534 9568 6798 8947 -2055 3890 2557 2662 -5600 -767 -8431 637 2793 -7987 1743 -3977 9742 -7905 332 -636 -1169 -1342 2424 4367 -6165 -7731 6585 3917 -5284 1679 5946
-4629 -2794 1299 -1883 -3067 8119 -2964 -893 -2343 -9057 -7836 -2007 2165 9712 -3113 -3556 -2356 -8065 -1836 -1538 -8327 -7636 7244 2885 7255 -1549 -6929 -9874 8351 3014 -5385 -964 -622 -1420 -9126 -2330 3032 -2702 -4654 7959 -901 3633 -7305 1 -3809 -4222 -807 899 -5723 -2514 -920 6395 -470 -4557 -4882 -3084 -6843 -1860 478 5149 7173 -2319 6443 4568 2323 -2028 2489 -6044 153 8234 -4064 -2636 -2544 3807 -7175 7181 -5441 2850 269 -2284 -5150 4433 4483 5462 -3801 9789 4784 -5630 -5531 5305 -1804 2602 -1215 -5150 -2245 -6230 -1764 2458 3373 -9008
-9359 -6301 4378 -5722 -3398 5979 6293 5324 -1622 -4044 8779 -7071 5326 4319 -8239 -147 -1441 -5874 -1094 -6745 2104 -940 714 -2202 -2158 8148 5496 6271 1826 7559 -8449 822 -9192 -4870 5164 -1635 4905 -1861 2659 6428 -9454 7101 7234 3773 -7321 7979 4283 3778 125 3438 6037 9040 -8961 -1437 -3400 -4140 9136 -6031 8050 -1393 -6236 -2402 -5237 239 -1814 2757 -2375 -1174 -3192 -7853 657 575 -7963 2164 8449 52 3057 -3141 -5560 532 205 -2257 6524 5968 -7654 -8621 6902 -1152 -1064 2673 8149 -6382 642 4603 410 -2393 1304 -5162 5578 -3220
2467 1204 -8288 1461 -5325 -1297 6088 8886 -6374 -3917 -6932 -8199 3953 -2953 -315 2906 583 5163 -7413 3430 -8771 -25 7648 709 -1540 9234 -8719 7734 9823 -902 3494 1340 -3322 -2777 -4399 1932 -5026 7412 -7431 -5171 1958 -2499 -1345 -957 -6186 -5304 1554 -3311 -9301 -2887 7508 3711 2242 7496 2020 -4695 1811 -6680 -4068 4165 5914 712 -2921 -9950 -2734 -2588 6990 5686 -2476 2573 8911 -4649 -5347 3000 -894 -9366 -9174 -2701 5234 2558 -3438 1 7843 -6650 9542 -4269 -352 -2274 7950 -6476 9513 -7671 4504 640 -2581 4314 -1294 1502 -445 -5570
3930 -9693 7807 2218 9532 379 -4060 -368 3271 -4921 -8266 1336 4548 -26 -8227 519 7886 6983 -6420 3768 -5605 -1774 -655 618 6908 -1423 -2041 -1616 8746 6765 2765 -5280 4796 -8067 -551 -6389 7281 -8749 7401 1757 -5213 9818 -2874 7787 5031 -1169 -7618 2742 -5339 361 -6544 5880 8504 2111 -3316 -8992 -8051 6339 1717 -9889 -147 9243 -2796 -433 1331 -607 -4423 -6522 -8819 -7532 2167 -4940 -8118 -9938 5971 2601 -6437 5254 -3058 -6056 -1883 -8272 8964 -8931 2296 637 8634 2393 3711 6126 9482 780 -775 -1720 1308 -1955 8941 9378 5856 3898
