20 20
-7616 -7451 5249 -1556 303 1008 2609 -2702 -485 -4343 -1587 9503 5200 6618 9796 5281 -798 -7157 3622 2292
4179 9657 6191 -2888 1511 2634 55 2646 4886 -8433 -142 1416 -1998 8651 -5699 -8476 4389 -712 2510 -6869
-4688 -9789 -6423 585 285 1426 -3757 932 -2154 -7189 1329 8692 -555 6549 -9512 -8060 3753 -2423 -5996 -2529
-7437 2949 -3195 -416 6105 6282 -5734 1701 671 2263 -4355 -53 808 945 -7756 -9558 7982 -4144 222 -2161
-450 -466 1659 6439 -24 9510 -649 8313 8022 4018 -9905 7391 3625 -4414 5824 5874 159 -8070 -8297 8177
-2270 -2668 3985 8480 -7627 4099 -2625 -1924 -9972 -4181 -7432 -7593 -3031 142 1286 7900 -8360 -974 9170 -833
-5760 4667 -2550 3694 -1624 -2125 1694 6302 -2466 2593 -5484 8464 -3152 8087 1926 4757 315 227 -2758 5109
7086 -3487 -4474 -5627 -1928 -8520 4962 -4596 -3261 -2525 8260 8116 326 -771 -5547 -1520 4924 1763 851 3829
7713 7578 -3007 -1200 6439 -2760 -2324 -5108 -4887 -2850 2428 -7384 -6540 -8704 -2356 9350 -4485 3216 9357 3357
-3271 -9361 3022 -112 -8696 -4041 -4129 -4565 -8932 9855 -6962 9734 6972 -4369 2963 -2483 -1635 -2848 -2938 -2142
6511 -175 -7825 -7870 1934 -1783 7398 -2701 -2734 -6534 1993 5705 548 -300 -6641 -4855 1462 -877 2678 8443
2673 9313 -72 610 -4932 695 -3831 6488 -9090 -2589 5145 -9314 -6740 1258 -8759 7605 2181 -3829 -608 5997
-9556 -1627 -9541 -1240 -9174 -6077 -8683 -3992 5601 5759 6428 -4084 -8786 4970 -3847 503 -2663 2363 2171 -8240
5542 -913 -6704 9232 5205 -1539 -1422 1247 3648 -7864 -1075 -8712 8678 -5262 -3985 -5944 -8540 -5508 7870 -8323
4472 5087 9763 -7103 -3527 6969 -5565 1543 -2088 -2637 -6463 -4681 1342 2060 -1758 888 690 -2843 5620 7067
783 -2226 -7038 -5629 5748 -3359 -4766 4955 2726 -1025 -1001 -9496 9515 3342 -7913 1196 5072 4606 -4429 6705
9812 -93 -6036 9141 5994 6652 838 1355 -1131 7841 -2011 -4186 1650 1634 -353 3452 7262 -5454 -6634 -4256
1124 -4213 -4028 1080 6858 4155 -5264 -3676 -6909 3561 -4948 3653 2220 6923 -9369 259 2619 -3 -9781 2392
-5313 5589 5938 -6410 -6234 9961 -6493 -5269 -8869 4700 -6264 -6215 -7815 3039 9288 1954 -710 4774 9815 -6541
-1679 5898 -788 -8132 8689 -8 -5790 -1363 5184 7200 -1885 1071 -2867 -4295 825 5629 2598 -4693 80 2249
