30 30
-1528 -7864 -8405 6816 7726 9087 -9964 5686 -1662 -6064 -415 9873 3941 -1762 -7531 2268 5602 -4307 -1012 6630 6809 3556 1293 9152 5345 248 -3712 -114 -7958 9704
-1052 -7479 6423 866 -2498 1196 6633 2022 8392 -3925 -9458 807 7830 4600 799 448 540 -4575 9567 8397 9897 3851 4230 -6925 229 940 5147 1655 -792 -1754
3146 6946 9569 7663 -4515 -475 -528 2570 -9464 -8962 -524 -7469 1923 4333 -910 -6336 -1278 -7636 8164 -9949 -2505 -4 -2623 9970 568 -7085 8373 8194 3826 7572
-4640 8819 -2611 -289 -5565 -7585 1450 -2609 9166 -6074 -300 -9573 -3161 7968 6031 9426 422 8779 3552 5391 -5764 1364 8255 474 6821 5547 -9789 -195 7950 -754
-1012 3439 5912 5967 4415 7223 -6434 9486 -958 -6806 8700 -7692 -8532 974 -5021 -6222 -2376 -6948 -7982 4776 1111 3856 8925 6486 -5969 -7534 -2668 1991 7783 7727
5871 -7612 -1027 5545 7185 4237 -1313 -8850 2111 8149 1454 -681 -267 -9793 5472 2830 -8442 -3877 702 1381 8823 -8023 -6595 -2327 1310 1058 9487 2528 -2258 -9860
-1286 8610 7128 5841 3503 -4865 1881 -2750 8598 2661 -2756 -278 -9435 -2075 1386 -8360 6048 9492 -3840 1735 1599 -1892 7328 1369 1794 9252 -7432 -7208 3497 -7649
-6841 -6100 648 -9851 8633 -7200 9990 -4919 2578 -2544 3487 -2525 -5538 6193 5011 5834 1497 -8529 8805 -3392 3549 6979 -9277 -193 1497 1276 6582 1159 6489 -3449
9072 7008 -208 -8503 2607 2074 2611 -8761 2890 -6683 9932 2741 6813 396 615 2599 4680 7032 -2584 3517 8670 -8882 -3523 2105 -7095 9916 178 -5058 -2750 -3729
-2995 4676 -899 5565 -3608 1243 -7514 5055 -5973 6748 -986 6446 -6517 -9916 5791 -2912 693 -9815 -6857 6052 8551 -1226 6955 -8394 6097 -7065 -9261 1078 4140 -1947
-170 -3489 6149 -3865 7282 -7432 6367 4882 7641 -2187 -6479 -6538 -9447 9646 5759 -422 8486 -2028 4860 -1777 2503 -2431 2455 -2106 5821 6281 -4455 -7124 9135 1774
-4998 9253 635 -8888 -3232 -8680 5678 4801 -4199 -6363 573 -3245 -8274 4353 -4287 -8110 -7465 2529 -2112 4381 -6890 -8805 32 -9320 -5431 1293 6578 2206 -8166 6697
3694 -4788 -7984 -8978 -4015 3684 7906 2097 4390 -1785 9199 710 -5813 -6085 3580 -7267 -3444 4507 7827 6431 271 4693 -337 -7604 -406 9022 -5000 7537 1388 -3289
-3181 -6584 -761 -8217 -7482 -5665 -2104 9095 -221 1781 8106 3343 -7080 4868 -3713 3251 2079 7040 -2933 -663 -6653 2095 -1874 6835 8976 -5725 -4808 -9156 7832 -440
-1562 -1962 1836 -1202 80 2076 1493 8546 4773 -8880 -1072 707 -666 -3588 -7168 -9396 -1009 8136 -8762 -742 -7922 9248 7368 -9714 3290 -2759 -1895 -2640 -4199 -4791
-8681 8753 -2029 -7042 -83 5814 2244 -7229 8864 -470 -1047 1487 3276 -6540 -3990 4710 -7945 -8470 -3589 -4978 -5006 135 -7196 -2088 -9779 -4790 8965 -9105 -4567 -3134
-1457 3545 -4218 4844 8563 9264 -4723 7604 -4227 -3692 -363 -2363 -3565 -3445 495 -5022 9151 -8055 -8738 -9882 2654 2707 -1338 2290 -3154 4623 -78 1981 9733 -594
8846 -9445 -8616 489 1963 -4697 -1630 1908 -4474 7372 -3855 9561 7606 7075 4119 -432 2779 -8283 -836 -4118 -8028 -577 -4091 2795 1901 -3432 4580 -5907 8074 -6790
41 -8329 2974 3591 -5787 3239 -3053 -681 -7005 8479 -6139 3998 -3639 -7621 -5826 3838 2581 -8978 -1023 -4834 -7349 8707 5141 -8346 -4637 -1400 1690 8935 9410 -1382
7189 -3874 -722 -2566 6038 7811 -9467 -6867 -542 -1547 9617 -5023 1203 1051 8636 5967 9405 -9962 -7975 7531 -8044 -6803 8915 2319 5791 -133 -4642 -8300 2078 -2257
-893 103 7233 4271 -8990 1641 9047 9658 -5302 -8990 5568 6895 -8008 -6742 3699 178 1357 -1847 -6345 1913 5710 -5385 -7504 2703 1069 3529 2074 -3730 844 -4118
-6363 8773 9731 -7511 -4398 7103 5679 -3043 1088 -5834 7022 1911 5651 5477 9876 5220 -2348 2179 -6857 -1662 8262 9770 9273 -2686 3917 -1892 1267 -65 -6932 -6081
-9130 8631 -3152 9172 6407 -5428 -8490 6177 -5236 -643 7633 -3893 274 -8782 -7461 9662 -997 -8423 6717 8703 4883 -2659 -386 -2765 -6840 -1497 -9250 8421 -581 -3271
-7999 4979 700 2461 205 8828 -1622 3760 2935 -614 -8493 9161 538 538 1555 -6371 5752 5433 -9065 2401 2759 -548 -8792 -2933 -7103 8211 4668 -7498 -5248 -1647
-931 -875 5449 4599 -1443 -8154 -4434 -3967 1393 9866 -308 -8684 2667 2469 811 6090 -3743 599 7195 5158 -9858 -7889 -40 9364 -26 -2503 6412 2570 5395 -9986
-1109 -83 -3390 8686 -1381 5502 -862 3565 832 -4428 889 883 -1265 5045 5821 -2520 -4773 7251 -3336 1001 -9310 7590 1071 935 -7282 -8718 -4712 -4998 -7162 -8692
-8047 9103 -4115 -5858 -2645 7199 -4272 -1862 3773 1238 -3542 9203 -6125 1401 8382 -736 7939 8721 663 -1575 5981 7961 6002 5095 4016 -9507 -1284 259 -7058 -7668
-119 -3041 -5264 -6915 7929 -4715 -2536 -7759 3452 -4241 -2448 -1798 324 8133 -5038 6862 -5084 -4878 -7085 3024 -3105 5765 -5407 -3784 4790 891 -8085 5190 7998 2018
-424 -1376 9669 2927 -6068 9102 2600 -4318 4984 -2556 4632 6814 -7239 5020 -2554 7441 3642 6321 3946 8509 -7708 -6533 4804 -142 7260 -1620 -9578 -113 -4591 415
9761 8411 -6251 3370 5507 -7584 -3101 -4958 -1790 -412 -1060 -8472 2676 -7373 7651 -1528 761 -2503 -7107 2451 -8392 3519 3407 9505 383 1409 -8038 5471 -654 -1514
