40 40
-1229 -6766 -9756 7470 -666 7283 7553 -7091 -5386 -4629 8317 -2356 5452 466 -7760 -5631 1267 1098 6320 -4007 -4216 9842 -5463 947 -8630 -3043 5314 7117 620 -6792 9154 4693 3775 2212 7551 6379 -7877 -361 -8272 5144
-5563 2946 308 -1430 -6464 4346 -1981 6611 7591 7123 -6991 -7330 7369 -8400 -4117 -9914 -1441 1867 1453 -3973 -1503 -6816 -5367 -8402 7157 -5567 1866 -3171 -1245 6238 -2047 -4592 -2657 -53 -580 2530 -4320 3377 6586 4489
-9744 6610 6919 -5927 -8119 -2716 1396 -1458 4593 9849 4272 2294 6333 4229 -428 -2241 -2688 2033 -2270 -2261 2208 2162 6878 -1897 -6538 -783 2795 8633 -4557 -6134 -8135 2593 -1693 2951 1094 -5174 6097 -2695 -3492 237
613 1710 -5628 -8786 8840 8569 7393 4962 2527 -3194 -4713 -8913 -9664 -8995 4381 9909 1768 2511 4235 -4633 1862 -7577 -2340 5100 6558 3154 -6430 -1295 -5623 2927 -211 -1754 2253 -1321 -6528 -1000 -4671 7452 -4631 8934
7986 4248 -8765 312 5052 -3987 2557 9556 5450 7301 -4099 9044 -75 9050 4066 9801 -3843 -3380 -7918 -1363 6329 8854 -4979 -666 -7577 -3402 -3292 -2872 323 -5948 -5197 2908 -3993 -6781 7610 7256 -8965 -769 -253 -3684
2145 833 -6900 3994 -3885 8281 6256 872 3901 635 2471 -7137 -9768 -3995 -7603 8011 -1034 4593 4161 258 5906 -4443 227 -6484 9093 -3224 3582 -8627 -1146 6589 8237 8759 8956 -2403 6300 -5225 -1595 6615 1006 1641
-698 -8313 -2312 8457 8339 2094 7043 2911 3455 6847 990 -4327 -3454 2472 7241 -5646 -8213 7929 -5403 7993 -2187 5079 -8125 4860 4907 -7692 -5117 -403 -7893 -9011 -4028 748 2892 654 -4353 1547 826 -3904 7571 6405
-2056 1267 -2019 -8166 -5846 -3187 -2912 -8299 9897 -3328 7104 9768 -6296 720 7918 -1219 8174 459 -7014 -2503 3851 -6814 -4651 -4290 -1683 6584 3586 -6248 -2397 3168 -8148 -382 -7669 -877 9104 2943 -6811 -8892 1990 -4890
-9074 -3774 173 -9218 -6833 9911 6463 5149 2245 -1920 9271 6421 4157 -4982 4122 -906 189 345 -6923 1550 -1836 -3406 5813 -5880 4743 -1245 4949 -4514 -9227 7204 3917 -555 4286 1698 -1411 -758 775 7132 -7296 3112
2529 5836 -5553 670 -2652 -397 -9001 -6693 7916 5328 -2125 7296 -1544 2826 6758 2021 4108 -2628 -6947 -1280 -5128 426 -677 -4047 -3231 8684 6769 -7956 -5945 -6016 6497 -5190 -8049 -7886 8675 -7377 8487 -2482 -5000 289
5215 1310 7799 -9707 304 -485 -792 -2612 2983 -6129 -5033 1864 -1857 1710 1708 -7732 -1684 -2701 -8583 9692 2087 3810 4835 -615 -8677 134 -9533 2286 2734 -5349 6984 7792 8822 -8913 4473 4160 6053 -1822 1337 -4006
-2197 -9236 -6599 1898 -1447 592 -8996 -4828 7342 9795 37 6767 -9793 -4146 -3924 9465 -6206 -5492 -8175 3061 -5618 -6727 7896 -7841 9090 7915 3523 1344 2037 5893 -971 2777 -6200 285 -7118 6 -4008 -225 1980 470
8747 7936 700 -6364 -6040 1504 -1766 -2670 -506 3256 -8266 -2678 -2674 -5191 9832 996 -8290 -1707 8246 9402 -3426 -906 350 5279 5822 -2301 5676 7357 6038 144 -8180 643 8061 -5939 9290 979 1419 -2284 -9977 -8613
-3371 6339 2621 -6034 -1358 8469 -8504 4202 -1238 65 4481 -9023 -1771 -382 4816 5319 -5513 -851 -3283 7038 3184 -3501 8733 -7714 -6595 4541 5377 565 -138 967 -3787 8222 -7441 6804 9368 -8872 9974 5137 -3241 -8018
-2974 846 5524 5581 2240 5296 5027 -2018 -1641 -6191 -6259 217 1943 7064 -1157 7666 -2046 9789 2145 -3152 -8326 -1184 -350 -4346 -8970 4795 -1323 8856 3210 5692 5290 -3852 8315 9361 9984 -2534 8082 1936 790 -9182
3116 9425 -5610 9982 -5193 6754 -4895 5638 -7420 -6883 -4696 -390 189 -183 -2129 -679 -600 5145 -2151 8963 -4907 1476 -1211 -2264 9531 698 1155 -5257 4464 8510 1065 3165 3540 -8042 3194 270 -2200 2106 4696 -7611
-415 -175 3448 -3079 6321 1597 -3509 71 4122 -7997 -1899 1320 6984 1915 -9485 -199 -4208 169 -4879 7207 -5706 -4075 124 -7774 128 3145 -1714 -4168 307 -3504 -1697 -5955 -2343 -2097 -736 -5633 930 9904 -2488 1754
2176 -5415 4231 9975 514 6657 9438 -5447 4618 5631 -7219 -990 -8672 -1302 6928 -4898 -945 2222 5794 -2844 -1547 485 1723 -6653 8130 -1466 2512 3318 -142 1506 684 -270 8250 -311 9195 1520 -183 7892 6784 -2187
8343 6859 -4016 2832 -7683 2015 8516 39 -3205 -9146 -3675 -9387 6030 1735 -373 2073 -786 -1785 8345 -6085 -935 -883 6096 2085 521 1982 7688 -7236 7065 4198 6386 -976 -2121 7245 8564 -2572 -2370 1654 -1080 3391
510 -5867 -1675 499 -5790 1256 703 967 -3542 -3566 4186 -9198 8364 -1665 340 2814 8012 3338 2525 9249 -3079 -8838 -8421 -5991 -1839 6565 9473 -1970 -7053 6508 -4429 7689 -1771 -6259 -3572 966 8170 2199 -3850 2936
9406 -313 -2371 -7073 -2173 1102 -1417 -6153 595 -9213 7370 -3305 4833 -4852 -519 7793 -1465 -5444 -7271 -8099 -8596 -7552 4753 -7590 -3357 7809 -5686 -259 -2435 4101 2869 6731 6074 -843 3316 511 -5722 -57 -8174 2183
7295 6983 -9503 4300 1480 5505 2858 557 -4120 3656 -3332 7182 -1320 1074 -9094 -1364 9714 4390 -6255 -1467 4231 -2880 6128 4720 -2091 7587 2126 -1159 3220 -1314 4147 134 751 1478 2589 7976 4090 -9372 -301 4844
-6539 -1827 -8186 1827 -7623 -2514 -3644 3669 1676 7952 7137 -2988 7288 8074 -3915 5656 9616 2129 1984 7049 8026 202 -5416 -4552 -2755 -2844 9443 1999 121 -1413 -5793 -2060 -9074 -2501 3208 -1026 6291 929 977 -8
922 5137 3803 7912 -7253 -7299 2902 6369 2729 2438 5226 -8134 4348 -9503 -5518 -7437 -3179 -3144 -961 -6576 645 2972 4196 -5535 -1229 3532 6158 -4620 9724 4526 8983 -574 -6588 664 877 -2942 623 5625 -7842 1149
-3590 7328 -7804 -6909 -2779 83 532 6099 -1047 -5290 -9959 2139 7580 -1778 8456 9444 -6125 4698 1180 -6064 9472 -9593 3005 5333 -7587 5638 -1064 8399 7508 3438 2638 -4059 -744 4769 -6518 -558 -3061 -9190 1226 -7004
1768 -1347 4566 1665 2000 -9173 668 -1579 7728 2158 -3267 734 5169 1570 -9235 1711 4750 7545 -1754 -8217 -9942 273 -7579 -9388 -1886 809 7321 -9881 3020 -454 -1984 -2999 8829 1457 -365 49 8592 119 -9313 -6117
-9160 -153 -6562 4854 1134 5050 -1945 747 -8061 259 2885 -2718 -5268 2050 3799 6735 2792 6182 -5316 -3758 -2399 -8357 5271 7780 -406 -7686 -8252 3035 -8428 5960 -949 6385 7157 -4841 1593 1033 -9768 -9935 -96 -1561
-5584 -8499 -1849 8606 8287 2769 -1588 -2083 1158 6938 -920 5758 -9023 -9298 5470 -4196 -9988 -2946 8275 -5519 -6197 -1654 4058 3791 -4837 3232 -9736 9958 7085 -5284 -727 -2426 4536 -3370 -1348 -6199 -3573 -8351 -7617 -571
5529 -1044 6467 7528 2634 -7757 581 -5941 -5749 -9299 -4099 -3245 201 4083 -735 8895 -6170 -8717 8752 9773 8255 2070 -30 765 2980 2358 6008 -6667 -5928 1099 3870 5412 8064 -84 7911 9868 3826 7366 4988 5865
3947 9659 5771 1110 -666 2670 -3925 5874 7043 -5536 -16 3934 -2061 -3815 582 -2082 900 -9337 1300 5864 -2695 -8629 -9788 1744 75 -6490 4819 -7195 6807 -5374 1156 432 7222 -553 -6955 -7625 -3128 -1527 8490 8054
-4192 2618 4056 2282 -6439 -1493 -269 -1033 -3592 -9026 9080 4961 -5907 3245 121 2782 6491 4615 -3143 -4771 4935 -5412 -3467 -6952 1828 429 7699 -2151 5041 8383 144 4077 -5202 4202 -2249 6575 4638 -1395 -7205 3123
-1041 2530 -4820 -7043 -5674 8100 -8775 -6430 8622 6890 -2452 9782 -5188 -1960 -9923 4659 -5943 -8584 -1668 3198 7479 -1813 5447 7271 2344 6448 2353 -3888 -1825 -6190 -2046 5775 4078 -103 -377 6048 8494 2729 6038 -8672
5862 -7667 1465 -259 5389 1419 -2140 3632 -5822 -5161 6141 8432 2361 2313 -5645 1810 5970 -3596 8514 -3210 -9552 -471 1830 7261 -7151 83 6758 2295 14 284 -5812 -6341 -2290 -6611 -6982 -3387 -8050 -8268 884 -335
4105 -4992 7550 8060 -759 -2923 -7300 -8256 48 -1807 -8491 4382 219 9679 -5519 -6701 -8324 -2725 -283 -2488 3963 7534 2851 -3724 -67 -840 -4955 1661 8227 6139 2237 4848 7048 -8221 -3175 -2514 -7362 9676 1658 -784
466 856 6429 -3629 -9843 101 2920 -5136 7582 6366 9193 4179 -5987 -397 6594 -7653 503 20 4953 5033 -5665 2280 -6966 868 2828 -4144 -9449 -2003 3240 -5610 -5282 -7187 -3961 -8599 -7318 -3558 -6358 7178 7457 7221
5756 -1260 5343 6841 -5352 8411 -1793 -6881 -5760 1271 5694 1535 955 -323 6688 -4010 -4932 1210 -6419 4189 -5851 -1223 -6649 4407 884 -4812 -5304 3162 -8551 -2732 -8938 -1228 4526 5745 4205 -5257 9401 -4727 2353 -6542
-7149 4255 6748 -2815 -1073 -4749 -2169 -7970 -8768 3178 4981 -7586 -731 7859 5089 238 7972 5656 -8147 -9511 8819 -2205 -788 -9045 -7492 76 -403 -8899 167 6114 -5793 -9854 6831 -3326 -1299 -9674 6612 -1957 -9491 2829
-3361 8496 5183 -1554 8102 -476 9081 -1623 8343 5369 9989 -1599 -3179 4652 -8350 8945 -1871 -2590 2177 -5319 528 5722 8785 9184 -8884 -915 -1681 3759 4546 6427 -9421 -7818 1350 -6461 3458 7371 -3502 420 7953 3586
-8735 113 -8592 9265 2336 -2746 9512 2815 -5726 -773 3080 -3990 -4214 -5857 8849 3285 2702 1374 3848 -8638 8237 1792 6343 -7481 8991 -9984 7085 -4399 4386 -2650 -185 8608 9499 -6896 -5331 1502 9537 1077 6851 4463
-3505 -1267 9655 -9695 6872 9670 7121 -4523 -2365 7135 -4599 -3192 9124 -8066 -2722 3818 -1692 8361 9728 1149 -1826 1278 -2338 -8944 -139 -6340 7966 -8148 -9951 -9551 6557 -3009 -1576 6023 5454 -1906 -4999 3930 -6658 8884
