50 50
-31 9783 -5422 987 568 579 -5709 -4141 -8477 -7272 1435 -2517 -7743 -1265 2891 -1538 3776 991 -3409 8197 5128 2759 8440 -9494 1620 6146 1486 -943 1474 -1788 -5827 1504 -4246 -7285 350 3673 -2312 4883 -7768 -7683 -1987 -3245 8639 -4248 -3207 3954 -3940 -9718 4377 -1472
-3885 8720 -4702 -606 5924 3037 -1699 1890 -9606 -7975 2792 -5547 7684 -2829 2705 5689 -870 9282 2180 -9072 -6051 1755 8477 4729 5851 -1237 -5676 7073 -1197 -2125 -5062 -7560 9073 -8709 224 7682 -8815 -7446 4568 4361 5286 6089 -4604 -5594 598 3533 1184 -2964 1014 4996
-7148 396 -5791 5589 3355 8251 -2271 -9228 -3454 -6430 3991 -4853 2567 9877 1197 773 -6862 9429 539 -1841 -5520 1047 -382 1989 3403 1462 392 -4063 -4611 692 -2270 -8849 576 -2486 8603 6498 2878 6723 -2411 -3117 -1227 5290 801 -6544 12 5433 4401 -1135 633 -2134
-3671 7263 -4540 282 366 3227 2071 6305 -5434 9555 -4299 4075 -1439 2488 6673 5358 2487 3713 -2452 4978 2704 8649 -2837 -9459 955 -526 -1366 3155 6446 9635 -3936 1238 4403 5599 -6925 2324 9863 -9276 -4334 -2426 -3244 8761 -5175 -4696 -4471 6713 6030 7109 9059 4546
-1103 391 -3196 -7950 -7435 6667 -165 -973 -2516 -4515 4243 2497 -1091 8563 -7007 5121 -2658 8275 -1576 -4919 -8611 209 -3263 8514 5783 4988 -3705 5940 8391 4985 -6320 997 8703 562 -7554 2302 1629 1026 -528 5679 -199 -8442 16 5098 1730 -9551 444 -485 -2572 -2858
129 6860 8627 6422 7473 333 1051 -6534 -2322 -8202 1580 -5388 -5885 7610 -4274 99 3055 -1065 4572 4726 523 -1587 1997 9175 678 -893 7406 -489 -4521 -9964 1113 -2710 3763 8188 -7264 -9754 5316 6586 -9524 7302 2659 682 -2574 5566 5754 850 3226 6602 -8901 -2749
-102 -1881 -6710 6489 184 -106 3987 -2490 518 -2353 -2662 8213 -9115 9785 -1564 2837 -3784 -6972 -1544 3257 6129 -3340 -7901 -5876 -7500 3613 -311 -6332 -1814 -216 6834 -2252 141 -7450 7569 -4562 -5111 -1011 -1321 3345 -9850 -8664 7444 -736 1025 -7953 -9006 -1129 -1070 -1228
-59 2715 2178 5384 383 3737 -5030 2315 2021 -7752 5446 3004 -8825 2549 8529 9 2429 -9133 746 5283 -439 8835 -570 -7629 9521 -2189 -444 -4705 -713 6999 -5615 2058 -8383 943 -9831 -2251 -3290 2295 4061 9767 -8034 -5191 -378 -7879 6615 -4072 -9952 2823 2537 1610
-2978 -7161 -2718 5183 -8695 -1072 8703 845 -9050 1142 2155 -768 -301 9847 3187 -309 7633 -9140 -1724 3200 6031 -3217 3584 -2344 2019 1367 -2174 -7030 -2716 1699 1685 -5321 8541 5573 -1452 -2229 2159 -1665 -3950 8591 -3213 -1986 5190 1906 1622 -9666 1991 -9566 -3279 4867
-6103 20 -1534 -1833 -287 -4827 6624 1918 7244 -9086 -1508 -1597 1121 -8907 -5022 -1991 5251 -8965 6980 -8465 -2300 9235 -4612 3876 -5289 5199 2461 9131 8700 1080 2545 -168 -8762 1633 3082 4560 6141 -6336 -6833 -8827 1028 -5984 168 -9397 -7406 8463 4690 -5344 -4643 -2464
-5558 6911 9947 -9129 -4080 -8764 7076 -118 4847 547 -832 -837 -5896 -8324 -5653 -8841 5729 -565 5532 -9719 4439 2238 -803 2620 7849 -4524 1787 2629 -7898 -2638 -1002 -4485 -2211 8827 -3930 -2082 8831 -3290 3256 1448 -6126 -7064 -2293 -8437 6338 70 -6345 6059 -9221 -1560
-923 -5905 -9313 6984 -234 1970 -1157 3856 -3592 4733 -1383 -4499 -2090 -2100 -6573 6885 -3209 9981 -9699 -9407 -1219 1427 -5560 -5452 603 5398 -1569 6990 -9557 -1319 -4149 3946 9467 509 479 -3207 -2138 -1699 2014 2355 5765 1720 -8264 -703 2050 -4301 7427 -2910 4824 -1098
1131 3754 -903 -7609 6032 -1630 2432 -4090 -132 -1517 -9321 1805 -4721 4970 6394 7227 -577 -205 4642 318 8724 -1365 3171 5844 -2509 1872 5874 -3697 9941 -2341 -4968 -7321 -6727 8283 -6932 -1162 4035 5135 2534 7728 9724 5233 -7125 2782 7065 8264 -3322 8908 8631 -6426
563 4419 -8741 -3076 1521 9587 -7239 -552 474 -3742 2900 4234 680 6923 -8168 -9634 -7544 708 5219 6349 -7580 -1448 6119 3340 9770 -1433 2622 -5540 -8250 9247 -50 8396 6331 -8051 3139 -4370 143 7973 1957 7366 -843 9814 1471 -1261 -920 7327 -9053 -2528 -4597 -1881
-3310 -7578 -5090 -1234 4247 -7422 -5974 3022 -7519 -5966 -2794 8324 -1089 1797 6460 -573 -6605 7438 7518 7944 7015 -9323 -1124 5369 1670 -8015 -2729 4037 -3830 -5300 -794 -3303 3959 9206 -8969 -9455 -2651 2677 2539 7502 3196 -4023 7723 5371 1620 -3156 149 -497 7443 6392
-204 -7294 9149 -2581 1845 -245 1433 4399 -2297 -8941 -6099 974 -759 6145 -3659 767 3968 -2094 -1796 7923 5417 -7368 5781 -574 1884 468 -6204 921 1911 9951 342 3425 9451 198 -1480 -1382 -1614 6204 4009 5005 6666 -3080 7541 7886 -2733 -724 5292 -951 9527 -4287
-1920 -1127 -9710 -9803 -9483 -5635 -3277 80 4711 -8853 5408 7448 9141 5416 -1818 -9984 -7974 -1885 960 3085 101 -2505 -4796 1109 -8987 3525 5802 -3746 5352 -989 -398 -2018 -6257 -3873 -3068 -5610 -2125 2839 -3518 -1518 -6167 -8166 6226 -7882 5760 4557 8554 8061 4521 -1098
-1258 -4345 -189 5956 -3725 -8532 421 1762 -8208 5530 -9490 -9569 -3253 -7656 -583 8593 -3362 3666 -6219 -6664 -608 -4014 3212 -2622 -2492 6999 1271 2192 6217 4988 -5089 2414 268 5358 -7745 797 -9647 -7237 -9907 4549 9039 12 1431 691 -2845 -4416 7056 -6872 1008 309
2358 744 8930 -7649 -4868 7901 -4255 6927 -362 8818 3289 -4941 -2796 -2840 -2135 9582 3250 8852 -9601 1033 -1894 -8526 -6533 7512 6825 5812 5845 202 -9758 -6677 1111 -1650 1980 -2327 -3716 -6118 3777 -6065 713 -6176 6874 241 -9097 1248 7148 8536 4617 -9624 -4638 5561
2547 9039 -9981 8414 -5316 1967 -2167 -6163 9774 999 -8080 -6824 -4086 1257 -1215 2275 6582 -5037 8962 -28 -3612 6876 9958 -4191 2122 2550 5728 -3742 1860 -4477 -695 7213 5525 2295 -5848 8084 8091 9232 -337 432 8534 -3637 6102 -2514 2269 3547 1503 -606 -8297 -8102
-3063 -6317 -2151 -7538 3454 -2012 8922 -2174 -808 1851 -1623 1211 6589 -2015 -4728 -9921 -5863 -9488 -6714 475 7831 -2619 -9647 2406 8752 -2561 4380 -6550 -1738 951 -4940 -2625 5104 -3380 3611 3058 -2051 -1430 747 -4296 7205 -5406 2515 -1588 -8334 -9023 9963 -5726 1707 -9266
-9425 3248 -7530 -1413 7016 6905 -1807 7703 -4452 -4684 -594 7790 47 -607 4958 -7746 -4422 6413 4052 -3791 6924 -6708 9958 2263 -7831 -2679 -1100 -909 4654 1597 -6979 2139 8081 9792 -8697 -813 929 -351 194 3988 -3971 -5980 -6966 -4756 -2466 9359 -7184 5094 1866 5266
-6913 -1286 3166 -9122 3883 -4966 8946 708 3670 2266 -1378 -3038 3359 -1978 921 -4890 -1444 -9507 2523 647 5225 9382 -9740 -4855 -9526 -1863 -2966 5345 -8886 4720 -9606 5361 -8938 -795 -8799 -3795 1252 -4140 -855 -1052 8445 2997 789 -4705 -4447 -3503 4265 -5246 -7803 -4263
9316 -3777 -1828 2703 476 2108 -4402 -4441 393 1414 1857 2304 7691 8826 7583 -4511 2305 -3206 2418 -6791 467 9934 -6975 -7694 -5465 7639 7460 586 -9122 -3948 -5119 5466 -750 9341 -8548 1918 212 -6619 -8571 8042 2749 1261 -8736 -1606 -9783 -1405 1153 -6545 -5780 -2380
-1347 -9081 -5544 -4426 1662 -9029 1598 3727 -460 -5180 -7347 2165 5423 -8187 -8809 6091 -7544 3075 -3205 4724 -9856 760 1650 4966 -5778 -3843 5932 763 4335 1857 2166 -5491 -3929 -5250 -4693 6288 4057 -8827 6226 1241 666 6692 4412 216 8827 -42 -163 6396 2896 9678
3486 -5303 -8001 -9845 5094 8993 8394 5542 2569 -2643 -8201 9023 3561 3101 -6900 1456 1210 -2593 -3792 6990 2775 -2069 -6139 -4306 -2173 -7573 1827 -3336 -5102 9007 6764 5008 7008 9157 -831 1696 7467 6190 -5605 -2383 -1439 1942 -7440 -8540 8443 -2153 610 -4709 -6471 2332
2420 -881 6588 -7252 -6865 -7430 -6102 1788 -72 1219 -1993 756 7693 -7032 -8873 -7933 856 8025 4000 3022 -53 -895 -4508 -1634 3123 8982 3375 439 4565 1168 -5469 8113 -2340 7633 8321 8677 -906 -5249 8056 -9566 -57 -461 -6660 3163 3378 -7334 9499 5199 -366 -5232
9078 -6800 7993 6757 -9058 6617 -2706 5312 9602 -2136 -9116 2306 5115 -6160 2336 -4608 7782 -4616 -2712 7170 9042 8458 4662 6981 -4704 8597 9595 -1115 -1221 -2604 4640 566 7931 -6756 2065 9265 5984 -5402 -8957 -4407 -3686 -5035 8231 -7049 401 -3546 -7576 -1708 1164 -9725
-5883 -2377 5380 -5168 383 -316 -1948 3041 1273 -7189 7223 -8178 -1503 -4890 -2177 -203 -6830 4099 8103 117 4868 5692 4106 8848 567 -2407 -5471 -2030 6845 759 1042 2277 7633 -278 5311 17 2869 -848 6760 -8863 2490 3526 2610 -6339 -5162 8220 -9815 -6372 9390 -555
9077 9275 -5976 6048 -190 -1367 -7323 -9003 8086 1452 -2541 -7201 -5304 1391 -3260 -2826 -690 -9707 -5847 -883 9428 -2048 2640 -1709 565 -7887 -8976 8653 -5229 -5343 8771 -8778 -6188 5002 6968 -7666 418 -4001 -1619 6613 2389 804 -6219 -88 -9295 3643 2747 -1124 2525 -1792
2197 -805 3856 7730 -3034 -4171 656 -7236 -9924 8972 3652 -3580 -380 3599 -5867 5812 -1684 -4658 6887 77 -2959 8630 6140 4391 276 2094 6437 -5385 -6927 8196 4368 2975 -1183 -148 333 -9127 -8601 -2495 8835 9652 -8595 7273 9467 -1163 474 -7930 5395 -3833 -2045 1985
9772 3771 -1696 -2061 716 6739 -3497 578 -3772 -7658 -7478 9610 9995 -3577 8454 7602 9994 -1374 7883 1881 -4670 -2318 1967 3572 -5138 -1789 4460 8300 8434 -7575 -1890 -990 6705 5643 4564 298 3875 4923 1051 2677 -260 5117 -770 -2855 -5727 -300 4969 -4398 359 456
-5810 3913 6882 3266 -631 1501 585 1073 -8594 -388 7802 9168 -371 -6633 7862 7101 -4685 3117 -9763 7932 -8953 213 5707 -3266 -8482 1802 2571 698 -9144 9224 8101 -8740 -925 6559 -2270 -6912 1563 5541 5505 2711 -8284 6258 -4394 -7123 -4096 258 -876 8706 -8795 -1143
-6139 2839 -2372 1396 771 -9529 1447 3939 -9615 4242 4707 -8848 7971 2209 925 -5868 9555 -1289 -5355 9323 -7049 6784 9786 -8822 -8258 -800 4985 -2362 5922 7401 -12 -6919 -7148 1405 -90 5281 795 9411 9647 -371 5100 -5717 -4539 -6423 -9409 -6002 -1585 -9807 5535 812
-8984 -95 -449 9755 -5741 4609 -5827 4248 -1343 -8751 -5096 979 2306 -8301 -7781 -3469 7277 4541 -6435 4799 -8380 8584 8113 4593 -671 -4252 -4399 -6100 600 7192 6164 -6281 5809 -8722 89 1704 -7940 2065 -1612 6826 -625 7156 9646 3614 -8796 5065 -2181 -5256 2716 998
-7499 6733 7629 -6916 9661 8424 -447 -2719 -2382 -2105 -3749 5991 6545 -9345 -7270 7986 -1202 9095 6255 7720 -4813 4278 -3903 1686 3365 -5868 6218 604 -879 -9372 -8807 -7326 -180 -9869 5458 5622 8835 3914 5899 -8592 -5340 -5536 -1493 5021 7094 802 -9496 -3217 -5403 4776
-9711 7254 9942 -1500 5866 -4534 7500 1916 -7693 -1924 -5248 -9275 -7103 -8116 -4285 -9712 -9084 -5807 1104 1381 -4372 560 -2715 -5993 -6842 -2249 148 5070 6693 -9967 -3460 2444 -3714 9961 -6200 -9772 -4817 9813 1379 -5086 -2724 5187 -282 -340 -7235 -3273 -6006 917 -9338 4957
-1094 7531 -665 -5390 -2027 -9460 7491 -6491 8890 7413 2223 3562 -4221 -4946 1754 -1523 -8098 5687 8212 2482 714 4019 6127 7401 2892 6024 755 4619 2384 -1756 -668 -1410 -1508 -9915 9354 6234 -4410 -1074 1984 -2948 8424 -7781 293 4020 -8455 -5978 2007 -5699 2068 -524
1587 -1118 -7602 2042 -2942 -9188 838 -8933 2831 7596 -9609 -4117 3906 -8189 -9738 -2469 -5239 -2629 -154 -4050 -5249 3202 1934 -8672 -1496 4972 5008 -5621 -727 -3705 8158 -3644 -7934 8983 4986 -3331 -753 -326 2728 -8061 9480 -4027 -7491 1809 6269 863 5721 -1049 -5665 -7725
3162 3524 -8599 2455 -6221 37 -2807 -3666 1882 -3106 3324 2070 -33 9093 -22 -1887 -498 8446 6297 -6974 -1859 479 5869 3817 -2222 1183 -5820 2454 6847 -6824 2663 -8292 954 8249 -1425 -2291 2771 -7140 354 -967 3461 -8513 3285 3704 4972 -3465 -5306 7557 1546 8796
2693 605 -6838 5179 782 -1556 840 3279 2543 8532 -8590 -2881 3577 -3017 203 -7823 575 5140 -8386 -4397 -2809 -4121 -7743 -8306 8786 -673 9407 807 7626 -4569 8531 -7707 6678 145 961 -4770 9387 2686 -9539 -5521 4502 -2120 38 -388 439 -5901 2891 8232 5441 -5356
-1786 2609 -6300 -9530 -810 -9797 3316 5889 -618 -7711 6135 3420 8860 -6590 -1370 -9836 68 2707 7701 -3494 8126 -646 -8914 -8787 2197 -2433 6130 2862 8460 4611 -4568 8138 7001 6191 7804 -1673 8965 -2219 5049 8646 5038 -2690 -4672 -5453 165 -8770 -739 5837 7456 4366
3658 9420 25 3309 -3842 -8787 -1389 -5721 -4377 3438 1662 -177 8419 -2302 5521 407 5144 1415 -5521 5651 -7475 -1858 -9946 -3407 7925 -2860 5390 -5656 672 5156 -4500 -3203 -508 -2289 -580 -4550 -6502 -5994 -8621 7803 828 8012 1935 2833 2 3048 6913 -5210 8064 -8771
4012 3789 -8769 -7588 1774 -2838 4198 9753 -3864 7809 -7905 -8418 1728 1827 -8955 -7540 -7680 -6257 7726 -2359 -2981 5383 1979 -8889 1265 -5794 -7013 -1961 -4361 -3095 -7156 4605 6056 2250 -2420 -1516 5034 -8647 -947 -1092 6834 -2172 23 -8166 -4981 -6461 -2245 4229 -3900 6703
4731 -4523 2710 6013 3479 -9220 -3555 1431 7997 -7008 -202 1245 -6629 -8933 6884 4729 -6603 -7403 1695 1042 9245 8222 -860 -3770 -9297 -5024 321 9713 -8316 -7796 2664 543 -5580 -4436 9662 -9166 -9055 5772 -1861 8493 -649 4237 7619 -463 2610 2619 -880 1306 -4806 3696
-3500 -456 -1011 -6102 4423 -2313 6079 6000 6358 -7807 -415 -4530 9317 3281 257 -8740 -9311 -2393 -1587 -4468 88 6582 7977 -4385 -1716 2394 -3771 -2912 509 5677 -5205 -9691 -6881 2632 7318 1613 6849 2827 -4337 7255 -851 584 -9246 5406 1745 -2341 4058 2154 3513 2398
-339 -2073 -219 -7217 -446 3498 -141 -7840 -9009 3443 5690 3458 -1288 -8300 4654 -6930 2852 -4177 6620 -5023 9959 3028 7945 -7035 -826 6712 2526 -460 -4200 5783 -506 -9501 8192 1741 -1694 7230 6598 -9546 767 8448 2530 8692 8887 1114 -8464 -8819 4948 1863 1455 7908
3063 3925 6914 9479 -5399 -7000 -7554 3888 7852 7829 -4282 -9881 9380 7639 1641 5775 2033 8141 -8595 1345 6777 -2250 2160 -5060 1716 -3188 5756 6929 3346 -5094 2278 533 1891 -9246 1089 3616 7357 6703 982 8759 -4761 -7184 -8752 18 -8374 -9899 -798 7327 -2372 9551
-4980 -6861 7739 9199 411 -7026 4946 -1680 3036 -1925 -7976 9599 1929 -628 -5198 -3241 6452 -1600 -8811 8753 742 -1228 2215 -5949 8442 9217 2112 7449 463 -397 -3000 7443 6218 4912 -9605 1789 2337 -990 -192 -3903 4865 6719 -1654 274 -9561 -3154 8698 8390 3356 4901
3905 2140 -1155 8655 -4485 9629 7801 -5815 -531 -610 -7981 -3674 588 -9721 5315 697 -1943 9974 -452 8664 -2686 -9087 8345 -3376 -813 -5632 9012 -4990 -1718 -9717 -4072 -2449 -3168 -1171 1852 944 531 2879 -7659 7298 -1021 1620 9847 3925 7120 -6834 9969 -8568 3474 9017
