60 60
2579 6448 -4044 -4546 5270 -2039 -7196 -5031 -4972 8328 2739 -1399 -6184 8484 -7975 -371 4385 9920 -161 3971 5235 -7540 -9056 2497 -1709 -4302 -2037 3916 -1491 8189 -997 567 -2926 -1591 5035 -6744 5512 4772 -2771 -9753 5745 4512 3855 6762 -9196 9164 3318 -6813 -1154 -8254 6800 -7561 1358 1260 -3723 -2712 2831 -7109 90 -9721
-9274 6681 -465 -959 7621 4956 7274 -1295 861 -7255 2050 1926 -8785 1270 8012 9984 3461 1499 -6109 9490 944 7770 -255 -1922 -477 -9563 -6031 2586 -558 9963 5183 -3848 -7397 -3707 1444 9073 873 6559 -5993 -6361 3959 -6016 -1466 7292 2398 -7179 73 6089 8481 8880 -1341 -8241 1689 -3908 -3950 8941 -3425 2704 5067 3285
-6921 7935 -7604 5050 -8019 -3619 2656 -2941 3273 -4497 5576 325 -3829 6736 -8298 -749 -4039 -2734 215 4787 -1842 8316 5925 -9291 -3871 8493 462 -6890 -7417 -9018 6303 -667 2032 8641 1258 -5693 -9687 1618 3668 9747 -1797 -1552 -1256 4115 -343 8710 6210 8040 -2012 3744 -6068 -1104 5816 -3197 4853 -2478 -962 1428 5981 -425
3286 -5996 4363 -8667 -5155 -7154 3663 1763 94 -6518 -7664 7524 9806 -8590 7415 580 -2526 4850 8018 4061 1006 703 -7810 4751 7985 3301 -9502 -9564 3440 -4537 4781 5051 2710 7507 -1951 7606 -9171 -1088 -8725 -5628 -7786 -6289 -6981 -687 1506 91 -9287 6182 -8552 -7221 -7387 -7325 2091 4957 -304 3521 -7855 -9251 398 388
-2011 6028 -5822 959 -2059 1041 -6460 -8650 7807 2749 -3964 -3270 -4922 9746 -7570 7268 259 2453 1256 1003 -9143 -8734 8828 -7191 9957 -1465 2031 1588 -8545 823 1687 8407 -9922 2190 -8910 8117 3012 2164 593 -7657 9479 -8056 3282 -9827 5582 -2090 -6231 1684 7504 158 -8552 1507 -2474 8685 1541 -4939 -5676 -8803 6782 -6746
1255 1410 8360 6227 5110 -1230 4703 -6717 9170 -6671 -6206 -5794 7915 -1010 -6969 1282 9158 -4904 -4452 -4733 2138 6837 -5561 5004 -7570 -2754 -2806 9929 -1166 -7468 -5804 8706 -4642 5251 4562 2842 -3589 -9436 -8544 -2264 -4979 -127 -1540 -6150 5996 4761 -8928 -7235 -6963 3388 6266 -8065 -2832 9738 282 3496 -4302 -7470 6288 3441
3037 6035 8428 -2492 -2673 1274 819 8091 529 2248 -3857 6645 -1273 -22 5682 -2660 2985 4383 3911 -9206 6692 1894 -3159 -2480 5713 -2494 -1564 -4294 1694 8511 -2034 -7604 -440 2232 3131 2281 -8468 3719 -2973 -8198 -7481 -1491 7682 -900 -2499 -227 9640 8411 1762 7491 -8591 -4028 1353 86 1933 9624 -7760 2351 -173 -3862
5154 7943 6476 8161 -4447 -4635 -6475 1400 -8763 8747 -7088 3004 4077 -2603 -6212 -9685 2258 -5462 2502 1806 8823 -6390 -487 -5988 -1410 9549 -5772 299 6794 175 4959 -2281 938 -5910 -4126 7240 2515 -3740 -9707 -4025 -3911 597 -1770 4268 -1870 -4643 2022 8505 2228 2367 -9740 1466 7049 -1463 735 1918 -5408 1018 -2546 -6152
2561 3213 6689 -8781 -4455 1706 1417 -6122 5714 -8124 -9387 7948 3414 5429 -4781 -9062 3259 -3048 -5768 9247 -8779 -127 -3211 5793 -2935 5013 5159 7802 -5506 7773 -9905 751 5652 -7866 6979 -676 -1960 3781 -8396 6934 3198 2746 3995 7346 7626 251 -264 -6378 7028 -6876 -27 5719 3590 -8149 1154 -642 -9361 -195 -9359 -1545
3016 551 -2952 5744 275 5845 -1062 -4430 6093 1430 -5959 -5420 -1575 1719 5628 -2777 3283 -8456 -5979 6057 -8345 1565 -8221 -7041 7493 8385 -8193 7181 -5591 -1006 6392 6362 98 934 -4871 -9164 9790 -6318 -3321 -2889 5879 2029 9690 6476 -2763 1 -7229 -1187 -3503 7050 -6070 -4322 -5995 6174 160 -1486 -7705 1939 4265 8498
4506 8904 161 4621 833 -1356 7999 -8194 -1174 -997 1756 -9751 6724 3179 7718 5847 -7836 8938 3662 -368 -5024 -9427 -5530 -6549 -2376 6140 2036 6477 -5057 -1836 6761 5762 2601 7888 -5418 -2307 4612 -632 -5519 -8098 2250 3514 5215 7863 -4886 -5022 90 5659 -1481 6257 7871 -4494 8197 5363 1270 3426 6275 -3288 -3655 -4750
-3997 3643 8385 -4828 -2756 1110 1604 7322 2747 -9499 -2535 3293 -2762 3886 1699 921 -3005 6856 -3238 7194 -2002 534 -1953 1359 -2526 5480 8282 -330 5625 -291 -8443 -6497 5357 7616 -3761 -6864 1467 8106 702 -116 167 -4004 -6695 4577 6071 2976 -8359 1774 -103 -4361 -7210 2580 9624 6730 -1619 -674 -1132 9556 7942 3484
3675 8972 -6207 4455 6354 -4859 8361 -4958 -1615 -4797 -9384 5825 8182 -4882 5872 -6368 3615 -800 7659 4116 8822 6831 -2903 -7559 -9881 1724 -6197 -231 7982 982 -3547 -2728 -8362 -2004 371 3279 -7819 93 1274 3047 2463 7950 -7938 431 8954 -8184 -480 6698 -8756 -2687 -3983 3565 953 9948 -363 4261 231 -7708 6935 -1439
3428 -6767 -3704 7054 -5701 1209 6279 4009 1432 -9957 6275 1450 -4123 -717 7500 9072 -3794 -9107 5626 -9981 8469 4188 2564 1049 -3600 -7471 -6025 3965 -8978 -6026 394 7625 9742 -301 6173 -6303 3629 -2029 -4588 -5765 3561 6403 6916 -4103 8627 2634 -8359 -7731 -4863 -2005 1723 -4251 3347 -3399 7785 9414 -1323 616 -7166 6031
808 -1638 -5053 -197 7277 1362 7867 9465 5392 751 5105 -2356 -8655 3303 6974 1326 -3320 9622 -1650 6008 703 2077 -3876 -6691 -365 -336 -7646 5126 -1227 3144 -220 -1740 -9563 -1425 240 2483 -9999 -573 3776 3615 1696 -8352 1254 2901 -4777 8146 -2767 -2592 -233 5680 7662 2655 -1780 5371 -5270 2565 -115 3095 995 -8264
7871 -3501 -9697 451 7162 -4810 4435 -8660 1030 -7710 -5278 -7742 -3020 1118 -8380 -5672 -9143 -2035 2537 5452 9478 -9496 -297 41 -1101 2623 -5472 -6289 -2341 -4461 1369 -2524 8359 -985 2032 -676 4677 -8674 -4199 -3751 2642 3398 5668 -4456 -68 1723 7137 -8093 2585 -9690 -908 -3842 -319 5071 7077 4149 6363 -2650 435 -8664
2099 2529 -2078 -3523 7252 -5740 38 -7311 -6797 -5207 -779 236 9649 180 -787 -7211 -1625 -4758 -7335 5669 2320 7751 582 8082 -2869 1091 -1905 -115 -8877 -7883 2493 -1337 1902 -7315 -9428 -4955 -1653 2596 -1845 6100 -4592 -8523 -3503 -371 -1557 5912 6697 1385 -7322 2896 2398 287 6411 939 3417 -7645 6391 1558 5069 -3923
8034 5442 -2064 -7876 -9573 -2452 -9499 -9670 -3354 1699 3035 9172 -2752 813 5315 -1101 1485 -3138 9240 434 -8711 7959 7668 2987 2074 7589 -420 -7314 3765 2391 -7706 5174 -7917 4992 7019 -7162 2088 -2418 -3057 -8596 7763 -2344 1738 7806 2349 8957 1080 5752 -6169 -2483 -8944 9732 -8192 -2621 3803 -8425 141 -725 7911 6561
4255 3127 7334 -2619 -683 883 7774 2762 2807 847 -1720 -7347 8368 2979 -770 -1363 8069 -2380 -6509 5734 5962 3722 9951 -2737 -7318 -5937 610 -2106 -7829 -8683 6899 -2939 5206 -6916 627 -1394 -4878 -5549 -6666 -3555 -5939 -4987 -719 -9621 578 -133 3793 -1121 -8218 729 930 8839 367 -7479 -23 -9288 -8488 -6116 4281 8685
3200 -6184 -6470 -3150 1417 3296 -7873 4716 8197 -3342 -6878 3112 -2075 -8468 -4439 5497 -648 6717 -857 3674 7483 660 2823 4777 -9736 -3530 535 8378 7718 -2212 1856 -3666 -705 -9867 -2098 7516 7464 -2651 7438 -4951 9184 -6692 -746 -3078 -959 -8540 -878 4207 -6754 -4795 2857 -3069 9704 -1821 -1517 -8574 805 5268 -9247 2613
2944 -6899 2296 -7241 6709 -4452 -1175 9972 8147 7283 -9612 853 -9999 9953 4222 -4255 416 -6066 1654 3064 -2385 47 -2610 -1434 -9570 6405 -2723 7173 6694 9699 303 8219 -2951 -4768 5408 2147 2894 1043 3635 -839 811 346 8298 -4789 -1955 2788 6874 1058 188 8294 1998 1298 2947 -6233 1010 1746 -2615 5754 -8537 1134
-4140 217 -4232 -2267 137 -5723 -1848 271 90 -7129 6872 9587 -7487 8607 -3784 -2744 -9979 -2317 -4655 -8751 -869 1625 6294 6223 4698 -1802 -875 1667 -9065 -7598 1904 1866 -6262 -6598 -9641 -9286 3288 -1589 -4193 8189 5515 -6581 -3589 1002 -8287 5218 7207 -7085 2615 -8204 7132 -4519 3899 -537 -2543 7071 -5814 -6049 -3100 9712
7224 -513 454 -2696 -7029 -2232 4290 -3578 -4804 573 5865 -2253 7233 1351 8410 4555 -2475 2483 -8854 6564 7559 -4802 258 9160 8172 5896 -2360 3920 9781 -1886 7734 -2470 1778 2225 -4365 5032 2327 1361 -5091 -4137 9003 8963 -9442 -736 -5226 8079 4040 7799 164 -3555 -2629 -781 -7820 7310 -3599 1556 -5130 7717 977 468
-9241 -1378 1207 -3990 1033 -4080 8500 -9434 6126 -7376 -7037 -3570 2751 2199 -5580 1061 7560 -1486 -5101 4668 617 5201 3284 -8488 3861 -4544 -3109 2506 -8132 -9633 -2778 -2330 5985 4668 801 -3633 5212 -3805 5804 2847 -1545 -2822 1503 8101 -367 -9338 6853 -1500 -1450 2675 -9835 -1020 -6714 -573 -259 -2054 1458 4473 -1123 -9195
-1386 -6123 -5764 -434 -2653 3820 -179 -9910 9851 9976 -8371 3062 2552 8321 1785 -7571 -1483 -8587 9455 -1173 4961 1902 -7330 -8022 4951 1975 8307 -7462 -8307 -8679 825 -9654 -1020 -819 1550 -7629 5501 1746 -2158 -4949 -2407 -322 -1915 -4255 -7804 883 -6492 -971 420 6234 425 1121 5307 -4735 -3056 -5995 -8209 9792 -1331 9848
2953 -6828 1784 2763 8475 969 8136 -377 -9938 -510 -4864 31 1183 6186 -1299 9754 8500 6667 6150 8141 -6809 -487 -5955 5999 3322 -4199 -1639 1642 5751 3559 6851 2428 -7555 6039 2719 -4858 -7110 205 -4370 -8760 -2219 -257 -3883 -4515 -3635 -2528 6700 8199 -528 -9913 2137 8073 -9434 403 -3085 1311 6221 -1397 -8550 2514
-7689 9196 -1540 -7571 3425 -8745 3198 -4819 -3901 5776 1021 -9242 7752 5818 -7342 6913 8067 692 2980 -2919 7856 -6782 2212 -7840 3463 8653 -776 -4481 4837 1049 -5645 -8086 3287 703 149 4028 -5492 6529 6405 6215 -9441 1313 9703 -1901 -2794 -7338 -826 -9353 1935 -1175 -5853 -8089 -3604 1513 520 6433 -7681 7061 -8835 -1014
-848 4259 -1164 -5907 -5426 -6769 2118 6935 2298 -1823 -4677 7925 7936 8528 8419 -3203 2752 -4111 -2461 -348 776 7015 7414 -4270 -4509 -3034 2051 6460 7255 -1067 -7918 2797 624 8516 4196 -2683 -601 4161 -9431 -6741 -8773 1747 3964 749 -5516 -6590 8782 5995 -3882 4587 -5065 -4792 -4813 1478 608 5636 -3690 -5585 -3719 -4145
-8201 2496 602 -3638 -3076 -7691 -212 5965 1692 -6031 1529 1348 -6228 -5965 -3836 -1872 6388 9978 6025 3973 1592 2525 2301 -5663 2350 -3140 -7529 9981 -7884 2559 -516 9329 8455 1251 -3077 -2657 7340 9272 6604 5225 -7964 1916 -394 -6742 4056 8830 7477 -6556 -1145 -2323 -4533 7218 -9370 6373 1450 -625 8076 9727 -3891 -4248
-209 -3731 -9352 -1003 -1266 1924 -2385 8127 2329 1596 -6077 8015 -2295 4966 5468 2522 9103 2773 9989 1987 -3993 8108 -2305 2192 5393 2660 -8942 5420 294 -9817 -1789 -6229 1867 9725 -2453 9007 4568 7187 4718 4703 1642 2149 -486 -1040 8415 -1951 -1503 7441 7995 -9378 1790 -3429 -1062 -3730 -958 1745 8684 -9832 2059 -2178
9228 1137 9704 -2869 1513 -317 -9498 -9565 7147 6097 9882 657 9727 4805 -5303 -1851 1971 1558 5169 3866 -7579 6614 7983 8064 -9328 3671 8490 2341 -6347 1651 0 -9410 -414 -2263 4195 1959 5883 -8900 -2711 2518 -1403 -6861 -1303 -645 184 -4283 -5152 7152 9460 556 -3988 -548 -7248 3295 1752 3926 -3845 -1562 6519 1290
2943 9333 -4510 -2012 -1308 6460 -3741 -7675 -2562 -2480 -6236 -9624 8886 -5767 1556 -172 -4694 -4456 -5505 -31 3760 -9328 -1863 -4322 -8313 -4623 -2666 2662 7127 -7419 -276 5058 -8342 3868 4787 2961 215 -6767 441 3345 -1052 -1683 -7834 -725 -9230 -1023 1297 3893 9624 42 8219 1657 1369 -177 3546 9473 -2933 -2181 9444 -7840
-6997 9339 6914 -9260 1570 -6474 8113 -7152 -1822 -6448 7236 -378 1708 -1821 4416 9277 3986 1686 -5870 -2848 -3886 -7683 8765 -5117 702 -6258 -8478 2835 -5191 8402 8886 1108 431 7336 -8895 -2056 -8035 3678 919 5865 -9969 1311 -6224 -6564 -6799 748 8206 7886 8323 427 -5932 -8925 3848 -6562 1767 4347 2720 4336 1410 3159
7244 -405 6944 499 -789 5044 -605 -1831 1223 -1160 -486 5692 6577 -9085 -5883 1618 -1142 -5474 6116 5546 8255 -9070 -1290 7629 1191 6088 -9930 -9667 301 333 -6246 -5581 -406 -7853 -5955 3196 -2280 -6943 -43 -2279 -9312 8217 476 -681 2717 3880 -2776 -3329 7010 2158 -5907 -2096 -8952 -3055 904 6383 9514 -8211 -7877 7782
-5479 -3784 506 -549 -4068 2333 1870 4463 -5495 -6663 1593 -714 -8557 4991 -939 -193 3077 -7890 8148 -3106 4754 -7809 -8954 -993 -9197 -4207 9047 691 3265 4037 1080 6243 -8365 5073 -3630 8736 2310 -1810 -1489 1485 -178 1454 -4952 -6368 1598 6316 -5538 -9971 -1497 -5227 1329 7046 -1110 -5817 3017 -379 1390 2429 4677 -5209
6044 -6589 -4163 -4522 -5456 6504 7603 -589 60 -5102 -3532 -2292 -4154 -4947 -39 -9319 -7459 5104 4322 7679 -7129 -849 -5262 3788 6431 -5960 2241 3712 9852 -2313 4836 -8210 -9532 1436 -9830 7403 2398 -8462 9096 -8476 -3095 176 7567 8534 7165 -1622 -2086 -6033 8781 649 -953 9062 -1046 3334 4811 3893 220 -6093 4384 831
1446 6531 8484 4349 4560 -8832 9938 4359 5689 -482 -5629 3918 9110 3080 9547 -3779 9805 647 -2709 9357 -1819 -3097 5481 -3479 -3471 5945 5688 -7071 5597 -1528 -824 -729 -7724 -4140 -9891 -1898 -1112 7115 2726 -5709 -5440 -1252 -1107 -6513 3881 -4550 6271 6905 6281 -967 -7141 219 4749 -47 -1569 4978 -9940 -1722 -7222 -5580
6530 7354 2088 -476 -3854 -3346 8019 -9977 4484 9308 50 -5389 916 2004 -5817 2247 -7872 635 -9228 1482 -9954 1749 2533 1468 -3828 -8875 -6497 2919 7910 -3930 -5124 1899 6140 -8882 -2321 -4602 -8621 440 -9907 2395 4661 -980 151 -952 -7763 1427 895 -6255 -6860 2070 -5216 9157 -5031 -7473 1349 2334 1695 1646 -6698 -3047
-5684 -1144 -4258 8284 -1161 3968 3746 7410 4423 -3627 1747 1039 2474 -2385 -9347 -4636 9711 -3520 3861 -4522 -3004 4903 189 730 7639 -9004 7973 131 4606 1271 2219 -3024 718 5556 4800 4448 -4715 -5156 3274 7892 -2815 -1964 -3347 1413 -9603 -4629 1416 -1227 -9639 9739 1387 -9415 384 4335 -3714 7849 -9221 -9125 -406 1323
-737 -9814 6724 -8596 -8548 4046 4383 -8182 -770 -3071 -8668 8657 -3426 8124 900 -941 9648 2431 2678 -4660 6812 1317 -994 4149 3928 4716 -1743 -1315 -366 -3164 -3030 8756 3576 7419 -7493 9123 -9398 1575 -3182 3662 7980 -4720 1301 5928 -7809 6698 -1445 -7896 9826 2432 1371 -792 -4108 -4172 -6585 6631 9413 -1248 6613 -2775
3588 -6673 8312 6128 8532 8918 -8191 8651 -1573 -9485 6061 -1448 4779 6263 -1703 9545 -1133 7591 -3942 1396 8199 9350 -9353 -789 -8025 -610 5681 -2842 1766 -2747 1507 -5797 6710 -4980 -633 -6286 -4628 -4456 -1633 3774 9760 -9970 8732 5717 -9822 -1940 8481 8500 9413 2625 2664 -5252 1986 1523 2095 7741 1442 -1014 2184 -2384
2299 -1643 8761 2030 3940 -870 7994 -2926 -4504 -6096 1483 5771 -5031 9910 -524 7027 7077 -7912 -4931 2634 7818 10 6569 -8581 2016 1974 -4221 5583 -856 2153 6384 -4008 3173 -5058 -1559 6737 -1406 -2438 -2012 -8897 4417 -3982 2253 9538 -2075 1495 -7148 -9556 9665 -1185 2429 8170 5130 6033 2699 2425 -2738 6272 1204 4636
-1913 2713 -9416 82 8466 -5423 -2238 -9869 -549 9700 686 -7893 -9773 -2947 3144 -8052 -9195 8839 -700 1096 -4321 -7921 -5968 -7716 6519 6135 -14 8670 4985 4671 2130 -8834 8343 -6696 -8800 6590 7572 -4322 6748 9461 4728 3521 -8401 -2764 -9598 -3134 1435 6208 -3847 -6901 -9660 1357 -1397 -9592 -9691 -7496 8000 9370 -2784 8359
-5972 1045 8009 -1267 5793 2789 -1209 -5901 -4570 -6955 -1891 4390 -3687 -3915 7619 -9974 3764 -6607 790 -2518 7103 -4257 3357 -5365 -397 5124 4126 119 4741 -3948 2739 -609 3764 -7346 7929 3102 760 4993 6929 6766 -8853 -2139 -6387 -994 -2483 1748 2726 -9601 -4061 -6278 -4025 6342 883 -1404 -4734 -7295 -4442 -1527 -649 -9040
8295 -8924 -1382 -6462 8343 -212 128 196 8890 -9227 4330 1553 4499 7841 2570 -8152 3626 7036 -1721 -5343 -3131 -1443 9269 1728 -9028 -9685 1423 -476 4730 9424 -7021 -9635 8293 -6971 -441 572 7775 1597 -3696 948 1145 -5026 -3700 -3479 -3670 2877 858 -6664 4942 -7873 6221 2815 7229 7783 2105 5269 689 -1292 -832 9082
-9919 8592 4617 5360 -6287 9911 6956 -8446 9275 -8139 -6872 -3981 5940 -5545 -1709 446 -7677 2448 3586 947 3406 -1509 4224 2945 1763 -4593 -661 1012 2474 -337 -3362 8139 -1209 -2421 3965 -8824 -7445 418 -4352 -4737 908 -4561 -1512 -7698 9772 7549 -343 -2904 8681 904 -6706 9031 -2379 -7111 -7348 1349 -2989 2017 -7753 5550
-9072 -1781 -9188 -7358 -7254 -7921 -6442 6249 5016 -3083 5204 7719 -2656 1964 5857 -5184 2751 6960 1809 1524 -5225 -679 -2555 -5334 -3300 3623 -3592 8956 6316 -4888 7046 161 -6018 -9734 -406 -4531 9256 -8483 2574 -246 -9703 7811 -2936 -2046 9817 -7838 8993 377 -4143 -545 8091 3987 7772 3356 -1548 655 2297 214 -7340 1381
767 -6117 -8587 4207 -768 6390 -2729 -6603 -334 3883 971 9804 -4754 -9192 -7357 3225 -2374 6053 -9162 6364 -6827 6992 5862 963 -9333 4136 -8789 -3875 -3578 1362 1057 9552 -3446 2232 -3272 1735 4394 5861 8251 8597 9992 4746 -2160 -9228 8105 9900 -4657 -8677 -8392 -8564 5452 -7081 -68 -7533 -2641 -2902 -7601 4602 -230 -1329
503 701 9126 9086 1682 -1681 3917 9337 1584 337 -2686 -7457 -5815 -847 286 279 -8541 -8990 1878 -3908 7853 2008 8869 80 3976 -857 -9564 -7708 -1122 -7186 2672 -1897 7281 2711 -2315 3678 9810 -993 -4187 -8294 643 6700 8129 3743 -74 5578 340 5564 -5692 1903 7980 -3572 6055 -1107 -5735 -4834 5049 -6499 9687 8595
4823 -6240 -2065 -6379 7271 -3790 -6704 -6176 -2390 5846 1361 732 9026 9909 -293 -1632 3121 5947 -9233 -8540 1112 -461 -1 -5944 2981 9732 -9825 1662 -1702 -4843 4146 7933 16 -6964 748 -6423 -4681 1188 -3062 -276 -2062 5538 -1871 -5165 5037 5772 -8504 -1682 -8924 -5347 -1960 1813 2737 -7338 -1367 -5677 -6695 9835 -4691 -1732
4896 -5425 3230 4473 -8861 8175 -1902 -5598 2871 -3000 5772 -6058 2314 2981 -229 -953 -6133 7554 -8476 8071 -3371 -785 -9894 -1609 -1045 1589 -4653 8277 -4414 -8056 4109 5364 -277 4166 -8074 -583 -9903 5072 -632 -5551 6050 2010 -66 -2755 -1323 -7469 -8404 9374 617 1062 -5072 -8591 431 -8421 -3565 535 6742 -4190 3283 -8398
6969 -1884 7168 -2031 4343 -7833 -8966 -2247 -837 -2007 -7355 -4314 7577 9082 4792 -446 -5344 -7452 907 2558 -5945 -6792 -1237 -7416 5991 5263 -7116 2048 5843 -8662 7065 4315 -8808 -6886 -9339 -2052 -2741 -9578 -9811 1834 7439 -1413 -4406 -6304 1660 8697 -3487 -59 -9785 6689 1402 9016 421 -3320 -9065 7876 4020 1936 -5539 1522
-3516 3212 -2192 -681 -3531 6086 2478 6595 1968 -1706 8128 -8095 7405 -2104 -7738 2319 4428 -7254 -4997 -9979 -903 -3628 -9937 -8108 5966 8375 -4270 4146 -4868 -8214 -2978 -5183 5778 6896 5703 -3002 2819 588 -4826 -8748 -2134 1831 5053 -630 -9280 4818 6917 -4009 -7319 9233 7325 -1133 -1336 4798 -177 -1115 9186 -3299 -8947 1250
-809 7491 -7194 -102 -564 2386 6558 -8700 271 5113 -5470 -2448 -2505 -5027 -3642 5423 7991 5602 -7897 2174 927 8267 -2084 9137 110 5877 -2169 164 2003 -286 -8809 -1669 9426 6775 2330 807 3890 4275 -1798 -3282 335 764 -5418 782 3192 1677 -7800 -379 2082 2425 245 -1228 -7764 4371 -7275 2151 9865 8931 2345 -999
2721 6216 3182 -7658 -223 -2224 3378 1603 -924 -5234 4845 -1401 -6611 7797 3758 4918 -8996 -8550 -2277 8713 -3713 -6870 -2681 -9205 2884 5641 7283 8559 9623 -1336 5217 -8516 8794 -6047 -548 6161 785 -8080 7251 1481 451 7087 -1045 1331 -780 -4548 -5962 7944 -4491 -4332 979 -25 9733 -1368 9238 -7752 8801 -2093 4571 2058
4794 690 7218 1228 1296 -8357 234 7738 -6151 -502 -1707 -281 -7638 9738 8286 -7726 6441 1274 -6655 3797 1711 -5793 4194 -8604 -6765 7506 -1403 -437 570 -7359 6292 2727 8865 4371 8395 8493 2146 873 -7953 9334 1137 3731 -5356 -9763 -8501 7780 1910 6093 -8042 9078 -8540 2796 3535 -3317 5824 -1280 8889 -3249 8744 -8908
7935 5920 4908 4262 12 7210 2412 1593 -2416 2171 -8567 -5972 -5247 3925 8725 -4232 8208 -6652 2575 -1085 -6415 -2680 -9009 1645 -3692 -1974 3391 6807 -8266 7415 -1677 3966 1488 -1407 7573 2280 1723 9351 6549 -2656 -2331 -5516 -2254 4596 1601 -862 5959 -8215 5544 2642 2856 -976 8777 -3184 -7999 665 596 9382 798 4785
6206 -5203 -8075 7258 -8206 -1068 9518 476 2175 2859 7 -7424 4657 3947 -3878 -2998 4168 2397 2048 -6016 5675 -1190 6177 -420 3191 847 2901 3790 7977 -7844 8333 -6732 -7639 8197 -8352 6816 1448 8536 2360 -8930 -7623 -644 4529 -795 -6852 728 -1917 891 8835 1074 -3906 -9395 -4619 6889 2346 -7692 6873 -6772 -9187 -1342
8714 512 4365 -2250 -1108 -1597 -4846 -2593 -2654 1057 6865 -4106 -7939 2005 -2083 -8512 -2756 -1667 165 3297 2339 -286 -6524 -5425 -312 9642 324 -4677 -655 -5679 5945 -24 9304 -6922 4716 -90 8774 4220 741 -7083 5185 2265 -9115 -6084 -7684 -2619 -7181 -5471 1519 7261 -2636 -4394 2262 -4272 -1279 -3097 -6000 -1273 1614 2417
-1754 1440 -1415 -7389 5393 -7459 -7757 2620 1947 6801 1139 7472 8783 -3872 -2645 -4097 -3961 1783 3488 185 9751 3316 3125 7510 -8110 -9192 1466 5019 2389 9990 -712 -30 8232 -1544 -7454 139 -3479 -4426 -1005 3056 8325 -2620 -6458 -1792 -1274 -5044 -6303 -5456 -8561 2410 -3819 -2013 6603 -3099 -2877 6819 -3002 2054 5693 7415
