70 70
2726 9314 -9123 8559 -7308 7094 2301 1364 -6441 -8207 -3901 -6535 -3683 5182 9033 -4457 9633 -263 8090 -9393 -4127 -3795 -9070 2235 -5915 -2415 -1222 -7347 -3674 6251 -4488 -126 -4948 -7452 5805 -2657 -9811 -2810 -2276 -2231 -776 -1106 -1198 1808 -2950 -7765 4816 6269 4453 -3160 9621 -3221 -9680 1618 9289 -211 -2376 8993 -3871 -8805 3247 8790 9227 9374 -5069 -6228 -568 -598 191 -2564
-1156 -5829 2130 6276 -6799 5707 -4669 1107 -3376 8875 -5477 -983 -8896 -6171 -7862 5176 -909 -7221 4288 -4178 -2920 -8985 5687 3063 -7671 538 -8259 8314 -6836 -1500 2046 -1077 8028 -6092 4233 -484 -8224 -2520 -6535 -4024 -3432 307 -528 4597 299 5555 4928 -148 1208 -2626 -9109 -5697 -4081 2064 -4117 1614 3963 -4303 533 -2767 4415 -9173 7058 4988 5595 3342 -9964 6882 -2146 9080
-7095 1714 -1784 -7749 -9353 -4016 9063 605 9054 -294 -1085 -7705 -5143 2126 9451 1369 5270 -9532 -3095 6047 2595 -7794 2267 -2737 -1595 6249 1252 -4283 -1356 -7774 -3316 -4138 8506 -5763 1616 -9234 9773 -106 -6803 1401 961 -6830 6121 -1818 9844 -1194 -1973 -5540 2267 2127 1979 -1992 7694 -2451 1895 5998 -4567 -1500 -468 6465 -5751 -3545 8406 62 -2082 -1370 801 9177 8766 -115
-1519 1640 1591 3516 -7214 -6246 -1518 4244 6511 7905 -1845 -7257 -8376 4748 997 -9410 -7795 -5310 2344 -2694 -2333 -9362 2415 -3730 2168 -5605 -2750 7351 -9753 -5610 -9691 7673 -4827 4169 4434 8801 4410 -3116 2084 -6236 -6009 -2641 -7123 7466 -893 -7771 1288 -496 -1471 4480 -6605 -934 2318 -7756 -6995 -4249 4042 365 1822 -1674 8042 -182 6756 -7262 -7496 5452 4897 -9212 1376 -8172
-8150 1282 -2564 7539 2069 3376 2826 6435 967 1147 -1884 -5397 -951 9244 -7815 1122 3220 -1871 8781 -328 8690 -5924 4388 9228 3321 5281 -8372 5570 2005 429 -5389 3542 -1637 -1575 -1887 -9543 -9804 1997 -2784 -1430 1587 7654 -1609 -6331 2596 5960 -1529 -7009 -3968 9746 288 -629 -4667 2532 -5589 8859 -6363 8978 -5458 986 5629 -4517 -5651 507 -3615 1226 -6074 9213 -9831 9488
-1293 -899 8314 990 -8534 -1940 6838 -8571 8082 4891 -1273 7412 6084 21 7448 3082 -367 2646 -3705 -9217 -367 -1780 -7561 1619 -6672 -8425 -6006 5195 -837 -7957 -2502 90 2499 8299 -7167 -7445 8004 -7727 3660 5412 180 9551 2478 8020 2839 5335 2809 -5543 -1057 2234 -5091 -479 -3868 -4416 -7673 -1031 2118 8578 -2650 -4826 8273 -9104 -1785 -2729 1393 -3468 -543 -2457 -673 -8349
-3895 9507 2447 461 -9616 -1107 8075 8091 -5678 8729 5307 8425 1114 -1931 4810 -8974 -7757 8433 7573 326 -8233 7847 -4093 4061 -3569 8879 -9352 8168 -2763 5084 -1887 4844 -1989 -9192 353 -7941 -29 -2592 -2927 -657 -136 5074 990 5634 8748 8053 1192 -1919 7686 -5889 1163 -4947 -1061 -5603 7625 -3389 4588 -7467 9670 -6702 -692 -766 9534 -6334 8776 9188 5756 3160 5751 6474
-7683 -6249 -2806 -1697 1289 1893 -5819 9710 7399 -6098 9251 -3544 2938 -1803 -8589 285 -4581 -4030 7964 2733 957 -831 -8649 1325 8956 3858 -8703 6134 6895 1973 9662 -8676 -6248 4 536 8263 5772 1619 2070 -4149 -5893 -2439 -2324 -693 9329 -9405 9121 -8774 -9826 3778 4897 8070 -3741 -3161 9035 -2203 -3579 -2073 -5370 4750 2858 -2780 -5488 -8731 -6140 -7905 5486 9123 391 -74
8094 7770 -3828 -9327 -5930 -5785 7617 2649 114 492 -3535 6808 -4041 485 9396 4382 -632 9687 3210 -3713 458 -6141 1886 4205 1647 9793 -4033 -2320 3433 -9477 -4715 9980 -866 2285 9203 -4921 -5475 -5346 1464 7280 -7102 -5089 -3340 912 -9366 8906 8452 2637 -8610 -9218 1273 -8972 334 7793 -5833 4649 9097 1397 -4679 2001 4840 -8141 4695 -1064 -978 -6862 -8099 4837 9985 5058
3688 -8193 311 -1988 -2185 -5803 1223 4805 -9516 -8614 8984 5386 -7576 -3353 6678 -812 173 -7199 3489 3927 -1980 -6549 5483 -315 -2667 3279 -5406 3214 4050 2771 6564 1448 -5184 1132 5277 5301 9399 -9272 -1884 -7111 -3116 -7690 6922 8097 -1080 -1513 -3090 -2685 -9530 -8559 4084 -9687 -6226 4715 291 -352 1815 4656 -4742 -7740 5906 1571 9770 2964 -6001 8225 -2222 9989 -3461 2727
-8934 7295 -3396 -6088 -1209 -9174 -6056 8954 -1251 7285 6606 -6281 3764 -1830 1320 -8867 574 -683 1707 6843 5963 7688 4434 7702 -2245 -6135 9801 -752 -6684 7395 6467 -2264 9108 4285 -5349 3648 7012 4058 8696 -334 4760 6562 3259 -7070 -6255 9891 4782 4990 8494 -2892 1064 640 -9660 1155 -8482 8475 -7476 -6639 -6634 -8074 -6118 -5247 -1362 3756 5526 2321 -3118 9362 347 4571
1577 3924 -833 7158 -496 -1245 -7208 -4254 517 -5450 -5362 -2180 9453 463 2809 923 6051 3122 3639 1006 -163 -8702 8828 -4889 -240 -6066 7692 -7564 -7231 303 -9150 -619 8121 -7149 -7534 -3792 7405 -2742 -3116 -4455 6044 9001 -3339 -129 59 -4345 -8770 5090 8756 1724 6991 -7684 437 7532 2271 -1281 -1583 7834 3191 7020 -6296 8230 9438 -6793 8138 -2743 9312 -337 9459 -4649
6861 9183 5267 5242 3735 1941 -7984 -9469 1752 6440 7365 7976 170 -3199 -1118 309 -7517 5768 -4718 -9620 -4293 -1315 -842 215 -6378 -5766 5052 -5364 2534 -1511 -1280 -8135 7705 9669 -8474 -5694 -1480 6431 878 -8331 -2346 299 726 -7494 -2202 3233 2256 9160 6488 3309 -2590 8368 8584 2993 5012 8018 5986 -9360 -8669 -6051 6112 -8420 -5574 9055 -5763 4601 9569 -7188 -7886 1568
-6612 884 7528 2221 9608 -1206 -8494 7081 -4746 5365 256 -8017 2829 1871 2800 2676 3798 8712 -6198 -249 7951 -6693 -6414 -8551 -9732 5809 -296 -3516 3305 -1243 2343 6167 8370 5158 -7891 7533 -90 -1960 -2535 7655 1405 8284 -6275 -4850 -5613 -4304 2827 7374 1345 1288 5799 -7488 -7169 5560 -5121 -5777 3691 4254 -1418 -6796 -6353 4694 -6165 5427 -5721 -2803 -3177 -9019 -8476 -6221
2500 7020 -5895 -6430 83 -2386 5805 6228 -2635 478 -5411 -2818 -4419 -2054 5283 -7310 -5832 -4816 4842 -8324 1159 3979 -6233 1826 7046 3703 1848 4619 -1212 -4776 -8078 -6836 1877 -8086 8266 1929 -1903 1120 -6350 1817 5343 -4533 -142 -7830 -3612 -7465 -9333 7446 -2995 -6774 -5889 -8341 -9634 -8216 6850 -9473 -765 3424 -1855 2252 -1740 7586 2433 -4733 -8842 7383 9413 -6063 7271 2396
-2110 -4401 -7687 -7393 3297 629 8546 1931 5512 -3393 -7442 1906 1456 8240 3336 -1812 -5723 6386 -5015 6176 1694 -9272 -2583 -2779 387 -5529 -9651 3359 -9385 8192 6412 8407 -3263 -2619 20 8836 6253 -205 -8003 1739 -3627 -653 6390 1317 7015 8342 -7915 5149 -9524 4933 -5574 -7158 5398 -7326 3487 -5907 -2711 -151 -6945 5308 -4612 6826 4861 -3264 -7440 -9799 1845 -2253 6768 -9168
1617 7865 -9870 -1116 -7902 -6957 -1655 5349 -7097 7765 3005 -1098 137 -7954 4453 -4446 -2275 2296 8250 6983 6979 -6144 -2376 4095 74 -1927 -7586 118 -6282 -4652 -8988 3742 -3707 -6598 1282 -8589 1962 8236 -9151 -9583 6533 2811 -71 18 7248 -996 5661 5048 8691 4732 -7773 4185 7929 2394 6340 -1278 355 5740 5795 4135 7299 9426 -673 -3765 3905 -3377 1285 -2193 -3866 4337
-3055 4979 -2716 -9824 -3776 -7676 -9067 637 -7742 9933 -3327 1310 129 7373 3284 -5274 9321 4967 -3160 2431 -7781 -3258 8017 6350 -5965 -8231 -3764 26 5225 198 -831 -4669 -4376 -4626 -8528 -1955 2490 3672 -9675 2076 -7494 -748 -392 -2046 -3317 244 -1218 8545 2213 9211 6794 577 2871 815 -5170 8816 2626 -6979 5683 -9217 -6526 -7262 -9223 1182 4969 9690 3231 8739 9269 -6759
-1231 -4129 3639 1061 -3245 -572 1722 5645 -5221 7886 -5066 3369 8712 -673 -9546 -8215 -1880 -1064 2031 9002 1214 7 -2226 4424 -7957 -4982 -306 3261 6940 -3331 -2479 9303 2279 -1997 -2976 6985 -6094 -1369 -574 7272 701 -2593 1543 8721 4450 -8528 -7132 8784 -2115 -2023 -1940 -1370 -9989 603 5751 -805 -630 6324 -5011 -9275 -6148 -5264 5178 -58 7747 -30 -6993 -4854 -5068 -836
-1491 7974 -6680 8346 1693 -1859 -4233 -4636 1343 -3933 1761 3164 3729 3077 -3561 7293 -2444 -7443 1691 -6313 -1788 8050 9273 7692 1269 -8623 -6180 7894 9723 -6318 1605 -685 5240 4214 5800 1673 9178 -6831 6364 -7575 -7043 4219 7556 -3415 -695 6730 -7097 -8285 -2961 -6228 -1973 9667 2494 -6292 7274 150 -2736 3751 5273 2709 9885 -9409 9067 85 -670 -3304 -4316 -1023 4048 230
-5531 -5072 -4406 -6587 -9851 -7016 1445 -8554 6613 2636 9878 -5431 1459 -260 -5368 -4319 5799 3022 1788 5041 3570 4137 7047 -8541 4429 -747 -8547 -4476 7636 -2923 -9966 -6103 -2806 -8471 1066 -8830 2614 128 -6507 8387 7277 3017 -6620 -9709 -5446 -2811 2266 -6070 4112 1380 407 4012 -3231 -9300 -7161 1748 -8284 9071 489 -7810 -4785 -285 -4213 -3811 2877 -2733 7197 2355 -4502 6989
7257 -2455 7874 -4020 2994 7332 -1148 3961 -1429 1862 2326 -73 -5267 -267 8337 -7861 -9796 -6213 -4838 -9537 8959 -9771 8401 7942 -3219 1864 4049 -1969 7666 -3259 9482 3761 -1456 6133 -802 8317 -2424 -2958 -2167 5660 -9176 -8401 -9704 6940 -6656 -9787 -8279 1404 903 -9968 221 8545 1109 -7670 4742 6037 -7034 5160 3777 8371 -8182 -2948 -7906 -220 -3247 109 -383 2197 -7487 2090
-182 1782 -9283 -3238 -6358 -9597 2940 7710 4369 7897 -2818 -4661 -8641 -7808 -4940 -3507 -9215 -3866 -9321 6674 -365 3283 -8075 9216 6510 -4220 390 2528 3481 -6635 -1605 -9385 -1562 -7047 -8070 5845 -4320 348 -7177 -19 -1536 8925 -8725 1093 -688 6493 -9299 -1827 8077 7109 7360 -1302 -1270 7201 3056 1774 -1182 5539 -4262 -6845 1646 -687 4588 -3113 5217 -5325 -3777 -3774 935 9578
-502 -6314 8322 -4151 8192 -3679 3340 6312 4954 -4629 -6735 2294 -7584 -325 7563 8702 -7989 2878 -5891 -336 -5389 -2900 48 -4257 9860 -7932 -4749 -4106 8261 -962 8234 9590 3203 8115 -2425 695 9940 451 7188 -3666 753 9225 1445 -638 -7272 333 -8396 5513 -5818 -5009 -3756 -5620 5149 9685 -7470 1938 -9995 -2113 7373 -4492 9761 496 -6329 -768 -9185 -2255 -9620 -990 768 -5826
9208 -3033 4697 2079 -383 -3132 88 -5377 -377 6211 5872 -3190 -1514 2013 1301 7041 -6313 9169 -8419 -4777 -1154 -3974 7365 6312 -4484 5417 -3199 3021 4836 6618 -9397 -603 -2760 -815 -1169 3271 4269 -992 8848 -4814 5426 8522 9398 4365 -2283 9293 -5222 1191 -5359 -2238 -4939 2498 -6074 -3653 -9314 1498 -2812 3919 1917 -7245 2151 2781 -2625 -3661 -2053 8724 8169 2034 -1280 -7979
-4449 4389 -1848 1024 2956 -6326 33 851 7438 -7511 -2546 -9353 5747 -1630 -199 -8251 -4694 4455 576 5812 5627 912 8191 -8294 -1942 -1339 7678 5926 -4545 2911 -439 -2540 6938 1767 9866 -6980 -5026 3250 651 -3695 2095 -6689 -1121 -6803 7883 444 -7976 -4406 4515 3806 -3424 7015 -5465 -1924 -9804 1126 -1379 -2514 -6611 -4135 1066 670 1618 -1203 2747 2691 -7784 -9430 -4937 -8463
8105 -1218 -4185 -6870 -6252 5563 -308 -9133 -237 4073 -633 7951 2316 1529 8952 3499 -6380 -2860 -6888 7988 -2213 9750 6578 7088 -3842 -2416 -6388 -9289 -7523 1639 1168 607 -5516 3195 7850 -8741 -9492 -9153 7293 -431 6967 1121 -2982 2746 -5669 -808 2759 8004 -2001 5928 3574 9408 8690 7251 -9084 4163 2517 -9940 7062 -7306 -2922 -9414 -3047 -5778 -2387 -3018 852 -7678 -3240 8549
7798 -8996 -3461 -5808 1724 9360 -9978 6086 -1639 -4192 -6058 -4682 -4620 342 9404 -3039 2965 -1977 -1133 2221 -2048 -4405 -5901 -483 -6286 5382 3534 -4927 -4566 -7137 6280 -7272 -1632 -3099 9703 3701 6794 -880 5355 -3283 2262 -1661 -2631 1554 9594 -2439 8562 1592 6222 -4226 634 -5789 2242 -6330 -300 6190 2982 9981 -3997 5083 -9520 -2495 1012 -6297 9449 -7397 -3757 5056 5584 -8474
-1064 1933 2150 -1933 3880 -5361 -1680 -961 -6757 -3776 -7704 -3756 -1738 9092 460 -2441 807 -4263 1614 3750 1360 -493 -9858 -4438 -8989 1912 -6595 160 -2840 -3745 -799 -7999 -9986 7958 5206 1840 -1118 -6838 -8751 8630 -3732 2375 -8178 -7033 2623 -8656 3135 6787 -2959 -6047 5974 7250 5128 4549 -7805 1113 2609 -2325 3726 -510 -7783 1721 -4293 621 1384 5357 -8950 2900 -3736 4801
-8453 -5173 78 2715 -6493 -1368 2312 -7395 -4778 -8726 -6979 6501 -78 1887 2884 -7027 -3040 5973 3427 -1057 3416 5022 -3034 -5623 4308 9430 2602 2818 7287 4715 8582 -4451 -5892 -543 -6 350 -3415 -8761 -7909 7372 -1821 4004 -1171 4202 -487 -991 -6900 -8552 -7787 -1627 -1072 1850 1859 -49 -2193 7403 -2700 -8361 -5672 4341 -503 3268 5048 -4602 -4252 2771 9641 607 -562 -3757
1206 -1499 1544 -285 224 -2412 2912 -8737 7529 -8898 -8958 1532 7097 8227 3326 -6629 6941 3701 2171 -4967 3475 -5847 -2504 6463 -4447 3224 3099 6273 7657 6270 -397 -5586 -7612 -1841 380 -543 -5209 4173 -2217 -2917 1506 -8692 -4314 1063 3903 8393 6777 -9420 -877 9238 -115 -1486 2506 6871 8042 -4748 1706 1900 -1155 9081 2949 -8203 -2841 4330 3382 8540 5608 -9676 814 2748
-1346 476 9183 -7707 2462 -3677 -273 8637 9252 -3925 8449 -5117 2003 9936 -2877 -565 -1019 3260 5369 -295 7987 -2843 6957 887 -356 6453 -1156 894 -3660 6195 5343 -3945 2396 9205 7296 2104 6698 1980 -1376 9936 9712 -4801 -489 -8826 -6923 -2556 6620 6465 4493 -750 -364 8296 -9547 -1128 3041 721 7328 2033 9959 119 -4584 -2228 -6252 5493 1078 -3280 1734 -3356 8399 4966
8762 5809 5196 318 -4214 4237 3116 4131 3848 4956 -9599 6818 -5236 2798 -2636 5583 8178 -4953 -8988 -7536 -2430 -7205 -9277 -6288 -4614 1503 9488 6029 -6463 390 -2555 -9706 -9297 4465 -9128 -7902 -7687 3303 2436 -4131 -3824 8341 3857 -216 -4912 -924 -5973 -4240 2959 -4448 9720 -3041 -361 -602 -7786 -502 -2348 6935 -570 -8861 -4605 -7447 -6080 -7961 -7300 7726 -4085 288 -892 2663
3125 -2878 -6660 9772 -3940 3313 704 2335 9126 -4284 1592 6453 -7525 7780 856 9605 -3775 -3382 3294 -365 -1957 2334 -2896 -685 6733 6801 5171 -8266 6257 -2133 -1893 -9805 1503 1539 -1620 6017 4599 -2092 4773 1385 -5279 977 206 -1832 -1250 9066 -5707 -9894 60 4288 9373 9522 1056 -626 4454 -7114 3123 -2452 -1695 -5140 -9918 -1707 -5139 -297 1344 -3203 -1585 -229 9738 -6153
8429 -6041 -9537 1505 -3007 -3369 1663 3361 -7555 5230 -4770 7268 -1656 -8516 -5499 4297 3249 -125 8545 -289 2039 -3789 -4028 -6436 -1460 -7164 -8970 -4572 5818 7479 -2413 9785 3834 -2351 -5082 3900 589 9160 -7612 -3515 5423 6828 -3488 -8915 7599 -9541 -8231 -7521 -5168 -3958 -1606 6536 -2219 6035 8393 -1823 -843 -8741 -2620 3200 -1663 -2615 992 7050 5067 5515 -1485 2576 -7159 9222
-9866 -3224 1951 1216 7110 508 2738 3941 1346 -8092 4179 7542 -2837 -1034 171 4552 6439 -9757 -1349 -5284 -4150 5791 -1152 710 -5764 2238 1521 -9886 4695 -5567 8846 4418 40 -2566 -6164 -1306 5684 4175 -7297 -2210 3326 -5721 3403 -7884 -3611 7238 -1912 -1163 741 8508 7427 5129 1800 -2663 -7166 4914 632 -2181 4506 -7895 7049 7288 9857 -1996 3366 775 700 6394 -107 -5661
6813 158 730 -5432 -9575 2840 4458 -3292 9841 1309 -1955 -5502 -2678 -5765 4659 7754 3432 -1997 -3116 -8397 8952 3894 -1732 5771 784 -5589 4228 7930 4585 2161 5962 -2629 -1509 -8280 -2039 -1402 -5815 -7722 3985 9884 5510 -4044 -9889 6242 8781 -1063 -966 1383 5598 5110 9889 -7720 -6170 -316 8311 8200 1371 2443 7859 -495 -7691 670 1377 -8055 4153 5152 -6579 9726 -8859 -387
-5488 -2391 -1319 2042 -3504 -5385 -9337 5743 2577 -3022 2928 3790 -8470 -1669 -5553 -5975 5507 -9840 9442 -3424 1409 -5783 1808 2065 -1936 6835 7738 -8503 2832 6276 -9060 -610 7575 7036 -8821 -9894 -9839 -8433 -1560 3677 7733 7455 -2767 -3955 -9995 -2612 1179 1609 -118 7874 -1974 -8548 4577 -256 2346 5643 3000 7482 7799 6908 -2893 7148 -3152 4551 -775 891 -414 7505 -5086 -2812
-3516 -9586 -2753 1387 -9914 -2375 1984 6533 -7978 6034 -866 -7566 9558 8677 7280 9532 -24 -9851 -2920 -9354 1792 863 -9707 -6519 -7025 -3682 6463 -8484 2116 -9465 9054 -4025 -2420 7341 -8645 -7905 8945 -2202 -3878 -3033 -1726 1680 -7318 8869 -1938 -1061 1983 7307 -5786 -1217 9824 3733 5253 -8944 2600 -9412 -1879 -6932 -5167 -4120 1863 -5680 -2397 -9497 -6337 1662 -7265 -945 -4660 2970
427 3631 117 2901 5426 4277 6938 9331 -3071 891 3120 -2653 -3760 2747 -1175 8880 2822 5539 -6368 -1307 5495 -6790 8437 741 -461 1962 5249 -6421 4085 -8059 4404 7833 -5537 -7927 -1697 4896 1991 976 1535 -735 -8543 -2286 -7435 6223 1161 -4906 2324 -9245 9700 -2692 1694 -7434 -7976 9102 -1472 -89 6669 -8846 -7222 6339 962 -8720 208 -6326 6728 1905 8625 6481 -5732 9766
-9088 -6138 -7248 -6035 -4986 4840 -2074 2340 -6158 537 -8947 5048 -3744 -5086 -6753 7280 -5287 -10 830 5652 6703 -5287 -3367 -479 9416 1601 -670 -702 -2213 2856 8985 2293 6573 -5554 9952 1370 1181 -7799 -7395 -792 6517 8564 -9889 -397 9254 7656 6818 1165 9514 5946 -6367 -9805 61 753 3156 -40 -4060 3194 2117 301 -157 8374 2166 -9359 1815 2617 8273 1140 -5045 780
7172 2390 -2551 3820 1008 8453 -8577 -2153 -5084 9747 5706 2488 3088 -4039 -6206 1073 -1338 -4955 7021 -4258 7740 3070 -8234 -2698 -7611 2611 -1788 -9038 -7442 9039 -6449 312 5070 1183 8102 -4883 -1632 -7008 -8448 1968 -3773 101 6262 6772 7185 -8548 -1508 6504 -4232 -4697 2026 -4328 -2291 -4994 1371 -2948 -4041 -81 -2622 -1218 1844 -5149 7185 -4842 1136 3762 -7857 -9480 -239 7468
1987 6878 2567 6752 -9966 6159 -5698 -6067 -7646 -5381 -78 6817 -7491 -3788 5211 -1207 8112 -1557 -8255 1721 -5757 -6404 -9477 -5934 7125 -898 -1802 1407 -2888 8955 6159 3163 -3162 -273 3689 4006 -1986 552 -7588 -4021 5452 728 3500 5251 4376 7710 -1250 -4927 -6153 -7339 6206 28 1783 -8228 -1959 -4240 -8061 -4160 -4348 3478 5116 1037 5102 5500 -630 -6395 -4052 853 -1107 4543
-2662 7912 4911 8113 -7202 5855 1098 3711 4314 1289 -1271 -1032 7460 -2185 3214 1170 -4521 3765 9866 3925 -2439 -1255 8379 1533 9167 7807 5589 -1403 8647 -9903 -9728 804 1576 -2398 -4086 5025 -5809 -7030 -1384 -1326 -1923 6278 -1161 -5915 -739 8992 -5105 1630 1547 7356 1563 3103 -3353 6867 4599 -939 -4063 4261 1161 2305 1617 -4612 -6633 5624 4139 8518 7425 8103 -4792 -4631
-8114 9243 747 2261 4367 -5493 5610 9330 7200 -1321 -1038 -8709 -1328 -992 -6293 -8825 -4848 -599 -9120 -2653 6850 2494 -725 354 -9758 -9978 2077 -2625 8528 -9299 -3239 2594 -552 1463 -5540 5222 5817 -3045 5257 -6766 91 9410 -1841 -7905 9882 -6040 -5768 6490 -6580 -8242 2817 -7159 -3006 -8977 112 -587 -2352 -154 6896 -1293 -9076 -2486 -2159 -8472 -1579 -1136 -2973 7529 -1288 2075
-2017 -5715 -755 7609 -4724 -4174 5399 -2005 -8212 -8372 5333 9674 -7250 -8339 -6367 7914 7540 -686 -2349 -4360 7555 -876 -5436 5150 3406 8967 -7690 -568 566 -702 1243 5863 9073 -1444 -7015 -2319 -1303 7598 -4137 4569 -3671 2137 -1330 5393 -5363 370 52 3545 -4384 1340 5767 8885 -3863 -5181 -9288 -8397 -9686 -4401 -1765 -2910 2224 1574 1458 2377 -8761 1134 -1383 -8019 -9579 4641
-8736 -5795 5812 -7992 -2875 -3975 9253 6579 -8029 -2031 -1172 -691 7774 1936 2011 -6097 1464 -9714 5623 1477 -3068 4931 8234 -8896 -6862 -3202 7033 51 1684 -1109 1167 2613 -986 8595 1912 6369 1889 -3146 7399 -8374 6187 -379 -6512 -9429 7152 -9801 -9039 1894 9181 206 -6687 -516 -1712 2549 -6964 5036 8765 -6305 3458 -8146 2124 6069 1299 -748 -761 -2266 -8405 245 4978 -7020
6361 3547 -8493 -1981 -3701 2929 9071 688 8371 -1694 -3270 -4591 -4736 5452 6960 -9766 -1470 -5978 -9329 7734 3986 7915 -8833 3763 4359 -9125 -7084 -2486 2569 1746 1296 5020 -4619 -1810 8067 3845 -1346 4648 2314 3654 -5351 2072 8179 9511 5241 6607 1692 5269 -2888 6859 9865 2690 955 9311 6018 6976 -8348 4208 -2595 -3017 839 2154 -1915 4026 -4270 8188 -4413 2132 -9975 -9960
-9282 -4138 636 -9381 4740 -6917 -2826 -684 9636 8595 1507 -3662 -2534 8291 4781 -7596 4272 3803 -4880 6078 -9086 -5075 -492 -3597 -7057 8999 1025 -9624 5115 -1080 -965 2323 8757 -1196 -4033 -7427 -170 682 -2964 5236 -9209 -7359 1230 -8755 8646 -1435 -7798 -7188 -570 4260 1958 1197 -6430 -5186 5193 -1817 -9492 1282 -4212 3911 9678 4084 -2074 7112 3141 7500 -1734 -5332 -5300 -1060
7509 6965 -4138 -6632 -9577 5355 -3131 -2009 8728 -8886 -5503 -9212 -8427 -9647 882 9032 -7759 1712 -9443 5835 -2311 -7991 1221 3685 7448 -5015 -6753 -7643 3548 -1367 -4578 3621 1935 -6193 71 -6801 -7685 1364 -4532 -6910 -4370 -7107 -8818 5905 5056 -7892 618 3140 9085 -9025 -5214 4002 4651 -2426 3713 -7740 4846 1409 -9225 -4296 2897 -2957 1604 1388 866 -9623 -736 7399 -8609 0
7778 489 676 7114 -8336 7973 -3462 -6010 1895 3190 -9220 -5884 4262 744 6943 -8623 272 -6026 8413 -2517 9342 -9283 2359 8372 5291 -2698 -7004 7576 1782 1580 3485 -6398 1411 713 2751 -6091 1035 2664 1644 3235 120 -1247 1826 3570 -2121 2939 1283 -7142 -404 -4702 -3139 947 -2271 -5276 -2589 -6734 -4774 -2269 -4975 -1219 -9704 -8879 2601 -6543 361 -6401 8242 2070 -274 -840
-1219 6878 8781 -7453 -6953 4210 9017 -13 6151 -4928 -4460 8009 -3170 -155 -9564 -1332 -8932 9082 8965 -6743 250 -6407 7382 2448 7094 -34 -5940 9982 -2253 -9467 261 2519 7417 -3403 3286 3874 -8264 3548 -486 -8846 -8108 9772 -6408 9337 9033 2750 8085 5658 2043 -7305 4232 839 -1917 -4311 -1312 -1823 -7250 -8390 -306 -5810 736 9083 -1588 -8564 4624 -2891 2659 -3422 5808 -6480
3982 -1628 2865 5850 2137 -8464 9337 -4955 -2155 7310 -1730 -2441 -2256 5662 -3753 -5248 7143 -157 -6975 -1214 -4773 9084 492 -9797 4000 -6223 -839 -4572 9541 -5391 3247 -8751 -579 -9705 -8054 3722 8382 8781 4609 -2146 6940 8960 -4185 -6380 -3867 8698 2076 -8692 1370 -6985 3789 7255 -1500 -1388 3008 5177 -8088 1897 447 8528 -2955 5463 631 2487 2196 -804 1083 -7565 -5495 4528
-8993 5011 -5691 -2433 1984 -7393 -9051 3821 2360 2194 -4105 -5459 1594 -6115 -4567 2386 2316 -9640 8060 7296 3142 8455 -5541 2933 -1623 -8970 2673 -6269 2353 -7937 2980 -4634 -7481 1695 6341 -3167 -3016 -7369 3104 2982 1997 9690 4612 -2347 7912 6545 3366 -1967 -7136 -8448 -7277 6054 -8846 7199 -3556 713 -3504 -7560 -6699 -3829 9271 9017 -8421 -3338 -4217 117 -7675 221 2624 114
6008 2822 921 1500 8540 6338 -6646 -913 -9210 -7026 -9804 -8787 -9945 -954 -2790 -8458 -5174 8100 -2704 9535 -2576 -2059 6701 -1362 -4091 -4032 6962 -1189 2094 9032 -4232 -1982 -8597 827 6526 7097 -6848 -1431 -8084 5203 -7026 1915 737 -8689 -9426 -7325 -3822 -5079 -3885 773 -9273 -4257 -4994 5919 3123 6381 -7573 6492 9859 -5599 8381 1426 -7649 6780 2550 2567 1515 1264 -7952 -778
-3363 -1784 5358 -4603 -2270 -2568 -2695 7950 5479 3526 -7865 796 -4106 237 5025 9521 -5098 -7403 8372 4111 -668 -5956 -1705 -7305 -6297 -6397 1468 -1065 512 3473 -8348 -6684 5538 9407 1902 1136 -3124 8458 -7577 -925 3840 1112 -600 5545 -7252 -2371 123 594 1105 8603 -6838 1128 765 -8482 8080 1263 2754 -6335 -9797 -4658 1757 1276 -8149 2299 2977 440 -2435 -2252 97 -774
3815 -9034 -9673 9835 -4732 9852 -5141 -9172 -5826 4944 -3240 -7774 -2477 3703 -7911 -5787 -5444 -5972 443 -4020 -1139 832 -1571 4146 -9386 -4393 -5968 -868 1884 3999 1911 316 -2001 373 -4594 -4241 4820 -6630 -7823 -7231 2357 3069 4448 1858 -5640 1612 6249 -4095 2580 3254 -9173 -7723 -7173 -3461 8193 -6866 -9403 8885 -8415 -289 1561 -1575 2597 -8732 9111 -2191 -6604 -6330 7968 2406
3425 -596 5252 -6313 9591 5881 -3063 -2712 -6307 -6012 -9120 5783 -2367 -9333 1500 -32 -6247 -8908 -232 -2544 -607 -225 -6394 2102 -6411 -6823 -5737 887 7318 -644 5968 -8396 7532 -1395 -1968 6866 1615 2322 -7867 2313 6694 -4996 9385 -5382 -2601 4352 1334 6114 8438 -7824 -1986 -1288 3679 275 -2160 2475 -7386 6236 -6088 -941 -4736 9185 8693 5593 -1038 2604 -3575 1610 2615 3437
6786 -5506 -5168 6422 -238 7492 531 -2974 -1973 -4730 2157 319 1160 -1887 5151 1960 -6554 -9814 1473 -539 -6291 -5986 474 6496 -7934 5212 6761 -1888 -1995 -2736 8304 6171 175 4832 -8643 3747 -8767 8399 1501 7934 6168 6983 7340 3944 3402 -261 1696 9343 888 6551 -1008 -8613 -554 -501 -2533 -4577 6331 -3781 2828 4990 1068 -1588 -776 -3851 7535 3684 2110 9577 1836 -9081
-6168 -3889 9216 -7596 1379 -939 7976 -408 -833 6711 4555 4271 -1943 1256 -6701 -3654 -9759 -741 141 4212 -2056 -6806 2712 5895 2977 -5117 -9219 1839 -2482 138 3766 -3057 7107 -1877 -8331 438 6978 3320 -2227 1018 -6466 3667 8865 -8173 3847 2886 7245 -7157 5691 -1450 4771 8569 875 3081 769 -7000 2538 -6065 -1964 7152 -1981 8037 4188 -1304 4974 -3788 -4347 -231 -5994 -560
-5418 -8858 6115 -6192 1516 -9841 2670 4303 9 -4642 -6406 9554 -6476 -9765 3799 -5942 4390 -2631 9636 5336 8889 9400 4753 -9499 -4654 -7340 -5114 -5125 -1711 8077 -9434 5746 3197 9848 3685 9424 8283 4476 7982 -7153 1969 -3358 -5441 8749 -667 -7095 7259 3901 183 8596 -6365 6256 -6730 -4741 1326 7130 -332 -2143 8181 -3312 6791 4235 -3618 -7278 -2060 -7988 9462 6578 4095 -892
-5735 -9470 -3718 -6936 8877 1881 -3597 -6239 -1304 1854 -69 -5392 1207 -3004 -8608 185 -3074 4388 -4471 -2000 -6753 6622 8500 -9806 9555 1013 2120 -1967 -4584 2790 262 -9827 -5495 8437 -2230 2624 249 -2648 676 3726 9596 -5546 5118 -4361 -3489 3369 8490 -6355 527 -3880 5005 -5120 4253 -6942 -437 -2280 6332 -885 -2640 -5784 -6571 -4044 1714 4560 3216 -2086 867 4055 5638 -1129
8159 8003 -9417 -7103 -20 465 8924 -4296 2264 3027 2292 -4598 720 -7789 490 2544 9818 -9991 -2189 -4448 3732 -8127 -2093 5477 -6994 -5828 -8465 -4833 -3837 -5707 5810 9324 -1454 -2830 -7198 -7807 3079 2280 9606 -3578 1130 3594 -8897 3615 -6784 8217 8887 -5316 4707 430 8982 1173 -196 -2996 -1440 -304 -8263 -2446 -9962 1943 -1730 3982 5151 1778 -6818 9423 2988 4250 4517 -3068
1249 -8158 3745 5063 4486 -2690 -9211 2691 2020 -6299 -2321 234 9415 -8613 6609 9080 -211 -893 6831 2382 4508 3367 4292 592 6124 4953 -6889 -1543 -7681 478 9872 8639 5948 5829 4075 826 4052 -1663 -3171 2188 3313 -148 -3491 1357 -881 -3470 5002 -378 -6998 5997 -396 1684 -822 4369 9346 -4703 3114 -1699 693 -7636 1327 -5853 -3831 3952 6648 -3533 5242 659 -1738 3990
7447 -226 2574 -2367 -2665 4902 -6083 6066 -8255 2810 -7402 7982 -1966 8320 5704 -9366 6636 -797 6887 -1248 3638 -1464 -357 1654 234 -5887 -8212 -6296 1214 -7955 -5304 -2280 4439 -2247 3228 -7612 3443 3893 -9645 336 96 -5912 -4477 2834 2003 3875 -5106 -9157 -3986 -9737 -3525 -8142 1978 4243 -4819 4473 1002 6637 3583 -3829 7877 6953 -8894 8292 5700 2842 618 1388 274 -3898
-4272 -6601 8942 -2837 9361 -2920 -6285 3548 -4133 5389 -8373 8771 3795 1615 -1123 -2499 -2842 -8359 9974 -7545 -4860 -3924 -1969 3813 -269 -6330 3629 -4683 -2632 -3886 -1221 5174 4587 1563 -5752 -352 2342 -6993 2507 8923 -3199 -8865 3156 4300 -2081 1746 -4560 -6378 9 -2671 6302 6339 520 -758 1073 8311 -804 8154 7010 9595 -1847 7842 3500 8824 -8829 2776 -8942 -4377 4554 -7419
-6445 2433 -4643 1230 -5311 802 848 -2231 465 -711 7216 -3153 -6594 -4363 7125 2122 -4693 -8304 -8259 -837 1011 -7481 4453 -7912 711 -2336 -6089 9711 -5009 -4449 9055 -7416 -3027 8428 -1646 -6054 -2663 1911 7247 -1454 5094 -1178 -4511 237 -2770 6578 3154 7728 8718 6334 -6779 6138 4417 2933 -260 -2369 -7303 -4046 -1836 9921 -4063 950 4212 -2120 -6334 -9342 9313 2216 4954 4874
-3742 -7576 1088 -1540 -8327 4131 3135 -4326 703 2600 4347 -3028 -6890 1129 9627 -8623 -9923 -5868 1339 4211 696 109 -5370 6186 3081 281 5757 -6758 -829 -3284 2778 -556 7485 3444 -7470 7475 -3175 -9732 -7912 -5338 5484 -3683 -4700 8159 7202 -4802 -5425 6376 8787 -3913 -35 -6702 -8140 -7826 -1809 3308 6799 -8733 5376 -5877 5761 907 342 1740 941 8290 -9648 -1049 5487 8319
-2637 8187 -9594 -8767 2049 2352 5474 -6998 -6979 8863 7507 -3928 6991 -3471 6024 -2547 -9877 -9085 2885 -1763 -4583 -8282 -62 3115 -3775 -3754 -1261 9427 -1111 5174 5311 6485 4767 -602 3208 4798 1211 8152 8619 -6707 306 -7908 8659 4186 3888 8390 -2589 -9053 -2452 -6667 -8011 -3435 -7459 -1941 -3298 7094 -4515 6614 -909 -3318 7265 -9144 6312 -8276 2605 3928 -3958 -2336 -1688 3414
1627 1004 -6108 8951 -5667 -3806 1556 -8948 -6921 -9586 8800 8360 -9697 8037 -3395 -134 -1423 8107 5924 -6720 -7037 -43 9904 -5873 8537 3054 3607 -5892 7556 2787 -9370 -683 -1412 1646 -4867 8281 -1107 3828 9982 6248 -4494 8929 9032 -4548 -9079 -5170 9239 -6365 -6772 3339 -2210 5785 -4878 1602 -6132 7424 2882 -9330 -8845 5070 563 6713 -5457 -581 198 8474 7287 -6873 -2868 -8908
