80 80
7227 -7778 -2700 -3786 2413 -4765 -9214 817 1615 -9451 -2529 -821 9499 -208 -6046 9771 -7739 -6709 -2163 9232 -7471 -9191 1458 1057 5835 118 2127 -7713 -9382 -8247 -9061 -7319 -7740 -4642 -1473 -4477 -1821 4933 -8469 114 -4604 1823 -1031 2201 2001 -4469 -8544 6551 -135 -3025 45 1273 -6094 9598 2337 -844 7242 -8221 7729 9202 -3554 -3379 -342 -8180 5122 -4329 8207 -7707 -3754 1819 -9900 -6278 3133 5065 -5461 -1047 307 4969 -3985 -2021
6807 2051 3807 7579 -6633 1251 8912 5784 -29 -6362 -1147 1934 1354 8558 3752 -5299 -3820 7942 8373 1027 3859 8575 -1876 -1675 5746 4377 -8155 9007 8625 6187 -370 -2645 -3163 315 -9881 6664 -160 -5494 -512 3671 932 702 -4605 5747 2415 9223 -1017 -564 1899 2969 1059 3909 -5865 -4737 -220 -7827 -4604 -4112 -2297 4114 3083 1754 2084 -5736 8228 6265 -5547 656 1364 -56 5616 8680 -3072 8248 -5015 9635 -1055 -4430 -6411 9480
2109 -3282 -1738 3905 2650 -3458 3300 4333 1017 -6701 2992 -783 7890 -8921 1590 525 -1872 -3661 7238 -8065 -1316 -3512 -3552 8603 5952 2392 138 -669 9676 -2387 6125 -9470 6980 -834 -7800 -4952 -3480 4273 1404 7178 -2683 3728 -654 9814 3637 -8549 3273 4324 -8657 -3720 -2233 1021 1936 6358 32 3153 -7156 -142 4117 -610 7061 -9383 2736 6038 6495 -2264 1951 -137 1234 -3102 5669 1496 2609 394 7621 5624 7300 656 -7899 -9133
5686 201 -4196 8035 -7064 4402 9921 -7353 3420 -427 -1944 -9296 -2842 3625 -6899 -3840 1487 2292 -8815 3396 -5177 -3945 9149 505 -1260 5513 9845 -3475 2240 -6105 -4318 -2264 -4752 -8784 3175 1235 -1388 908 3394 -8147 -632 1950 7763 -185 1340 -4169 1190 -1149 -9170 2022 -1094 -5049 2651 2723 214 9341 4410 -7055 -6892 -553 -2663 -2144 529 -7414 8494 1534 -5603 -1902 -3213 -8917 8083 -3327 -5529 -6407 -2103 -8652 -4954 3687 9033 -2620
7610 8943 3414 9033 5690 1739 1920 -3986 -9757 -6604 -4716 -4890 9163 5174 -8149 198 -5936 -8594 5991 6627 9994 -1692 4164 2606 -8462 -8038 803 8153 2468 -4004 -236 -3757 -1254 4158 1246 -8435 -4405 8609 5401 9578 -3076 -6590 -2884 900 -8715 -6905 5176 1544 6950 2028 -3539 -6690 -35 5042 -3734 8238 -3400 7468 -9927 -1297 -6282 -559 -992 -9216 3703 7923 6446 7191 829 -2870 947 6564 2064 1367 116 9385 4680 3739 3228 7069
-3328 -7516 -5527 -4219 -793 9461 8040 -9937 -8997 7239 8084 -7075 7949 5176 -1108 38 2171 -8574 -7255 -5621 2304 -3208 -2461 2848 2495 3366 3213 -1992 1265 -156 304 -468 4943 1586 -2852 7726 -7803 3527 -874 5495 6455 746 -5800 5327 -9868 -7759 4008 -5342 1956 3600 -2759 430 -8096 3625 -4695 -4414 4835 -4171 -8126 6753 1830 -2554 -788 -1821 3586 9919 1097 9340 -1289 -4967 3484 -1854 1661 -2226 -1685 2277 -8055 -133 9501 8936
5809 4104 1200 9169 -1084 -40 -4322 3631 -2092 -8982 7191 8084 583 -5415 9913 360 -1897 9042 8390 4804 6787 -5125 5199 -4040 1351 -5072 9034 -7766 446 504 3777 -7172 9026 342 -4433 -8542 -533 -1990 -8861 -6482 -1960 -9384 3592 -9554 8116 -2370 9294 629 6133 7403 -7547 -1783 1753 -8962 1730 -1764 -3110 1829 -6456 785 -5825 5163 3878 -3859 -8824 -650 7931 8870 -6553 2625 -2216 -5335 -5753 576 -9666 -42 -4174 -7899 6931 7397
-1700 4299 -2233 -6019 -28 7821 5173 50 -9209 -352 1709 3942 6593 -2315 8763 -884 6034 5285 -6317 4087 -8410 5947 4675 8942 -5630 -1374 -8595 -348 9348 1170 4440 -2439 4856 -9873 -2495 6874 763 9430 1241 -8611 0 -418 1707 -693 -1533 8250 -5473 -9287 -5104 -2582 2295 -7283 -6215 3411 -7374 6904 -135 2515 -2717 2121 -614 -1128 2590 -523 -1009 -8957 9229 -8395 5030 -2365 -9260 -5238 -9451 8185 4210 3647 -5814 1174 199 -5420
2402 -29 -489 -2393 -2001 -9018 -7834 7972 4196 -45 7984 1695 5796 -9708 -228 -3426 6413 -1695 2483 -7174 -286 -4354 7712 -1339 3450 663 -7824 -1795 -8218 7378 -2749 5860 6841 1498 3603 9738 -5878 -5919 2726 -1746 -1894 -9166 3962 -5184 1871 -5854 -2586 5915 -6478 7384 8690 4492 -7602 -6742 -8692 -242 8734 5707 3079 2209 1147 5067 6547 -6958 2020 4478 9030 -3252 4344 6417 2338 -2515 -9852 1462 -3837 3388 -4966 5967 -9584 2534
-7459 1702 7897 2475 -8898 7256 2377 -6124 5654 -8629 4118 -3881 3384 3298 -1401 2522 2387 7304 2241 -6025 3046 -899 -2271 -4341 4918 -4899 2712 -3489 6521 -62 919 -2515 1996 -6715 1000 9638 5246 4473 6397 6776 -3715 -7286 -5933 9420 -97 -7512 3504 -4440 1542 -7464 9556 -9224 8481 -8898 1116 -8746 6484 8295 3771 -3521 2665 3467 973 -3170 -1882 2567 8047 -8106 1334 6119 3698 9142 499 4221 2668 -5048 -71 -6764 -2663 -8217
-3934 -8831 4752 -8706 -759 6336 4473 -5329 -5863 -6849 -6583 -5131 -2068 1734 -516 -3732 6987 1320 2703 -3624 1003 3540 6375 1014 8280 -7290 4852 -608 -8473 -6495 -2302 -1276 394 -6123 -4148 -2869 -9146 9980 -2630 2843 750 2145 7099 1887 -3628 -191 8396 7048 -9105 -5888 7783 1089 3404 1695 141 -9336 4641 -9037 -1092 2321 1319 5759 2230 -1889 -5370 -3214 8752 339 9289 2982 2259 -6423 4153 -9383 -4887 -2669 -1553 -1623 -2611 4046
5339 -5566 -1415 -1780 2377 1928 -7090 -1901 9086 87 -4684 2796 1009 2766 8637 -9176 2462 -7591 -4884 9515 -2149 4878 881 -6517 -6536 7380 8667 -8278 6433 -6893 7547 7575 -250 -3266 -9183 -2289 -5379 1968 168 2884 1968 -215 1468 1026 1864 -3803 1333 4178 3351 -7591 6320 718 8908 -1589 -2399 -1029 -3676 4103 5240 -3129 5246 3249 -8435 -4098 3709 -3821 1984 1129 7945 3158 -1470 -5614 -21 2813 -7509 -4082 6283 4311 -3741 -1550
1636 -3468 9381 -6187 -528 7114 -1566 5943 -500 -1136 557 -5254 -8583 1556 6892 -3695 7508 4605 -9865 -5963 -4763 -458 2245 8729 -9136 -4889 -8646 -957 282 -6112 -8438 9564 1765 -6328 -2306 -7937 9888 -141 5052 -860 8320 912 6954 -1838 652 -1828 -916 5598 -8751 -452 -6490 9767 2441 -2444 6283 8327 -3278 -7068 -5407 -1489 1797 1880 6079 -108 7338 890 4183 8211 -9021 4670 -379 4531 2065 5013 383 912 349 7699 -2125 4351
1998 -4274 9139 -7437 7363 -2380 -2066 3047 5568 -1892 -1937 7440 4077 -6206 -9240 -1455 -36 1027 8789 1790 8037 9390 -4218 9324 7509 -1409 -7644 -1355 -6347 881 1286 1955 7122 -2597 -7013 -7486 6138 -6075 1689 -6217 9975 -9988 -5994 3113 5056 8995 -4113 -1028 3457 -1457 -9675 5380 3434 8300 1321 -3991 2350 -6147 7458 9506 -2005 -540 -7247 -5721 -378 3871 4622 -9272 3453 -1256 3633 2014 -2386 -1129 1724 -269 -3520 -2069 7738 -1563
2052 8822 -617 -2068 -8091 88 -8361 -8133 7899 9964 -9392 -7010 -7067 8390 -777 -4881 -2710 -4623 -8401 -4077 4845 -6500 -4457 997 9537 5940 1350 -8746 -4637 -8102 -3540 -7716 6650 5073 -7935 -5790 1273 8755 -88 -7733 3549 -8907 9399 -9133 9357 -830 7955 -6748 2071 533 5627 -4029 536 -2301 -2640 7342 9013 -4198 4553 -2002 -1653 1685 6862 528 -4469 -4083 9869 -4098 5858 219 3176 695 610 -944 7045 -5826 5852 2340 2317 7785
-2171 -8130 -2734 7638 8832 -5 -7513 8841 -3085 9294 3556 8180 -5274 -5491 -8360 -1886 3571 3338 8276 6465 -8344 1250 5145 7468 6780 7659 5516 -2353 -7143 9321 2711 840 -964 -5860 9768 -4266 4420 1803 4785 9671 -2105 -8237 8038 7968 -1515 -8574 -7843 62 -3942 -1176 -1395 442 -1610 535 -9897 3186 -7834 -1484 9915 -363 2974 6251 -9906 -9609 2162 -3021 7628 -5192 -5604 1807 9322 -3159 -41 -4417 226 6743 9 9144 -1501 -9712
878 620 1082 -9965 2153 2075 4954 6603 -8701 -6772 3426 6190 1170 -6764 -2749 -6940 -3715 -9757 -6359 -2544 -2609 -4978 -4066 -713 -5550 -7612 4261 7960 -7842 720 1912 -6341 4361 -7239 -42 890 -5619 -9020 4219 86 692 8722 5618 8716 -1473 8108 9240 -9298 -6569 -898 -2395 2067 969 5427 1116 -5661 -9830 -8445 7905 6995 -1880 7047 6963 -7372 2457 1287 -2897 -1618 -5738 3676 -7980 -6852 -5966 3382 5210 8740 -1709 3913 995 3994
6979 3822 -3014 -1424 -8142 5346 8949 9411 -6003 -3924 -8069 -4536 6442 1643 -1999 -8309 5149 -6638 -7889 8004 -8157 -9194 7374 2036 -8606 -1488 9002 -7911 -1622 8661 8783 260 7585 6128 1883 823 -2432 -6079 -1359 2524 -805 2978 -6977 8728 1160 9950 -443 -1040 7734 -5243 -1338 -1216 -9373 2343 2688 1622 8001 1857 2946 -7028 -1802 5983 -1451 945 -4644 5192 1815 696 1293 8122 -2361 -9175 -122 -7078 -1541 258 -7587 3791 -9335 9374
-194 975 -7018 7110 -2264 9042 -7826 -7978 -5465 6920 -9379 507 3691 -5895 9767 -4208 3562 -3079 939 -1251 263 52 -8515 9925 5156 5152 6754 -7270 8122 8606 7635 -2430 595 1320 -1251 -4087 3328 6059 -308 -7088 5925 -3797 1483 -9148 -6184 -9261 -2579 -8433 3365 -5468 4840 -2921 2333 -6828 8301 8948 -1794 -1440 9527 -452 1549 3452 5151 1248 -3384 7384 -2276 -8002 8212 9314 4038 4089 -7925 2153 -1596 -1831 721 562 7888 7316
-6692 1655 1645 -8681 -271 -9795 1048 -6806 6772 -9335 -4852 2413 -3036 -1000 -2540 -7716 4930 -6654 -4717 23 645 5575 -6537 -4964 -6393 6338 -2902 2125 -662 -6197 76 937 2568 -1784 6939 3427 -4302 9447 -2467 -4906 -443 -5844 -4105 -2144 1368 -5842 2377 -107 6911 -235 -1279 -3238 -6273 -7995 -4476 -2081 -2642 -1554 503 4445 -2984 -3414 -1609 5761 864 -687 1616 2904 9960 -1594 4654 9344 -2310 9895 -583 -6717 8943 -650 854 -308
161 -5613 3816 -1584 -1594 6109 2607 1424 8831 -3849 4817 4055 -5510 3078 2407 -1867 -3372 1277 2958 -2007 -7471 -3963 6089 -8761 2725 -2960 2893 7892 -4547 4481 -5012 -2127 1895 -6662 -570 5380 9487 -5837 -4835 5362 6272 -6725 8179 -5372 752 2436 2164 -5719 -2732 81 -7396 9248 -2371 666 -3333 -3716 -5656 -1200 -8795 -5510 -6116 5542 1041 -1916 -2946 -5333 3397 1330 6449 3947 -4215 2646 -7125 -3464 -6541 -1962 -3767 7888 -802 -166
5200 2779 -4979 3987 2114 -6664 -4865 -1153 -9760 -1621 5202 5794 6896 -121 -1519 3484 -7760 -8267 -7767 6987 5358 3592 9115 -2876 -2703 -4801 -2240 2707 -4297 -1146 -8016 6135 -6185 8668 6601 -7505 -5006 -532 -13 -1632 6235 -386 -4336 -8584 -4825 3658 4333 -8718 7171 -7415 -5538 1821 -5480 4307 9823 -7573 -7933 -6784 5691 -1174 -2936 -8610 -959 2010 -1942 3427 -5080 -9160 1270 -9998 7257 -3794 971 -1732 -5879 2872 -5918 7978 4828 5890
-5626 -9416 4949 618 9694 9244 -244 -3567 1359 -149 -9230 6244 -6659 -4761 -4861 -5951 647 6352 -4079 -234 -3674 9174 8694 3733 704 9052 2054 -8499 5344 -5752 6427 -6888 -9493 8993 -7856 5617 -1729 7939 664 -9612 7909 -945 -1577 1484 -6059 -5998 -4108 -3574 -3021 355 879 87 -2443 -252 -4499 5628 -3016 -2123 -7006 1687 -4653 -8804 8938 -2753 7685 15 -9732 1603 9999 -3545 2221 -843 -6128 7139 9533 8542 8111 -6801 -3931 -1344
-7238 7500 -1910 9997 -5879 4577 2304 4500 -181 4336 1262 7814 3479 2574 5785 -5372 3801 -4436 9663 2510 5466 5597 -5203 477 943 315 9048 -8218 -3406 803 -5946 6572 2324 -7932 4454 9326 -1440 2644 5053 -62 2550 2700 -6197 -336 -605 -6119 9544 -3017 5057 8894 8659 -4196 -6545 -7247 744 -3649 3666 2906 2461 2160 8923 -2482 -922 5722 8151 3714 -2174 9353 -4662 -262 -4843 -7339 -4091 -605 9574 -9091 3967 -4878 3640 -344
-2285 8112 8576 -596 9733 8032 -9134 -6342 -6458 9262 -2953 1169 -5251 1008 474 4411 3741 -527 7887 9438 -5767 7925 -4617 3274 693 -7829 -2766 -3073 -2350 -7907 7880 2858 -7166 -3191 -2116 -9263 5140 8334 4276 927 7861 1817 -2861 9660 -2136 -8093 -7066 -3566 4504 4897 -2487 -862 -293 -4211 -2007 -1196 -9091 -2227 9071 4889 2617 -646 -5688 -7982 6067 4389 -3905 6899 -2032 -459 -3690 3385 -5573 2155 8138 2897 -7401 7367 618 -6035
9463 2506 3256 2984 -8463 6847 4421 -9743 9637 9111 4328 7996 1856 -2152 -9641 1220 -668 -41 9414 3826 -3288 326 1281 -8854 8137 5474 -5583 833 -8022 -8848 -827 5514 5722 -9881 2161 -4316 5813 -4409 2260 9477 -9067 6338 -1833 5000 -9699 7864 3161 -9996 -1801 403 -499 -6748 5405 9168 -4568 549 -482 3360 -3917 -8730 -4591 631 -4844 7619 7841 5470 -947 2522 9800 7394 -2931 109 502 -3683 194 -4895 -7699 9606 -6058 -7047
6683 1043 -5400 -3215 -4029 -8439 -223 3606 1150 -1012 2706 1006 6853 5500 669 3279 8461 8570 -6044 7810 -8726 -4377 4066 -3895 3444 4538 2708 -7520 -5487 50 -1755 -7028 6145 7754 3206 -9933 -2890 -2141 5766 -4009 -2303 -14 -7904 -8461 2631 -1552 -7150 -8109 -1069 -2091 -7502 7845 49 -3086 8610 3316 5479 5911 -7982 6332 4615 -1021 2829 -979 4635 -3335 4924 7220 -4868 -3426 -2333 -4127 -8020 -2798 9078 2741 8901 -8801 -2288 -3037
-3841 -2563 8984 8370 2073 2097 -5889 627 3343 -3963 -6544 9473 251 -7958 2703 -3556 -5753 -810 6874 1783 -1993 4596 213 -9943 462 3717 -2180 4648 -9024 -8113 466 -3680 -3034 -8434 7771 4282 -2252 -1907 -7153 8308 2922 -2933 9771 7633 1179 7149 1185 7496 -1180 1283 65 1171 -1611 8805 -3309 6593 8172 7970 -6779 8597 -9974 6736 9684 3733 -1287 8998 3061 1323 -8892 8322 -8961 8615 -954 -6213 -5421 -3419 -7032 6802 -4467 -222
7283 9475 -816 -2090 5752 -52 9141 62 8845 -1605 -1594 2620 9577 1068 8790 3276 -392 7169 -9368 4391 -6680 -1840 9794 1261 -5022 6347 -7640 -5823 -2129 5974 -9589 6 -2974 9257 2903 -2091 1763 9793 -1614 9948 -8260 -8127 -657 8365 -4808 -2823 5785 -8773 -221 -2242 3123 9229 6688 -1037 1746 -1268 -7398 1192 -4187 -4686 6103 -103 -2744 -1504 -4621 -5349 2646 3414 4441 2028 1015 5005 -4110 -814 -5456 -9401 -9028 8400 5051 -304
-7030 7129 1607 7965 3605 -6407 -4995 -8350 5667 -522 -6439 -6231 504 8248 -6507 -221 3905 -1623 1053 -843 -1132 -9910 8480 368 -4941 7636 2792 -4607 9212 2279 4590 -7102 -8996 -3895 1250 -1880 -8501 3760 7172 -299 2100 500 -4922 -3066 7734 -5846 -1534 -8044 4424 -2800 -4445 8315 -8330 -2974 -4297 -9254 -2912 176 -1383 -319 3184 -860 3250 9246 2374 -5450 2102 332 6066 823 1222 8521 -1513 2595 1014 -1415 -6576 4723 7634 -8781
629 -2751 3829 -1685 4454 -4372 9602 4029 -2103 6403 799 2650 688 8624 9029 7664 9804 -3860 -2290 -1835 4604 -1708 -2007 9114 6178 -8504 2474 -3887 -2198 4781 -997 -1552 -3349 -8964 -1061 2121 461 6408 -7452 6215 1906 -2364 -1456 5166 -2316 -9202 -6313 741 311 9269 -167 -1285 -1569 -8608 -9705 -717 -9215 -9700 679 -3937 -3385 -614 -4201 7398 -9801 9775 8846 -9943 4769 9467 6214 -2644 -3634 -3259 -1224 -2285 -5045 9842 -3101 -6635
6533 -3739 -1091 1656 8035 -5634 -6411 6659 -1825 -9574 8924 6941 -2536 7662 7901 -8206 818 -5441 1807 1856 -3872 -3084 -8945 -2066 -4982 3440 -521 2039 9466 1409 -8242 -3732 7496 -184 -648 3382 -5921 514 3374 8346 -2663 671 3049 6355 -1203 2211 4674 2248 -8079 -4297 8184 947 7885 411 4011 9619 -1726 -8107 -4450 6074 -9787 6686 2502 2960 5840 -7899 -9733 6670 6299 9056 7152 -9108 2930 845 9118 -4788 -1786 -2471 -7943 -4180
-5185 9367 7065 -5616 -3301 984 -7238 -8518 1562 3309 -3427 -7960 -9368 1001 4731 7165 587 -2564 8394 -9184 6626 1757 -3459 -3120 -8512 -2642 2971 8463 -302 -4729 7516 -2275 9350 6219 3922 1719 8538 -7956 -4225 -1131 -267 -2549 9789 -9344 5186 7138 -2928 45 4379 -3476 -296 -6669 2436 -7191 7158 8174 -3379 9453 5137 9988 -7454 -9962 9585 -8420 1408 -2342 -3380 425 7322 -862 796 8978 2768 9107 -9487 -8258 600 5961 4245 -7215
-6239 6314 -5486 4020 3955 -5856 1194 -8447 -3418 2750 -9759 -5587 3722 -1688 -1190 -887 3038 4375 -910 -7589 -2536 -2854 -5320 8892 377 -951 -2089 9119 7050 1951 -1147 -9603 -6039 4838 396 -4213 9487 3560 -4893 -4498 -2597 -4230 -1829 5101 9810 -8117 -8524 -7100 -7841 4270 -8368 -4379 673 701 8083 2392 -790 9666 -3547 2725 -7897 4275 -5249 -58 -8339 264 9538 -4912 3718 797 -9505 -3271 -4037 -5364 -8259 -7520 -1735 -8304 -4162 2564
-263 -8667 3995 -1115 7383 3089 -2991 -6310 -7016 451 6198 -726 -115 -4645 -7319 5042 -244 -6352 -9345 1862 7722 6145 -4358 -2558 4473 -2312 4042 2687 4663 -458 8760 -9166 3906 9519 6877 -4502 -6392 -4020 332 -4935 -6750 -2122 -3224 3921 7066 -6694 8973 7405 -3545 -1551 7096 9957 3418 -7331 2394 -6536 4257 2082 3321 -9591 4612 -8097 4895 5178 -3217 -697 -2488 -2091 -6119 2181 -1240 -5097 8536 5416 4195 -6727 -190 436 -5444 -8075
-882 2388 1991 2175 4646 -5699 8479 2995 5661 835 -3856 5305 -9518 2199 5989 -8024 -9029 6921 8220 -3354 7521 8805 3237 -5550 7303 -3611 7831 -7175 -5613 -3969 -1115 -2666 -8512 -7311 -8542 -6180 -6095 -6210 -5555 1649 -3501 2810 -9792 -1590 2627 1819 1852 -3209 3020 4831 6775 -8612 -9016 -5347 226 -8661 4361 213 -930 -9681 7545 -77 -1218 -2108 -1842 -81 3182 -7714 6068 -207 8489 290 -50 1399 -6119 -5517 4645 6862 8675 -5388
1560 9148 -11 -9031 -4330 -5806 -5263 415 1872 -8502 -2214 -2277 6577 6854 -137 2016 9896 9145 -3190 -1675 -9253 -5418 222 -324 8427 6378 6983 6079 -1587 -4686 -3499 -2833 9096 -8207 -3399 4933 -9114 -3337 -6717 -3178 1147 9212 -8482 -2147 2453 1550 -3105 6086 2546 1031 4998 -1038 -9490 -419 -2852 -5081 -9832 -1140 -2911 -3114 -3086 -5197 5283 -7432 -6460 -5032 -1563 5789 -7093 241 -7643 -8472 4347 -8393 8455 -4556 2997 564 7273 7167
1584 1419 5886 -699 8699 -5707 -2090 5968 -154 2691 2512 5616 6228 218 -1067 226 -5333 5191 9976 1920 -3917 9672 6409 361 2782 -6780 1699 -3919 -5186 -1144 2337 -8953 -9651 -2373 2287 1939 7953 -7088 -32 -6313 6128 -4426 -6312 -3424 -7879 -2422 4275 -334 2082 1709 492 -1724 6081 -8397 6071 3131 1382 421 -1400 -1036 2379 -1387 8217 -1526 -3002 -1270 -1480 -4117 1939 5060 9622 -293 8106 3350 -8457 -5531 -9590 6399 -7483 1564
-1155 153 -1353 -3827 9233 2336 7765 -6384 -8690 -52 2661 -324 8784 -1307 -7378 4118 7045 5709 -9897 5745 -1729 967 5725 5699 5592 5624 3939 -9007 6529 -2055 6884 -3036 -616 -3547 8879 9396 4333 -8257 -9012 8871 -6867 -1722 8666 9813 7762 -4538 -4202 6807 805 -5834 2050 -8951 -2012 6999 -4052 6707 8939 5489 -6900 2846 -4713 3981 -6749 -5791 7682 -227 -6844 8752 -2566 -9313 -6483 7424 9992 630 -6216 -1153 -3519 -8328 3923 3291
1384 942 7140 -2247 3859 38 3931 -3877 4881 9104 7870 9655 2077 -2081 -8806 -1716 3184 7682 1570 8597 -2123 -5039 7698 -6331 -224 1128 -6798 7911 9417 3539 -925 -6417 -6112 -3944 2446 -530 -9190 9507 1074 4154 6540 3478 -5456 -2890 -1869 948 7328 -1851 1570 -7015 -1296 -6485 4188 -1355 6562 -2425 -8878 -8417 -7212 -1736 -9663 -7421 3206 -2649 -2093 6904 -1632 -6775 -1845 2286 -346 5329 652 -2001 186 -7928 4793 6021 8505 -5316
-9208 -5714 646 1888 2489 -5029 594 -4457 5343 1311 3410 -659 7618 3605 -9616 -9300 -8349 -5502 -4746 -8646 6512 3336 -1922 1578 7567 1683 -3436 -992 -4098 -820 2147 3152 -5011 4883 -2325 -9588 9907 9214 -3698 4795 -6469 2244 7728 -1864 256 -9339 922 5600 7522 3499 -5453 -1888 -1496 1232 -3434 693 -6791 -5915 2967 9154 4950 9089 -7213 -14 2578 -2011 -8187 1827 -2937 -3445 -3394 2191 1647 -8336 -583 -615 5403 -8255 -8741 1631
1403 2109 -1032 -5860 1484 -6470 5058 2387 8675 4473 5690 1406 8903 1581 -7976 1406 -6357 -969 -6474 619 4459 3642 -6355 6246 -9421 2017 9846 -4096 2803 -4834 8303 -3857 -2632 5094 -683 -4610 -7548 -4858 1659 -1682 -2723 7982 -6597 3125 -5589 -2039 627 -1984 -9948 -6477 -1810 -975 -6505 -3806 7331 5711 -255 4873 5934 340 3046 5475 3994 -2356 -4697 902 1686 7498 -7145 -9661 -6180 -5524 6520 6217 7064 4998 6558 -3983 -4974 -21
7800 9640 -4129 4908 6420 2623 2996 2954 -7158 -9335 -8413 994 -3110 4658 -3813 -3594 -5775 3291 -4938 3037 -8578 -3917 3485 -4473 2337 2570 7620 2401 -6980 -5621 -9977 -7404 -744 -712 825 -1892 3467 -4095 -870 3960 7825 -9755 -6005 9626 818 -6016 9376 7650 2121 -3479 -486 -3353 -3767 -892 -6518 2703 -7758 4049 -9640 8790 2870 -6010 9908 -7941 460 5263 4601 9478 -526 4141 -2087 1095 -3568 -1333 -8277 -7885 -8682 -6796 5916 988
9143 -7993 7530 6960 -9320 9162 -144 5240 2287 -4047 -3652 9542 9397 589 -960 -7984 -6084 6316 81 -4370 4093 -2298 -9705 3113 -3779 -2886 1181 -3801 1758 -630 -7816 6457 330 -9745 582 5986 4389 -3685 -4538 -4563 6277 9571 8265 8112 5343 -8414 2940 1342 -6529 -4976 -5505 9656 9817 -1716 4859 -9613 -2539 -9613 1518 1792 2559 1998 -308 -7751 -3857 8032 -3307 -8941 -2815 -8575 -4564 2928 -9230 6781 -6773 -7108 -5878 -4925 -4808 -9902
-2625 -3193 -7194 -6505 -4193 -1933 5069 -9348 -4775 -5866 775 -2658 6140 4532 -544 -4952 -5980 8532 8520 -7955 -9285 6023 -8702 48 -8732 2685 -7786 -2754 -7017 -1947 -837 1936 -4359 -377 6155 -8004 -7333 -3332 7008 4685 6263 -1310 2984 -813 5013 -8249 989 4524 9339 -543 9885 -1539 -2103 141 745 -6482 -7055 -7908 -9063 7659 6696 9383 -7217 -9332 -2560 5711 -1476 5321 8501 -986 -5426 -1608 1931 -3063 9633 1523 4235 4012 3258 9313
2958 9745 -1914 1821 8726 -8658 -4708 -870 1781 2224 -7517 -8045 8164 -1825 6526 -363 6142 5836 -1398 -4312 -578 2510 -6998 -2485 -3092 3559 -7523 1971 -6316 9069 -887 3017 2246 2664 3808 4546 -7457 7381 7151 -9308 5184 -9028 -8138 -3755 2124 4713 2187 -2452 -4239 5470 7776 -6146 -2827 -7439 9241 6068 4673 1613 2604 189 -9082 -4285 -9956 -8483 -690 -7750 -2846 -7377 5752 9574 -3787 -437 -2079 5325 5072 1010 -1824 -4336 -1241 -1103
5765 8487 6082 3910 -5360 1696 6060 1958 5218 5194 -4446 -593 -9508 -2442 -1234 -9407 -6466 -8762 2692 6058 9147 -1045 -9478 -352 7506 7276 3311 -5187 -2432 -8901 -2647 -8204 -7088 2374 8172 1540 -7441 -4814 4976 1674 -9656 5885 9001 -1216 8187 -8870 6336 -8638 -3063 -4148 -6162 2717 -7866 9523 -7170 -7693 -6282 9122 2533 -2511 -2733 7464 -677 4796 -9886 2700 -2286 9356 -9183 -7179 -9892 -2048 6529 6118 8603 9241 4862 6353 -494 2638
8655 -437 1385 -3098 -214 6350 -6190 -5788 678 7022 2196 -53 -662 -2697 7059 -2766 -7761 5255 -7513 1295 9849 -1094 -1096 -4600 -767 245 9206 -9932 -7357 2985 860 8721 6732 6076 -1176 -4866 -8110 -6488 -7787 -8813 -8278 -7985 1979 6806 -9467 -9193 8833 3154 -5160 5609 4860 444 2319 -6943 -9725 -8931 3681 698 7609 -7706 2648 1552 -9899 -6119 -2702 -4825 -1967 -996 8162 -4049 8519 4561 8586 -2633 6874 -2608 -7084 6855 -9424 -7848
-148 -1249 -647 7971 5857 -4262 3298 -1024 -7432 9062 9764 3361 1327 149 -1993 -4910 8355 -7900 8270 9153 9523 3991 -6868 2743 -4723 3512 8257 9221 -9529 275 8639 -2353 5475 -6048 5883 9733 576 8972 1255 -6015 562 -536 -776 1315 -3139 1560 2376 -1560 -797 -9061 6518 2311 -6032 -7660 4929 5616 -655 -1245 9425 3716 -1971 -2125 2670 -4092 -3671 7492 9655 6896 -2971 -7840 -5580 -2657 -769 -6704 1060 9600 -8675 -1114 -8200 6148
1819 3989 6758 5368 9609 -15 -5647 -2890 -2272 -2840 -6217 -2318 5961 1462 -1326 -1337 7487 -3919 203 -2550 1458 4018 -5713 -7780 -6596 -2766 184 2630 -2143 1593 -1927 5138 -4061 -1979 -9886 6835 4094 5168 1116 -2359 -3542 1690 -1929 401 1132 3724 797 -3208 -2220 -5584 -9383 -7862 6997 -9810 -3639 -138 2972 307 9636 5671 4135 1095 7943 8611 3779 8711 -8718 8840 -1407 -5312 -7050 966 -7583 338 -705 -8655 6266 738 -8125 3514
-7852 3592 2667 -5921 5237 -5601 8797 4866 5672 4526 -6217 8674 4396 2403 4247 -261 -9150 -3482 -6919 -9896 5389 4558 8312 -6503 1133 6640 4770 5223 9301 5173 6733 -1374 -2449 -2661 1912 3429 -2673 -926 8708 7949 5159 -4239 5878 9671 -3517 -3614 2456 -8474 -3661 -9203 -1768 2129 -7959 -634 -5079 -3147 4543 -372 1035 793 3484 8855 1966 7828 -3226 9433 2589 7940 -4953 -8937 1738 -8986 -4444 -4647 -8187 7543 5706 4743 7800 1410
2720 7938 -9697 -1285 189 9348 -2213 1457 85 -4927 -4492 742 9519 -4454 4479 -7532 -1016 -3091 2090 -6157 -5805 -9171 3713 6729 -3988 -100 -9096 -8624 4324 -6654 -7433 1915 -5352 -9831 -7986 2260 6768 -1197 -5428 5609 -2576 80 -2054 -1293 655 -3797 4080 -3223 265 3044 352 -8401 878 4778 3000 6314 -9569 3032 8173 1796 -6345 -9363 3818 9223 1428 -6946 -300 3564 8767 4755 -4051 6163 -4287 -6455 -8711 -2286 4827 -2321 6961 -5092
-1807 -1242 -1997 -1374 6667 5296 2655 -957 -8882 7795 1371 -5090 -2363 966 1339 -645 -2739 2196 -9453 7327 874 520 -6563 7296 5570 -1060 8609 9945 -8051 1851 2930 -8643 2857 4327 2499 9862 -3284 3876 1047 -3027 -7703 4051 1025 8459 -6586 4248 7997 -5413 1928 7644 6344 -2060 1393 -4300 2290 9566 -3161 56 -9507 9647 -2727 2292 8180 -5764 -4247 4251 -3714 -6104 2761 -55 1230 -1275 960 -6154 -3088 7166 2372 7304 -2639 -840
-5248 6202 1018 7123 -548 6589 -9714 4384 180 449 2782 2079 3176 -5467 9750 4728 -426 -4884 6648 4885 -7979 -4215 -4342 8069 -2734 -2071 -4358 2859 6699 -150 8801 6156 8109 -7167 -9909 3797 3876 -8733 5395 5075 596 5634 -1728 -2617 -9029 6817 -3832 -2958 -2225 -948 7623 -5675 -2665 1430 -7903 9393 -2416 5082 789 1874 -158 -3651 -2563 8675 6766 -3450 7527 4209 6064 2923 -579 5816 296 -2616 -2187 -253 -1838 -8164 -235 5958
-4092 -9081 -4878 -6028 -9699 -9316 -8583 7616 -1318 8691 -4716 323 6957 7822 7462 -7629 -6627 4347 3075 6871 952 -3271 -1828 -4400 -6017 -4788 4687 -9292 1235 2182 2381 -8384 -2395 4006 269 2648 8345 -175 -3904 8721 1600 8947 -2091 -1775 -3224 -759 9577 -328 6717 -8306 -1062 -1143 -461 4738 -7620 -7770 8109 1927 -6138 -1493 -1541 -7926 -80 -5741 6047 4056 2037 -3085 -1484 7161 -7769 7844 -111 -1049 2483 -7877 -3168 -5246 -9676 -6006
-6906 -1855 690 -8306 8430 -1435 -54 -951 542 -4656 8766 -9464 -2386 3605 -2291 -5452 -8647 2257 -9268 6813 -8379 7041 -4930 970 3474 9349 9075 -2197 -7380 9379 9375 4742 6220 7907 -6469 486 -6779 -5554 -2071 6421 1971 -2752 -9482 -6661 5324 -5505 6055 -3021 7411 4175 -204 1383 9142 5735 -4828 465 3001 -6280 6971 848 68 -3175 6675 3000 -66 5757 4833 -6197 -3812 1207 8537 6438 6364 9605 3278 -2925 2755 -1836 4795 -3104
-403 2837 -3933 3499 -269 -2779 -2214 2315 -6388 3424 -6587 164 -128 7497 -423 861 4701 -3854 -3062 -4799 9754 587 -2395 -713 4074 2225 -4298 -15 -6229 1653 8319 3974 -4840 3808 1461 -3481 -7409 -8558 992 -8887 -2180 8751 -260 -1795 -6233 -2361 -4155 -2019 -5532 8724 354 7570 2907 572 2973 4270 -1836 4003 303 7771 5380 -397 -5587 -7518 -1553 114 4646 5266 4289 2607 1450 -8934 -2536 -8309 6708 6540 -1742 -5864 -6719 -2092
-8815 3281 -1223 6640 5193 -6125 -1519 6822 -5538 -1947 8204 9649 1759 -7122 -871 4776 -7758 90 -6191 9173 9325 -846 7492 2055 8768 64 -2733 3280 -6399 -788 -3348 4776 7190 2356 -2100 7752 -452 -5819 -7362 -3392 -1916 -2218 -225 -1026 -7767 7270 -3132 -404 -1519 -8456 7952 -1906 6245 -2811 3871 -7001 3037 -2834 -4287 -5582 -8029 5231 -1192 149 -2449 3325 266 -5802 -3370 -7383 -6213 -924 8554 1823 510 5356 2186 9896 -2177 -7139
7285 -1852 938 1017 7930 8887 26 -6143 9421 4586 936 -5094 3606 -9209 -2717 1909 -1697 8253 9383 -9303 5021 2162 -7400 -2746 4957 -1386 9588 5249 -186 441 -8662 -2404 -1423 4999 -1467 5979 875 8609 7941 5462 7314 -6904 1402 -2616 -3724 -3584 -2307 -8439 2261 -2818 2269 7614 -7324 5115 -9403 -4731 -1476 -683 -6066 -9697 3318 7959 -5164 -4471 5613 -9000 -549 -4343 728 5129 4289 96 795 2220 2484 2564 8127 -8374 -7960 -7899
8477 6318 -2587 -2015 -1351 -354 1551 -5741 384 339 -3240 5770 -1214 660 -7873 -5228 -687 -1343 -40 -2813 3985 -751 9357 3260 9257 -2119 -2902 2971 -7405 -1674 1294 -5906 -2138 -1665 -4850 -1866 1791 -72 -2323 -4419 9263 -5665 2487 2462 2659 4831 -6599 5716 3862 5900 -2642 -1709 3527 -3092 -4281 -90 6778 -4568 -9457 -5484 -3000 6268 308 6154 8650 921 -8256 1215 2482 -8380 1047 -1322 -4851 1749 -8797 -2380 -2820 5913 1997 -7821
-3200 -7392 -2981 -2200 -5849 7223 -9349 -6570 8288 8383 -868 3671 -3807 253 9387 8725 4271 4232 -87 3887 5346 238 -3435 -3395 -267 -1135 -6316 -1749 -481 8496 9412 7050 8688 6922 -6528 -141 -3831 -3528 -8466 -2301 -9562 -5997 -6703 9181 -1266 -3643 -993 -2851 -1641 -3661 -4006 6697 -1455 9758 -1584 8431 -2247 -7216 -5571 407 810 -2486 -9499 -824 -8387 -1978 -7907 -6700 -3969 -1544 -6382 -1570 -5529 4528 -146 -44 -5969 7304 -9512 -8610
9782 2120 -62 -6237 -5495 9133 -8437 3373 -3912 -4230 -5171 -7348 2592 -6938 2066 -7417 -9514 -3664 -9823 -4965 1912 7189 -9771 -8441 7500 3642 6302 -3446 7661 1251 175 -9700 1336 1674 -1917 -1020 -5772 -9706 -1626 3246 -1996 -8340 -8411 -9643 8225 -2828 6073 -8715 -134 -2237 4130 -1641 4155 4465 -8921 -4435 -402 7690 -5585 -4651 -6933 -3581 -134 6200 -8094 -5233 -2389 -5941 -2509 -1973 -1327 -7760 -6854 -9319 3898 9053 -6496 3677 -5792 -2993
-230 6032 -1838 1511 -3578 9291 -2198 -1918 -2782 -1873 3102 -841 7993 -7077 -4622 110 -7160 -9327 9605 -9512 -1242 1742 9637 -4709 -7987 5024 2163 -2648 -2570 460 -184 -4904 -5099 5305 9266 4047 6677 -1204 -2660 -6876 9565 2238 -9266 50 -4202 -9835 5254 5975 327 -2404 3614 -1093 9428 2277 -5035 8268 -2980 -8000 4579 2190 -2464 -9465 -9056 2722 4723 -8392 -7423 6802 -6333 -3355 1442 1676 -9297 2289 -9182 -3925 -2534 1871 30 -257
-233 990 -3614 1965 -5369 6619 6849 -8997 4106 8870 8908 -4750 4115 3364 5832 -8333 -9936 -2782 -5396 -9246 1809 2511 1600 2303 6905 -5306 -6035 -6034 815 4049 -566 -8574 -8672 3535 4119 -1486 3755 -5263 -791 -8305 -1716 -7411 9293 -6552 6306 -9518 321 2780 2417 -2346 1425 -8933 -449 -7363 8735 -1123 -933 2025 -9392 -5257 -1556 6386 4863 4622 2747 -3798 1560 938 -8426 -2322 -8958 2287 2546 -7013 3494 -2973 -8670 -5062 5945 -5180
-8535 1804 -4598 9798 7053 -1908 8669 9658 -9077 1263 -5206 5163 -9814 6977 4536 5711 -4251 227 -5986 -9681 1300 -7218 -7061 9583 -6949 -4686 2887 7468 -2757 -4588 5282 -9343 -9968 2260 -5923 4930 -1734 2068 2540 4740 -9882 -8219 5811 -167 5332 8606 7585 3843 -5823 -9351 8291 -8993 -6219 -6833 -7196 753 -4428 -1053 8001 2645 -3737 768 1755 -4387 -7550 3971 1721 8263 -987 7378 5100 -5119 2739 -1709 -7161 2765 1469 -9370 5626 -3561
3719 9617 1293 -8236 2334 -3358 -2307 2742 5335 -1426 -211 -7496 7625 -8195 -7941 -1355 -8496 8040 5767 -119 4924 8222 5787 -5933 -4496 2469 -6055 -5678 9668 9284 6660 -6865 6115 -4785 5887 8689 3485 -905 7259 6108 -6406 894 -7277 -9094 9589 -4004 1727 -2132 3639 9187 1613 4433 -8345 6904 2123 -397 -4545 -3780 -8445 -1400 -3286 -1980 -2302 -1067 -6499 3303 -2122 -9712 -7129 -4435 -4995 2261 -762 -2000 -3343 -3662 1182 -5555 1225 4992
193 -8516 -3036 -4294 -5827 -3809 -5243 879 -6967 -9145 9436 -7117 -9301 9170 -552 2632 280 -4467 6428 -2586 -8800 -8059 379 1761 5137 5368 3402 9344 2035 -2752 4323 -4589 -6224 6284 -9123 3636 2169 1240 -2667 6131 -1153 4612 -9443 -861 8304 -22 -3026 1639 6481 -1190 -6087 -6670 -3188 1201 -6356 1550 2653 -3542 4365 4060 932 -188 -6365 9198 6179 3594 2578 2781 4715 -9581 3836 8522 8415 -5382 802 -4278 -39 9017 493 -7320
-7742 -2767 -7530 -476 6901 3509 -2252 -9422 46 -4379 -3992 5955 5809 7766 8008 -704 6426 -5166 -793 -8432 2729 1136 -733 4035 6449 -3037 -6697 938 -9562 -7018 9031 -6988 320 -2110 5270 1668 9089 4407 -9317 9552 -4898 -422 -892 1252 2683 78 -1827 -149 -5878 -4872 -9240 8142 1860 6290 -30 5038 -1032 5547 -2232 -5256 9386 -4041 -9410 -7106 9621 -1284 -8505 454 -826 8008 -6878 -2501 -2251 9527 -8359 7023 6721 9796 -1246 -9419
-902 201 9776 8614 5835 4578 2015 284 7091 1728 -592 2496 7334 951 6014 522 -4671 5968 1749 -4499 9567 2039 -7880 2443 6920 -4238 5003 2260 -6707 -5977 6074 -4021 -5946 -9488 5104 -167 7534 1920 -7824 2139 3170 4010 -1344 -7074 382 7762 -1305 932 -5342 2690 -4201 9546 848 5077 7185 9940 8409 -7948 1351 9572 -5041 -4060 2501 -4144 9074 -2989 2616 -6740 6221 5085 -4978 3821 -9734 6747 441 -9791 -1891 5340 2437 1184
3424 4362 -374 491 -7662 2080 -7739 -6399 9839 -4895 8780 2413 -507 5869 337 2526 7503 1808 2249 1418 4777 7223 148 -465 9789 5138 7449 2294 -6067 -933 -1873 -7743 -8791 -5816 -9466 -311 -2775 9930 1637 7916 -7945 -1242 -5049 -6162 -1042 4076 -237 -3821 -4832 666 -4162 -8139 -9697 640 855 -8056 -8265 767 -1090 -8151 3504 -5403 6766 -7920 -3234 -4429 5991 -9437 -3645 -818 -7360 3132 3079 -6762 -4301 -4272 -9893 506 -7546 9072
2741 3434 8291 -4454 -1093 2951 -8233 1728 9241 6066 8163 -6243 -3945 1536 -2346 947 -9393 5032 6380 -845 1344 -3320 -4234 -2606 -1977 9312 7067 2120 4997 -598 2919 -7396 2062 -7600 9260 2603 -3765 9229 5340 -4699 -2110 2620 4620 137 -5215 -4659 -231 -6905 -757 -537 -7913 6663 558 701 -7973 -6050 528 -1437 -1952 -395 -2368 3408 -1700 -9835 -2780 -4268 2541 -4602 2290 -7088 543 -2105 950 -8396 -2798 8713 7057 -7556 8420 9489
-8268 -241 -9791 5404 2361 -8768 -672 -5720 2698 992 6718 -7240 -9944 -1608 -1777 -1043 -2958 -927 -2759 -2692 1467 1602 -6898 9928 -7923 -2210 -8648 5539 7295 1092 -1297 -4315 5416 7055 -3757 -1962 8672 -5249 -5276 -1329 -1609 3290 -8276 3344 972 9791 5726 -6527 -7044 5912 2617 1656 -8640 -386 5542 -7770 -1572 -9263 -8970 -5031 5673 -2513 -1327 2311 4840 275 1779 2083 3331 1488 6647 -3435 1229 -6185 1618 -4081 3388 7859 -2508 -940
8638 -9479 -3971 966 3073 8513 6761 7150 9594 -1137 2484 -2454 15 2685 2893 -9093 8333 8349 8369 7895 -1027 -5213 499 -680 212 -2223 -8120 -5677 -5977 -407 3626 2556 9421 -2733 7830 8174 -7647 3598 -1693 -436 7764 -3034 8759 2223 -66 -4391 6763 5590 5766 5038 7192 -676 7294 -5001 3392 -9160 -6992 -9259 1079 7971 1138 7336 -808 -6029 -5760 -3160 512 9985 1625 712 -626 -844 1009 -6538 -977 -7906 6417 -2960 1785 7417
6163 -8788 1063 9788 -2358 8579 -9340 -281 -224 7069 9102 7188 423 3240 3863 9634 9335 -1866 3027 3950 -5119 7474 7462 -743 -644 -4079 4244 -8384 3276 -1175 -5960 -5502 4932 8897 878 -3742 7291 4524 -2137 4605 -3876 1814 -2717 -8702 -3464 -3557 -3445 -5256 978 6338 4463 2309 4625 3417 -9723 -1652 -1594 -11 1744 7223 6771 -2668 -903 5462 8329 5509 -6685 7434 -1243 -3330 261 -6307 1069 -7733 533 3203 1814 -4577 2132 -1169
-7906 7681 3058 7078 -8560 -7231 -1312 -403 -2405 6765 -275 3305 -8343 -9151 4614 -992 8995 686 2149 3841 824 6343 -5811 5947 1306 8218 5844 6066 -640 -1740 579 -2027 -949 -3381 -670 7730 -7883 2915 9749 -1284 -8004 8693 -1327 197 1351 -4256 1477 4940 -5953 -110 85 626 -5185 5754 -4496 -4934 -9403 5813 -28 -3515 3190 -6868 -6899 -6105 -4558 4544 -2770 -4584 8242 -6389 -1707 -8360 -6935 8227 -1699 9548 -3 -768 3957 -1002
-4611 3076 -8621 6301 8166 -2907 8414 -9363 400 -8375 -8076 8159 -168 -5403 -8979 -5288 2330 8657 -1214 -4344 -8901 4421 -1937 -3150 4126 -6952 7343 -2157 428 -6782 -9205 9258 -1226 -2496 -3341 7458 4456 8299 508 7874 -9113 -5679 6901 -3453 7591 -6400 -6627 618 5947 -6825 4243 -1794 -9973 2932 7111 8022 -890 -67 596 9672 4064 9546 2453 -8941 -8436 7667 2374 -8145 5126 505 5642 -1027 -7815 -3885 -1493 2005 -7857 -2532 8803 -3981
-9007 6534 943 9175 721 1457 1981 8961 -9386 9156 1873 125 7041 2693 -5317 -7362 -5267 1499 -1303 7723 2096 -7253 -6760 -5767 -6857 7233 -5998 -2807 -2520 -8389 2547 3652 5960 -8890 -9556 1270 1257 380 -5987 -8333 -8158 9420 9046 3468 799 -3470 5798 3753 -4359 6058 -8256 -4703 -9206 -7119 -5959 2653 2976 9116 8175 5700 3980 3877 -4052 -1516 7638 1380 1938 -7551 845 9237 3882 2124 4902 2441 2531 -4966 1464 5509 8278 -8195
-7502 7024 6049 1214 -1144 7831 8950 3093 -9290 -9308 -2169 -4139 -1019 3587 3125 -1382 -1255 -7877 3559 2803 2366 -3949 9569 5470 -5395 -653 -1897 6266 -3246 6058 -7991 4383 -1802 8155 -8347 8534 3447 -734 -7829 7647 -2537 1204 -5739 -6268 8807 192 3190 -2371 -4877 331 -9045 -9264 5083 1283 -568 -4353 100 -8407 8631 -936 6736 -5981 6553 -5165 1818 -669 5197 6025 -6338 -787 -8308 491 -3068 9041 261 2775 -3359 -2746 -4056 -2754
-8487 -5384 -1099 1720 9108 -7159 784 1143 2025 -8136 -6765 625 -8910 -2527 1962 4237 4654 -8325 -7495 -2198 -8121 2103 2484 4954 -7619 -1748 3495 6269 -2612 -6691 1913 -4420 150 -7755 -4345 -9642 938 5578 3272 -9055 -8866 4191 2251 6131 360 -2095 -5836 -7215 2102 -6803 -8057 9181 3485 -6872 3300 2443 -2079 -3566 9585 5741 -2580 3850 -6571 1175 4312 1317 4256 7815 8987 5226 -6400 5993 -9168 9004 193 9104 8063 6397 -8942 5028
9571 8168 -7780 5487 3501 9208 2852 751 415 -7886 6292 -1031 8433 -9664 1453 -2141 -1807 8020 2686 -8477 -4217 -2873 -456 5173 -626 -1391 3776 7576 5378 1834 -129 3291 548 2563 9479 3242 2857 -6838 -2388 9588 2979 4485 7759 -1131 8954 419 9136 8357 2618 4506 -5109 -6414 -2275 4438 6577 1732 6248 2088 2567 1497 6513 5652 -7395 -2932 441 -2052 4050 961 -2625 5570 -5701 -6748 2043 3985 8978 -3114 -6543 -4325 275 -1712
