90 90
4810 -5494 6148 8329 -9658 3922 -7817 1653 6499 -9912 9751 -3365 2061 1485 2358 9568 1043 2315 -1541 -3537 -4725 -8669 1270 3638 -2423 -6164 4093 -5970 -9985 437 -7446 -476 -2829 -2089 -1276 -4543 2012 -11 -5314 4536 9921 62 -430 363 -1764 1045 -5785 -4126 9457 9880 -8385 -6715 -2998 1942 -1191 -3586 -9160 4413 3633 -2310 -7215 -1428 6841 -9307 -7509 -4545 2348 -1758 3067 -6707 9356 1901 8676 -1354 7790 -523 -3448 -3498 -6524 2222 -4707 -428 -1861 2624 -2131 349 -3944 769 9837 8508
-8973 -8355 1481 1888 2732 -3708 -8833 -1200 -4836 296 -8470 -2698 -1077 3349 4075 1756 -4166 1029 -6856 558 -2576 -7552 -4969 -3254 5633 -7007 -428 -770 6090 2978 -1191 -6306 -5105 -1178 719 4491 6848 -1104 2098 -9541 596 4092 4718 1982 767 7631 8279 -85 2742 4378 9813 -1392 8324 196 -3731 -1270 9749 -7528 5346 8166 3340 -7157 -3572 -350 -8942 -5308 3714 -8292 3460 -6997 4518 -3441 -7868 -3467 -1921 481 -9561 -4347 5366 -4308 -3087 -521 2061 7712 -6232 -6619 9170 -6541 642 9932
-2420 -1111 558 1098 9254 -1264 5474 5048 -96 8731 -1528 -6045 -9695 -7618 -5741 5124 2113 -7730 7747 -2250 4730 3241 1152 7490 -1426 3150 3452 -9668 2005 -1978 2823 6346 1874 7335 -3456 1746 8588 8824 1615 2159 4188 4865 -8093 -6519 2076 -5946 -2454 6614 -8173 6881 -1998 3706 -451 -4853 -2041 9702 7652 7723 -7985 3039 -3180 -6877 2724 5282 -2012 -5414 -1363 -6892 5542 6423 -2356 -3711 8387 -4901 9345 -3076 9725 3144 -2631 -4644 1062 7470 4296 -4701 -1919 5190 6170 -2419 1329 -2294
-5910 -9581 -6184 -4150 393 -1636 -290 5842 9990 -712 3237 1068 -9074 8698 8710 -5127 -5094 1218 -2627 3085 -8977 2299 -1962 -2650 4083 -370 3216 -2222 3108 -2827 -6667 4111 763 2989 -6423 -5861 9495 -8385 -2245 -9965 -1433 -3766 1175 6151 -2295 9727 3094 -3751 -8763 -5603 -8845 -488 3347 749 -1835 -9188 -6111 3930 -6500 301 4341 -8958 -7025 6807 -1392 -6111 2923 4923 77 423 2564 -9974 -1404 -230 9711 8680 6165 -255 -7554 -7062 2929 4502 -2827 9224 -3981 -313 6328 -236 7050 -516
-3086 -9089 3903 5226 -6611 4861 -8566 5411 5556 -631 -3035 -6264 -7855 7213 2000 -3433 2810 -2048 5676 2888 -4491 3267 8247 -2572 8173 4016 2735 -463 -4706 866 -1654 3344 5131 172 -514 2433 1553 4673 1132 -8201 6112 8665 -1185 -8036 -7271 2179 6164 -2014 9129 8797 4970 6620 -8223 -1422 61 -8083 2100 -8733 -2313 -8751 -4311 8695 6594 -318 -3949 1517 -3740 -9458 3292 -723 7090 3714 -4465 -8322 8192 4249 -4651 3447 8760 -9302 -9869 -4018 -1809 -1290 -8384 -6967 -6259 -2925 -9903 8097
-108 -9114 9945 -3258 -2158 -4654 4467 -4708 2303 2637 -5187 -6643 824 2029 -2406 -9745 -1335 -9801 -1915 -8745 -2733 -9471 917 3020 -336 -3122 -3757 -8959 -2185 -8137 1566 -5978 1591 -4639 6183 475 6715 -1489 -5229 2177 -234 8082 4214 9682 4799 -6842 9807 7766 -7046 7667 2903 -6649 -2945 3083 -6241 6428 5543 4725 -2278 2837 -1264 -2840 5153 9867 -5850 -9262 7826 9882 -552 -4038 -8395 5509 -6253 -2130 966 -3471 8933 1002 8460 -2529 2605 -2743 9535 -4888 2342 -1545 8962 1251 -4342 -9554
-7196 -7657 -3303 840 -649 -8097 -1126 -3303 2216 -1864 -341 -7437 -8046 -2671 2697 -3660 -2417 -5258 2924 -3740 8238 -8867 -4445 -3542 -2884 4804 -3019 8185 8583 880 1726 -2985 -6446 1627 -4494 -1259 -3349 926 2042 -699 1387 -5956 834 -7670 6341 -9711 2749 -3472 -1929 5908 3924 9600 -932 4154 9845 -2191 405 1359 -689 -4412 -2688 2324 -1838 1242 8812 -8268 -1878 2368 -3237 -9456 8534 4537 5450 -8078 -8703 -7106 -1824 7366 8745 -8751 -941 2668 7163 -582 -6414 3224 -2469 -7202 7634 -8665
7446 -3553 781 -1741 2438 -1398 6694 -8555 -8877 -1592 1145 -8410 7994 8753 902 2231 1469 -1728 -9423 -1682 -1101 1992 2814 1937 -7027 1230 -3709 6221 2365 -703 -4796 -1680 9004 7016 3215 6141 -4902 5212 -8877 1544 -837 -4433 8754 1657 -3126 3667 3389 9869 -267 6672 -451 -629 -7690 -3147 4523 -5430 -8747 -3545 8224 -7975 -5966 8438 -7426 -8982 4690 -8129 -2260 -8915 2527 -2524 7760 -9907 8413 -5549 2431 6687 -8555 -3216 -9409 -2226 5385 7923 -9835 3023 8926 7480 -9428 -9544 -3940 -4838
6215 -5864 550 -8072 -2980 1066 -217 -5533 -2734 4303 1152 9558 7663 -5469 1414 -443 1088 4603 2520 -487 -1841 5221 -3496 -5079 3351 -9598 -7148 -2175 8969 -1529 3372 1573 -3090 4719 7016 2580 2530 3740 -447 5322 -4141 1234 -1305 -6155 -5450 901 -8799 -6540 1093 -125 -1341 9416 -7182 1159 9351 9662 8695 -3636 -5537 2497 -9274 -2248 5893 -3831 -2337 -7452 -945 -9626 7996 269 1094 8907 2367 3947 9899 1306 5441 795 4840 9342 -6895 -9893 6027 -7555 8310 -422 6854 1271 -1644 5872
6430 -5629 -4552 -1717 -2270 843 -2133 3360 -467 2187 3219 6460 -8717 6845 8614 8602 9156 7619 37 -5055 8497 -3507 9324 -5860 5664 4377 1723 -9780 -3525 -5891 2661 5122 5780 9603 -8162 801 1351 -2689 1501 5353 -1164 -5158 118 41 -4565 545 -8769 9439 -5990 -8550 -8021 5506 -9578 74 -63 -1897 8494 -201 -3068 -7921 8805 5889 7522 -6586 3154 -6068 -4312 -6746 1137 297 7545 5497 1167 7051 2533 2356 5196 6104 -9568 -2619 -5392 -6708 -1794 7587 -8740 -5396 8245 -5492 -6373 6195
8842 1611 -4676 -2784 -1156 1849 -4505 -8590 -3594 -418 -6011 -2051 2058 -6704 3289 9994 -2385 1134 9092 2161 -1364 5149 4275 -8316 2906 3122 -8558 -6047 15 7749 7539 -8216 -1923 1236 7812 3411 2105 8878 -2167 -8819 -5753 -1833 -1205 6112 -446 5500 1196 -2500 745 4949 8348 2045 892 421 -4861 5982 -991 2015 5224 -8381 4510 -3389 8314 4662 6041 -1867 -5733 9287 -8067 953 -6558 -7554 -8612 4621 1103 863 -8967 335 2166 -3927 -2301 -1531 -5909 9930 -1272 5443 -6832 5930 -368 1627
5779 -6205 3409 -9051 2473 1391 -9611 1120 2341 7246 4817 1579 -13 -3676 -1915 -3264 -938 -7232 261 504 2634 -8325 893 -2224 -6638 -3610 2008 -3608 2412 769 669 -9092 9181 -1408 7545 9455 3568 -2338 9130 -1299 -5158 -1575 -7284 6802 -1252 3520 -3487 1393 -2325 8068 -3350 8919 2645 2286 5673 -4754 3478 28 -685 4690 -5743 3953 -3447 -9005 9704 9492 -1364 5705 5376 7824 -1940 -5557 -855 6338 9546 -4592 7076 -5966 302 6256 -6032 -9834 876 4877 328 7088 482 -4931 -8528 -6976
-6805 -2084 -7355 8092 1101 -4035 6307 -7883 8468 -2522 -6983 1783 -2843 -661 6952 5823 -997 -3764 -3436 1814 -8490 -1485 -3675 9842 -1862 -1288 4036 -2093 -7239 -6018 -265 1399 722 27 8623 2178 -5183 8776 -6031 2084 -3304 6545 6631 -7305 1950 -2531 -4586 9631 -181 -2287 2668 -2712 9491 -4329 -487 -92 8948 218 -1896 1348 2552 -3823 5251 1088 -1940 4680 7307 6049 5325 362 5067 -6752 9473 2494 -640 -5557 -2990 -703 4044 977 7560 -6208 -724 -2229 -6663 -5651 8083 5128 -1158 -4579
-1189 1445 2806 -6075 1965 -219 -8041 5820 7551 5931 -312 -6156 5991 -157 5885 -1473 2784 2396 -4377 8330 -9230 -533 8912 -6263 -4405 2012 -4216 2699 7231 -4183 1133 6433 3881 -3665 7376 -4117 2503 9352 1299 1302 4348 -4431 847 8827 9459 -6957 1678 971 2153 -6220 9841 -2179 -7664 -5980 9163 -8500 -2429 -93 -5509 1874 6779 -104 7896 5926 -1718 -135 2646 5677 -9809 2664 2065 -3671 4609 -5006 7410 -7432 -5279 -2655 5763 -2091 -1450 -2887 2261 5402 -3250 7988 -9628 -3655 -1598 -889
-7518 -4887 -7496 3819 -1319 -2353 -3899 -6599 -5224 2099 -8748 -713 4307 -3549 3326 -3030 -7937 4644 2412 -4676 1741 5089 8067 -3565 3670 -304 3509 -7007 -9696 -7777 -3400 5198 -835 8138 -8228 -945 5963 4162 4937 721 -9799 5576 2263 -7677 -3914 714 4643 -4729 -1213 -5054 -5129 8522 -4058 5533 4709 -4108 1410 7267 5112 -8172 -3449 8833 1865 4670 2437 8875 9745 5177 -1699 650 -4030 2709 1905 2986 -2450 -4116 -7621 -8557 6321 -9942 -2404 1335 -2390 -8851 6316 6448 -5998 -2918 4747 -8597
-5579 236 -5814 5639 -5715 105 -147 -730 -895 -6595 4783 -1960 8460 -2996 -9000 6523 -7789 -1436 5780 -4086 -2503 4894 7528 -5309 4004 1166 -2962 -6169 -7408 5849 6560 4677 -6047 -2797 -2567 6163 7285 -5917 6477 5416 2444 4431 -623 -7388 -9122 4557 -2156 -7531 4841 5735 -5127 694 -8181 -2191 1753 -9650 625 -2892 4828 -2184 -795 6840 6114 -5044 -9571 1841 1404 -1990 -6991 -140 -9252 -2100 -3242 -5997 8243 -5382 1601 2289 8827 3736 2085 -5652 8783 5388 -7500 -8059 6629 3413 7599 -2299
6363 8365 1629 3440 3519 -5616 4519 -5272 -870 -2783 9938 7189 -2678 5262 1288 7758 -7516 5238 -4023 -4702 1783 6484 1617 -1748 714 1560 986 5105 -1790 -4807 -8349 -8509 8398 6665 4536 5123 -8041 -3163 1179 -3536 -5892 5662 -6541 -5096 2885 8535 -3735 2561 -233 7101 9206 1158 4015 -734 -9149 -965 9578 -1754 7249 9553 -6019 -2886 -9916 -2561 8149 3723 -2219 -9440 -2559 -836 6224 -1771 -5014 292 1904 -8277 -1312 6397 277 -4102 1802 -3034 8045 -2936 -1059 -598 -4010 1097 -6575 -1059
-6816 -1244 7253 324 8491 -1880 6448 -7027 2070 327 -802 -8172 -4404 8728 3164 3791 -1979 7533 -4088 5250 836 5230 -2944 8717 -3357 2164 -372 8269 4679 -9087 4823 4786 -3832 6401 1506 1712 -3882 6432 -7744 -2145 4025 3640 1184 8322 -9625 -4007 -1655 -8593 -3567 4511 5419 9574 -7875 -2407 1833 -679 -8804 4587 256 -5090 -484 2727 3828 -791 -3288 400 1180 6955 -2281 -6411 2868 -2102 -2709 7780 7435 -821 2175 -6360 2646 -3514 -2618 11 8667 2999 3010 2947 -7495 1831 -1668 5099
-5401 -1557 -7137 -6194 3941 -1618 2095 -3929 -594 7875 728 88 -9036 -8001 -6361 -8602 -2434 1592 5956 -8156 4681 -6520 -1470 -5682 5272 2775 7010 -6082 2570 -7005 8380 2214 -9647 6246 6735 -47 1898 7892 2480 5133 -6612 2682 -5416 -6584 4312 -4562 -4069 -7274 -8214 -4632 8490 -5378 -2689 6429 6075 -2322 -1360 2533 -1490 1890 -3312 9113 6221 5292 4912 -4118 4989 1230 8052 6619 4120 -7467 -3555 4895 8920 -6937 8681 2889 -6842 -6884 -2117 -5863 -3680 394 -748 1208 3231 7117 -1141 -9521
-1682 -4069 2363 -1915 1621 -5611 -2270 -9283 3995 -4767 -1906 3962 -9241 771 -3822 5491 -1896 -3037 7438 -3239 999 1369 641 -4820 -9046 9189 -8252 -9673 -1660 -2563 5206 -4604 -9202 -8234 1514 -6628 -1862 2533 3640 6703 6697 -7603 -6580 -4158 -1986 -4037 -6197 756 6921 -5923 567 -3947 -4780 3816 -2201 -4655 -1261 -6897 6512 -7024 929 8610 -3299 7796 4819 5313 -3405 -9779 607 -7337 -5630 7722 -7960 296 -6042 -6136 2883 7106 -5848 -6132 -7417 -7484 8900 -5269 -2809 -5393 3294 -4904 2307 6736
457 -7614 6990 -524 -3244 -9963 148 -923 4292 -7049 7905 2151 -161 -7298 3495 7024 3412 1369 -3308 -8969 -8792 -3442 3194 5990 -6886 5541 -558 6420 -1262 8720 4394 6609 8629 1106 -9412 2720 4786 -5585 -421 5990 -9584 -4964 7418 -2720 -5535 6777 -2630 5579 5427 -8784 1022 -6698 -195 -8127 443 -6099 5356 -5020 7116 -6370 -907 -2870 -9506 -6965 5958 -1852 -4146 -5998 5748 3828 -22 -6132 -2768 9206 9196 1171 -9210 3886 1077 2903 -5206 -2622 -168 2053 8844 6473 -6205 3314 -8758 2041
-722 2794 9572 3274 -4313 5706 987 7821 -760 2006 5874 6406 -6952 2277 -4788 9070 -9670 -8784 -9490 -9969 933 -9558 9486 6273 8506 4875 7136 6690 -9439 -5060 692 6860 3232 -9628 -6522 -6700 -6337 -6050 1413 -2291 5206 1545 -2989 9718 58 -39 6365 236 -3353 -7687 -3829 9987 7909 6951 8617 9515 -4644 8618 9392 -7833 -7185 -6839 2839 -582 -2887 9960 -4635 -1837 9481 3133 3010 -8768 9821 1798 -6835 -8244 -108 5884 -5674 -2001 -6675 3625 -533 -5283 1333 5642 -2105 2971 1879 -8660
2477 5342 2867 -541 1565 -7925 -8774 -7727 409 -9916 1265 2937 3476 3300 -5020 5261 8006 -5616 5950 4355 -1739 -7275 -9686 1492 -4289 3585 2454 2576 -301 -9185 1586 -1225 710 -8274 9061 -9973 -5785 -2763 -9133 -3248 9491 -2393 5594 5064 -1355 -1085 8675 9119 -709 -9083 -8353 -7452 1664 5356 -6049 7034 8937 -3469 -7830 -5544 -2709 -6014 -1525 -6151 -3724 -2068 -1960 -4256 1864 9815 -5820 3227 -8378 -501 -2755 -1033 -8805 6477 8434 -1403 -8305 -2276 -8931 5256 -9 -1924 3045 -5147 6398 2664
5943 8722 -6914 6001 5841 9664 5837 -5780 5835 4428 4252 2954 -4307 -5217 7180 2926 -6652 444 7140 -1907 -2169 9297 7769 -2443 2918 -1461 -6647 -3505 -7104 -1573 -4974 -5280 -6120 -2670 -2419 -9770 9524 -4371 3915 4850 9646 -2379 3779 9666 6451 -8688 5163 9206 2037 2049 -1287 6191 -7529 -833 9692 449 -4698 6149 601 8549 -8276 1210 4891 -743 4074 4333 -2344 -4329 -9488 -6497 -2277 -1103 -3202 6380 4895 1057 491 8426 5206 9724 8350 5449 -9790 -65 -2385 4891 8285 -3541 -2269 -8552
7279 3583 7456 -9801 1685 8701 4667 8734 -657 5839 -7956 -8648 -3323 -7210 9925 -8320 8432 1846 5515 3902 3806 -4017 7576 9395 7577 2346 7154 7808 6905 8119 4481 8748 -170 4287 7460 -9474 -5578 -8576 8077 -2817 -478 -1307 4609 -7050 5838 4995 -2393 -2005 -1604 5906 -2532 -2669 6609 -8003 -6386 -6255 -3193 5465 4170 -8463 -2530 -5895 2101 -435 7448 9958 -9185 1510 -2108 1714 -1935 7142 1312 1357 -1670 1542 -4989 -7130 1261 -3789 5245 723 -7860 1429 -7345 5684 -5068 -4781 4333 -3774
-9387 424 8519 6037 3978 -6460 5371 -3506 5446 8036 -5962 -1378 6418 5886 -3510 -8533 -6050 1117 -6792 -5440 6338 -7479 -1034 7403 2509 3272 -1661 -5748 -4759 1806 -6773 2474 2372 2572 -6312 -258 878 3287 -6579 6997 7139 2028 980 608 3620 -6839 3808 -3460 2744 5613 6415 5364 6583 -4964 5340 -665 -5567 9365 -6054 -4961 5746 -1617 -8209 -379 9077 -5705 9269 2189 -4419 -997 94 575 -4312 -3918 9083 -9901 4791 -6947 -5327 -3144 -8661 1256 -2643 5958 -1804 1746 2609 -7150 -5272 29
635 9245 9165 -1046 -4418 -5459 -9071 -7009 -4367 1846 2600 3284 8558 9070 630 -3914 -4109 600 3722 -4002 -2034 -3748 -8795 653 643 9894 2657 -8019 907 8808 3482 1966 203 2599 -5304 8846 3095 -3761 8305 -1747 2197 -94 4269 -5766 -994 -2628 -8908 2449 7980 4897 1662 -4946 9817 -2277 4521 -28 -6431 -1765 8950 3750 7449 -9513 5668 -5498 -9337 943 -8068 -7383 -2784 6022 -6347 7104 -2503 -6947 195 9371 -42 544 7274 -9730 1768 -9672 -705 341 -2644 9356 6367 1990 7943 -1474
9644 -9132 -3068 -6752 3686 -7329 -66 -3813 -4975 2643 -8413 -1057 1917 8343 342 -503 -9225 -9713 1958 -8498 1312 -3421 -159 -9886 1029 -8826 -6404 -4762 8477 9994 -1195 3613 1778 -9667 -4978 1630 -5777 -5009 -2504 -7130 9931 -9762 -8527 -4066 1816 -2648 8224 8010 2127 490 -4919 8555 1919 9267 1459 -1345 -7497 -6497 2295 1886 5844 -9416 8588 854 -1544 -13 1245 -1633 -1027 5244 8681 4893 3224 -4722 -8053 6633 1994 8051 3975 5866 -517 1781 -5180 858 -6374 -2163 -5891 7316 5822 -4763
6207 -7737 2611 -3712 4441 5022 -8751 -5673 -9084 635 7678 8352 -5944 -3022 5988 -7125 5535 -1190 4789 6200 7338 -1321 2396 -50 5381 -4703 -1109 5085 1759 6372 8099 4183 4876 -8473 6538 5491 -8387 -8788 6821 -4072 -9328 -587 -7586 -8272 6322 -1053 5745 5722 8670 -2090 3385 -664 3370 2470 9379 5378 -1779 8538 8940 -8465 984 3474 7271 -8933 -1420 -8336 1769 -976 9208 1208 -8332 712 6423 5362 6221 -8089 -9929 9371 1934 -5649 -3232 4532 -116 -3090 -4582 2097 -6698 -6995 -2549 6123
7996 -2512 7404 -2735 8205 9573 -9809 -3485 6065 -5543 -2074 -490 -3939 -251 3971 -2446 -8209 -1741 -3259 279 6539 -122 6919 7332 936 -1510 1566 -1067 8737 2215 1178 -8675 8324 -4888 2941 -6346 3842 -280 3162 -928 -801 9880 5768 5691 6219 960 6419 2945 6253 6779 1963 9697 6233 -1510 5506 -5691 -2644 3109 -8530 3858 729 -7502 309 -9953 -9124 -1339 1435 8419 -6280 -1613 983 1290 -3737 -9364 -5458 2250 -8595 -7496 -1831 4346 -4977 2675 -2534 -8857 8535 -8564 -6690 1191 6728 3149
6066 -4104 -9824 5702 -4499 -5637 -2140 -6761 4804 3915 1229 4980 857 -7114 -9018 7450 7161 -6455 875 -5361 -192 -522 2622 6981 -7854 -9216 -7349 3652 9013 1802 7221 -8816 3919 1821 -8489 -3281 854 5024 -9341 4128 6890 4177 -3556 -3709 -2287 9024 4402 -9514 -8812 9282 -2019 -9213 9565 -3423 5506 -6402 4417 2005 -2963 2758 -7405 -6339 2842 8142 9912 639 -1105 -7550 1165 3793 -5238 -1106 6844 -6933 3434 -1976 8393 -6796 4035 9012 -3659 4252 -6299 -7323 -7166 -9691 1871 -1257 7874 -8680
-6513 -8251 409 7235 -3159 -2773 3789 2272 -2905 7741 8072 -1240 -3495 -6206 -1274 -759 5729 7574 -3143 -1055 -2908 -8553 9638 -2339 -2676 -4348 -1059 4045 9109 5482 -1950 -3242 -8288 8882 -186 1609 6892 -6279 6142 3119 -1042 -1167 600 277 6928 -6020 -2101 -6152 6152 7446 2426 -8808 -7934 4359 5534 -7066 -5421 8558 1229 7590 7154 -2165 9527 8841 -2191 4251 3582 -9124 8074 -307 -1180 428 -7979 7058 8619 200 -6434 4597 7627 1686 4031 9385 208 8983 -1336 9041 3746 9406 -6262 -1843
5739 581 -632 2475 9867 7783 -2974 -3111 -7223 -1367 8192 121 -2262 -5063 -8101 -5496 -1155 -6690 -2060 -1296 -5311 2324 5078 7565 -9611 -3052 2793 -6052 -3058 -8417 -2240 5242 9037 8585 -5014 -9499 5853 451 -78 7828 -5189 -6303 4046 -8441 -3596 4273 -6638 2945 -3615 -9042 7470 4629 -6222 -9407 -4158 -5316 7371 -9944 7300 -769 -1406 -4001 -4009 -644 -4723 4629 -2156 7173 6746 -9150 -8254 -4388 2406 -5518 -1588 -4996 1311 4457 744 -9483 -5024 -168 5480 9492 5049 -664 4214 1277 6606 -1130
6230 -9417 -2039 -3520 -9683 -3551 -14 7046 298 -8585 9892 -1494 1406 5158 4652 -1443 -3154 -2505 6845 -95 2882 1576 -5253 -2133 -4219 -1629 97 -7440 -7342 1544 -1286 -8306 -7345 1835 123 -6878 7149 -1389 205 6094 1297 4904 -7321 2557 7054 8891 9622 -2894 4697 -696 -3560 -2052 7437 6535 -6094 -7848 9270 -401 8821 7462 9254 7526 -7298 -176 -7556 4248 7212 -3129 8984 -2429 -5280 107 -624 1985 -1916 -5491 1870 5186 -5860 -607 -3016 -2290 8432 3111 -2407 -6360 -7419 -3841 1529 -2623
-9525 6539 2047 -9782 -1378 8436 1855 2030 -2938 3251 -8611 -8560 -3303 -6576 7367 -8228 -7402 -4294 607 -5563 -5526 -3399 -4064 2549 2051 -1368 -9410 8364 -1020 -8560 -8276 2120 -6898 7933 8664 9720 1111 -4559 -1618 -5871 -1619 763 8606 8052 1491 -6602 2535 9489 2197 7656 2704 -6854 -2701 6469 2943 -3123 -1395 -4071 3677 -9009 -6770 -8534 5944 170 4779 7454 3969 -668 6000 7472 142 -1146 -2889 3874 9625 -2795 3443 443 -7983 6937 7260 9576 146 579 -9544 1401 71 7580 -4287 4852
-2360 8377 3692 2209 -4580 -1671 -2320 2829 906 9571 -1933 8648 -6034 1312 8299 -4406 -7012 6596 839 -9202 -6415 -3659 -1007 8742 2371 3571 -4599 628 7783 -7566 -3239 960 -7924 -5700 7194 -3347 7848 2366 -6129 5402 -4340 8684 110 -7013 7054 1743 250 -2265 -1424 -8576 -4511 -4831 -2455 -3591 -7166 1922 1365 117 2794 8500 -2031 -3883 6075 8794 4752 8288 3533 396 -5796 1615 8126 2902 7214 -487 -3652 -6809 -7347 8665 7524 2042 -2668 -7005 -1676 6738 4343 9822 -8618 -9501 -6567 -7049
-5442 7451 -2384 -8178 9772 -66 844 -2607 8115 -9882 9321 -3467 -6616 3904 -1624 7236 -2061 -4195 7439 -9149 5291 -6410 6936 -9309 3164 -4108 8400 -3518 7394 6550 -2729 -3119 -7470 1833 4793 -8483 -4921 -8409 -7816 -1504 7198 -7487 -1238 -48 9054 -6136 514 1411 -5691 6180 5940 -4955 2334 4423 4037 -8223 -3426 6348 -5633 -7769 -838 -685 -6524 696 -4654 4076 -8826 -1982 8498 3837 901 8675 3422 5274 -2443 -4336 -6512 -942 1517 -5269 4046 3386 -609 -5924 8285 -4291 161 -1172 -6059 -2642
7898 -6510 8214 4210 -5470 -8531 1922 5766 -435 9476 3864 -7216 7250 -4201 5809 -3387 2984 1227 -911 -6050 7576 -8521 -4708 -8359 1127 -5511 7465 2301 2350 3658 2744 -2398 -668 -62 -5171 278 -705 -3456 -3355 -2102 1957 9844 -2457 -5794 9327 80 9769 -1123 2062 1999 -6090 -37 8019 -8960 -7183 8954 6948 -1860 2273 -6662 4027 -3107 7082 -7569 -3030 -5127 -5436 8424 -5285 9760 1112 -4668 6574 3886 -407 433 1516 -858 -8789 6928 1420 3246 -6737 -630 8558 760 -4590 7715 -4986 -2891
-1493 6428 -537 5022 6288 9258 -5992 2027 1889 1800 -344 -4273 969 -8664 3856 -6019 -4689 -3919 1818 2999 -1045 7332 -258 9015 -8388 -6406 -4058 4483 -897 -8035 -5769 -9517 -7525 4273 2535 -4060 -5659 7721 8642 1929 -3794 7175 -636 5749 -3391 2907 -2523 -7042 360 4347 -1847 -2117 -2794 8015 -3088 5898 1267 -7859 7462 -7072 -1993 -4153 7903 -9657 1922 -2020 2597 -5723 -7945 -4062 -9220 690 -4032 467 8368 -9323 -4152 5364 -9373 8603 2699 -1733 -9606 9142 -6674 -5503 -1879 -7944 -3679 -799
-866 -3551 1845 -2229 -9150 1455 -4314 7878 4147 -7437 8444 -3002 -9583 -9476 1866 8446 2756 -5444 -8182 -7619 3128 -8734 -3993 -4174 -6708 6921 -1711 -8246 -8374 4512 -311 8489 2751 -865 3573 6503 -6421 8367 -9024 5365 -4225 -7473 -4371 -1180 -5202 -1377 4640 7031 -6009 -2015 6792 -2105 -3355 -4619 6757 -4452 8386 -1918 -3312 2771 -9005 -1346 -2235 6737 9675 9573 3913 5904 4708 -234 5681 -2691 1792 -4952 -6559 7780 -7933 329 -1618 5759 110 5019 2143 -404 -3238 4291 -1580 665 1793 1446
-4966 -1990 -3820 6110 4140 -3272 120 -1083 -5985 -4671 -8155 8815 -3070 -1679 -6655 912 2222 2210 -3249 6650 1217 -5012 1731 6827 5545 486 5114 2165 -2672 -2829 -9392 -7503 -2080 736 -6484 4548 -7097 9437 3413 8723 -3758 6196 -4523 1182 -9128 -5001 -2238 -11 9426 6423 5773 7046 1628 4328 -8392 -3420 9160 1166 -4934 6273 -624 -4574 8336 7403 6446 9151 -7043 8789 3026 2960 803 -6670 3119 255 5187 -3559 9870 -1714 5581 520 8154 4290 -977 -9068 4035 -9626 3997 -7168 7067 7645
2266 -1032 -5180 -382 -1087 -7610 5168 6534 9164 7344 5767 -2417 -6080 -2714 -8037 -240 675 1323 465 -25 5645 -4328 -3703 3299 717 -2188 2166 7675 8835 -4054 8659 -8738 -3062 -4472 -6932 -3884 2031 970 38 -8562 2892 2342 -8 5536 494 3802 -1630 -392 2363 -7928 -6927 -8990 2237 -9705 -6055 -1786 -465 -1190 8902 1626 -1273 9214 5246 -5181 -9659 1011 -2857 5096 -9167 -8413 -3697 1764 -9125 -9525 -1286 894 -3372 -7723 636 -6870 8012 5985 7194 -1281 -6013 -1309 3276 2776 -2078 5547
-738 3782 -7135 8632 4526 3022 -2471 -1448 -778 2114 4112 -5554 -5168 7357 677 6559 -2592 -1754 427 -8654 942 6683 1765 -1715 7281 -5955 -2318 -7411 -5349 1836 3795 2810 -554 4530 4790 -1909 -2275 -229 -3837 200 -439 -4955 -4864 6089 7091 6332 1215 9187 6694 -1157 3753 7156 980 5989 1382 7728 -2356 3987 -1807 -9899 -7570 -9222 -4704 -2451 -382 3403 -4525 564 -651 5619 -2474 2530 -2433 4482 -3041 -99 8491 9905 -8016 6769 3817 9597 9064 172 2175 -9030 8240 -246 1204 8897
-4287 9814 9924 -6038 -5814 9254 7567 -3555 -244 4197 6504 -4391 5183 5622 3734 711 6642 6814 2006 1837 7514 -3354 -2264 -8420 5687 2727 5726 9197 97 -9111 -6224 1661 -8721 -9043 474 9773 6211 -2692 1372 7289 9467 -8793 -9225 897 -685 7508 -2168 -4507 -7283 -3548 -3894 -575 -6987 5532 6723 -2585 2103 -4531 4753 6267 -3867 547 6200 -5800 9378 3090 3668 -1530 1369 316 -4677 -2221 -6099 9486 -126 -7570 5779 2604 246 -3117 -2965 9533 -9563 -5415 102 -7354 5498 668 -406 -610
5992 -3630 -1773 9928 -9068 -2289 -5220 -2147 -5874 -8797 3144 -1598 -6746 655 -426 -2262 1367 5992 -9186 8943 -3025 -173 5303 -4847 -8035 -9269 -9672 -5409 -8813 -5934 -774 675 2563 -8296 -3496 712 845 4648 6054 -8951 -8773 2678 -2542 1322 -7692 8512 818 9488 -4261 1365 -7704 940 -3016 155 2297 3188 9184 8665 6594 978 2205 -4190 -838 9750 -1203 -888 -1258 -5506 -3930 -3853 -5304 -8157 3196 -662 -5885 -8961 6778 9791 3099 7149 3735 -5272 -55 9395 -5275 9463 5563 7403 4801 2052
-917 6190 -3129 3164 6311 4780 5031 6718 9205 -535 -9875 -8961 10 -805 -6359 1084 1412 -2066 4116 412 -5635 7611 -8333 2914 5806 5957 -2314 5346 -334 -1188 -7526 -8725 -9072 9556 2657 4200 3752 -3556 -8016 875 -7865 -5637 1080 2643 -1901 -6015 -9094 -6968 -3747 7341 1738 2679 1484 -9628 -2983 -3106 -8141 -1424 -1957 5899 -3761 160 -6384 1596 5572 -3204 2710 -2258 -1640 3022 3276 5902 -8612 9806 -6329 3955 5248 7596 3082 -6650 -5595 -5106 -6989 -1441 9013 -5568 -8998 3815 -2165 7446
8413 3906 1076 -5245 -1245 9962 9615 -5647 4359 1451 2074 -970 317 5191 -6440 5649 791 -1105 6243 -1899 4690 -7619 1578 -2066 -1900 4537 -8510 8645 8537 -6628 -8293 -7591 -7809 -232 3895 9293 1135 -9502 5715 6244 2292 6738 7995 4345 -9490 5750 1028 -6623 -481 3150 -4695 5500 8366 978 7170 3004 6583 -2351 3880 6765 -144 1206 -1629 737 4353 9355 219 -8767 4229 -6744 -303 -9043 349 -6696 -4269 937 7531 -8204 1832 -5334 -3336 5529 -4027 -4751 -2174 -6983 4227 160 -302 1652
5410 375 -1515 -4671 2589 7686 -1405 -7677 -1662 3748 1248 -136 -6196 -636 -450 1819 -3838 -7692 4793 5096 1300 -8008 -5370 7298 -9582 -693 -3331 -1202 8219 1087 3170 5590 -7004 -147 -8427 -2222 6277 5621 -406 9678 6227 -699 -3135 6206 -1520 2304 3668 -7917 -1569 2402 -778 -7050 -8889 7252 1753 1129 9251 -749 -5436 -6660 1004 9719 7218 -9239 -3414 -3761 -8575 9907 -5878 9806 251 -8988 -5527 -2468 -610 7867 -9093 6173 4690 8253 7635 6473 -8609 1074 -1510 9290 1268 1615 5607 -4887
-169 -1692 3589 6378 2558 214 1312 1890 503 -5694 3727 4657 -9612 5625 7563 9983 4617 -9950 -9810 7989 4588 -8635 9670 -6003 -2251 3328 6923 3963 -9083 -1427 -4844 3299 -8362 1018 2294 535 -2918 8052 -5451 -4981 9140 -1168 241 -975 -4618 -7684 3952 -8860 5876 9832 -6488 -5416 -5283 6792 -617 -2399 2057 821 -9272 262 -1215 -9621 6769 4258 7232 4046 5360 6975 9483 -8671 -5270 -938 -260 8760 -3290 -407 9475 -5181 -2693 28 2564 -2343 -2789 -1428 614 -4067 9804 -3454 300 6944
3550 795 -2831 -1637 4806 -6883 -377 -9961 -4641 2400 444 -8841 5521 2978 4329 2822 -524 -3753 7545 1749 5403 -1870 -3704 397 -5995 -923 -5269 -5420 5711 8878 -7331 5938 -3900 9018 2715 9300 -8763 2214 6712 5402 8379 -9900 -6985 -4482 -109 -3467 9890 -8555 -9814 5430 3036 1866 80 2546 -9168 -521 2537 -2412 -320 4963 -435 3697 -9886 -6729 850 4772 3267 5280 2065 4907 -2602 5089 -8429 -642 66 2360 -9321 1159 -6336 4773 1576 3468 -9306 9166 -1110 -441 -7981 1163 9696 -5255
4919 -7656 -6919 -4854 -8318 3559 -3009 9816 8808 -1404 -7287 -467 -2497 -127 7496 -483 8104 8397 4293 -8421 7745 9446 8147 -2285 -565 -896 -956 3714 2781 -1620 -3902 733 5675 4844 -7259 -141 2130 -2587 903 -3990 6201 -341 621 -3549 -7227 770 203 589 -4826 -6592 5313 -1238 -6279 -1390 -2710 2681 172 -689 -4003 7981 5362 -2034 2437 -973 7275 -1486 9935 -9271 -8906 8054 8678 -750 9766 -3917 6340 -2425 -1242 -5356 -4790 1282 -3112 5633 -6285 -1976 3249 3035 369 3534 -2335 5792
-1017 -9706 -5596 -4471 8964 4487 -5256 1695 1508 4499 918 3350 -1325 5473 9135 7570 3403 1751 -8142 4140 345 -6497 -2226 2288 1962 6621 -3584 1503 1540 -8414 -3182 -7069 848 6201 2505 -4611 -3532 -635 -9840 -7661 -3225 -5537 -8519 1021 221 -1614 5861 -359 -1617 9800 9605 -5459 2340 -2091 -2281 -2478 1783 309 5826 -9225 -8560 -1736 4154 -4536 -8727 -6699 -8731 -8980 9803 -697 6565 730 1646 177 -8443 1690 -1428 -4549 2342 7721 4409 -8459 -9233 6799 -5400 -9231 2540 -202 -501 -9022
-2137 -5017 -147 -8764 8610 9057 -1806 1279 6065 3260 595 -6802 -2886 1397 5251 -5364 1044 2365 -8020 7734 -132 -8713 1584 8768 1473 -2034 -7764 8236 -5883 -4148 2018 -2362 -6597 9615 -335 6682 758 -7881 -5318 -6405 -1611 9514 4035 -4693 -2643 -1006 -6137 -6120 -5826 -6439 -6061 -3778 -1631 -8776 9336 9847 -9926 -5883 -5752 -3045 -1574 8316 -6624 -1848 8596 -6300 612 3523 -6727 1871 878 9390 9929 5118 -2940 -2034 2221 -8982 -7247 2159 -3139 3687 1389 8903 -2853 6965 4704 -2737 -6270 2219
373 9511 -9726 1395 8222 7080 2216 -8575 7776 -3702 -7955 -3811 -6486 -2233 -892 -7673 3740 -9034 994 -2204 -3445 -1273 9721 -4733 -70 -2951 -1736 -1489 -6648 -2093 -4107 5760 714 -8804 6834 -7384 -1564 4042 9616 -9720 -7781 8019 7804 -1798 6526 -9478 -3523 -4553 -949 -6124 8116 8400 7675 -7636 1459 9353 -7943 4914 -7063 -8634 -2208 -3419 -7884 380 -5015 -1243 8546 4971 3323 -7871 -2108 -472 2962 -5355 -3249 -5847 -3463 357 462 592 -998 -6280 -4659 3378 2034 9042 9553 -940 5536 -7398
1235 3842 4809 1371 -8434 -798 5132 764 1358 8156 -1017 4550 -1852 -9645 6503 -9277 -7651 -4054 -4448 -7718 -734 -5934 1168 -1630 -8077 4867 -2233 5202 -9892 6501 -4225 3861 -266 8936 -7026 6990 203 -887 9305 -455 -8151 -2860 -8552 6447 -161 2441 -741 -1433 2448 -9203 1945 2490 6978 -2641 657 6223 -6676 -6977 7600 1140 -9211 -2196 -7307 6910 -2094 9357 -5051 -9395 -6793 -8133 -3855 7021 -5420 -8618 3448 -9546 -9194 443 1627 -2623 1002 -2158 -3106 -288 -8218 859 3979 -6649 -7911 -4670
9383 -3801 7862 9497 621 -5538 5502 1391 3157 9626 2651 -874 -9789 -8013 6045 -8582 -2375 6216 -263 1620 -5961 -7263 289 -7400 -3164 4808 7094 8187 -4797 1422 -7318 9290 -4143 -976 -2581 7332 7463 6815 2890 6016 -3071 2339 -1378 -9365 -8963 7367 -9290 9521 87 -2440 8296 9251 2463 -618 3667 -1328 6501 -6131 -2630 2001 -5928 5438 2354 3027 -359 9609 9257 2710 9209 -9735 -5811 6751 9064 -271 -1884 -1943 -6850 -8171 5268 7353 -3255 6122 -1838 6840 7934 -2639 -5346 1190 5584 720
7467 1598 -1034 -7207 -6857 2763 -7359 -260 9088 9022 852 6905 3896 1805 -7331 -3613 -539 -8862 2537 4362 -6010 -1616 9399 -7711 -8584 435 3861 -5822 5917 5083 7562 1423 628 5425 7397 -6091 9981 -3457 856 1570 732 -509 9303 1782 8697 232 -445 -5101 -1790 -1228 -9800 6259 8860 2693 -2424 2341 -1542 5236 4276 -120 -2356 -5789 4900 -4704 -1985 10 8680 -3369 -5566 -3685 5712 -2402 -5389 -6097 2322 9740 -2614 -242 -9064 2159 -6469 6528 -2191 -566 -3082 121 9849 -8766 1176 5596
667 795 5255 1406 4751 7875 3331 1033 -4931 1169 5530 -3944 -4873 8628 6177 28 1286 -4237 4432 -8122 -5763 3060 9025 3099 -718 7603 4325 -2586 2810 -3818 -3263 -3946 -9834 -2265 -4359 1950 2346 -7401 -72 7790 -2583 2468 -3715 41 7666 -3576 2602 -5693 1185 -648 2085 -9313 -6734 -9691 -3057 -1195 6 8539 6316 -1322 -7131 1783 5498 -1870 4962 5329 7491 -1051 2070 6129 2930 -3194 -8915 -7697 4808 -2472 5340 4191 7783 -101 -1701 9661 8824 2869 -6249 324 245 1922 -9990 -9229
-4703 -7785 8412 9495 3657 -4569 -1154 -1636 -4395 -3191 6385 -523 -2849 9308 7591 9832 7113 -2581 -4453 8263 2920 2178 -7825 6653 -2582 7000 -6037 9615 -4189 2767 5294 -841 5982 3205 -2478 5705 -5437 3625 4363 -1985 2896 -4769 -2445 7896 3315 -6276 8659 1001 -5319 -2561 -719 -7202 3902 3398 -934 7847 2144 -761 -369 -3069 -2106 -2067 -4159 -6463 266 6272 4928 -2781 -9380 4240 1387 -792 9968 7497 -5481 -7479 -2506 6163 5784 -2484 -3264 -6522 -1769 7104 -232 9920 -8787 -3083 -7143 6825
5437 -8109 -2059 2844 -8439 -32 -9586 -3753 -1586 -9475 -416 -7997 8180 -8857 8973 544 -7110 -9352 -1141 4648 9013 -6410 -102 2194 5012 6607 -6726 -1520 5527 -1353 -1898 -7014 3818 -239 -8496 -668 -840 -1867 -4054 1568 3589 2620 4320 -7329 4309 -5060 6886 5620 8098 9979 164 -8259 2010 -8522 2441 5385 8078 -9041 -8424 -6055 -1685 -5266 6042 4002 -8935 4115 -5017 5795 -8754 -5904 -166 -3717 -8456 -6503 1557 -6587 1262 202 1532 6359 4527 -6672 -295 2676 -2055 949 2199 9357 -1145 -8581
142 6068 -5866 -5509 -1125 -2380 7827 778 6071 -2095 -4883 -5232 -3571 -8889 -91 -7956 7901 8202 304 1466 -2654 2776 -9932 1432 2479 9963 8349 4969 -7682 9920 1844 -3019 4153 -2183 -8600 -226 9549 4820 9457 -6579 -5257 1522 1085 -3785 -764 -3851 6014 8499 1050 3761 5690 4116 8075 -8504 3161 -1570 -203 -7497 5403 2712 9113 7569 3120 9300 -808 -6944 1262 -105 -97 -379 -862 8094 4255 -7946 5599 1885 -1857 -1755 -2898 -4965 4011 1229 1452 -5337 -7542 5254 4983 782 8875 -109
-9649 9921 2028 8112 -4299 5215 6844 8208 4380 -3291 7937 -1728 -5468 1675 -3897 -8858 7513 6235 -8882 -2137 5493 8873 17 -9424 9078 -391 1644 -9426 -1477 -4685 -4752 -3479 -8367 8724 -1116 2046 -3863 -4940 2611 5750 6562 -471 -1854 6227 -8618 -1131 -4168 5359 -7836 4388 -1952 8150 -473 -9823 2074 -3545 -2601 6464 4591 8268 -6179 6974 3241 1368 7990 -402 -215 714 -1139 1803 -7615 2962 -1105 4253 4247 -1012 968 -5581 -3131 4939 -5654 -3046 330 -9329 8126 6568 5112 2408 739 -1588
2510 -5412 705 7729 598 2223 -8565 4313 -4015 -9076 4608 -7213 -4975 -6852 -6616 3629 6668 -676 2326 -8833 -5234 8700 6441 -2531 1360 8826 -6818 -1474 -443 6749 -3062 -177 6841 5339 -7520 -6182 -2231 -5340 -988 -8971 820 -8476 3596 1729 -8659 -3580 3623 -1208 -8749 658 8885 7239 -4077 -4133 -4821 9546 9842 -6178 6839 527 -5761 2617 -5522 3033 944 -1680 -3775 9645 1628 863 5307 9272 5316 -3875 -6585 -2295 -1788 155 3502 7676 -4811 7246 452 4608 -1341 -2339 -3496 1644 -5889 1767
2092 6094 4076 -7979 453 9035 -1796 -1683 -4702 -4583 9734 -3625 -5187 958 8577 -6615 135 3935 -1097 -7200 4014 8412 -4485 5880 451 -2827 -3392 -3576 9860 2759 -3228 -667 -2865 -6928 -3083 1651 1041 1751 -9988 8981 -1917 1075 -36 -6536 3443 8927 5290 -7194 2724 -3593 -6938 -4492 -9302 -2405 6555 -1153 -1459 168 -1913 -3411 6616 -8749 275 493 3063 -2628 -4094 -1602 6853 -2829 -2496 821 -6189 -1121 -5174 -6126 -971 8922 9295 1420 -6450 -1830 -1583 5421 7126 3960 8957 -2968 6899 1287
-501 -4868 5620 781 -758 -3550 -7436 -1946 9269 6646 -3841 -3070 9913 835 6364 6498 4173 843 -7819 5839 -9745 -7019 -7023 2821 -2616 6997 -1631 7606 7707 3149 3810 -1689 837 6283 -2345 -1944 326 -2988 2659 7250 -7153 1985 -4342 6889 9213 -735 445 -1973 -2439 -7213 -420 2655 478 -8105 -3774 -7127 6774 2611 7807 414 -5206 9904 1155 -8797 -6522 -5145 -4181 6173 -5474 -5577 -6249 4524 5441 -9203 1539 -2318 -990 -2457 45 -2090 -6230 -8150 3285 9801 -6184 6869 2412 -6154 -9944 -2040
9800 -8609 -3005 6754 -5971 -8115 2003 -2557 1066 1019 6314 -7236 2111 -6137 -2677 3498 -536 -1006 4987 4946 -5933 3313 8186 -8485 2846 7485 5167 7423 7803 3232 6095 -8674 -8137 7565 3505 -1906 4452 1531 -881 8775 -392 -5957 -2110 -4734 -7766 840 -1021 -6456 -8981 3751 6261 -4601 -9726 -1258 -7329 -5594 -9151 -3371 -4881 -4728 -2890 2536 -5577 6755 1427 -7972 8256 7184 -6405 86 -7602 2135 2093 8536 8511 3990 -7117 1001 -1786 3276 4747 7739 -7323 -8670 3887 6854 -9069 -4310 -5865 -3204
3632 127 2537 9090 -664 -2442 -197 -7973 6892 -5260 -5254 -8435 -232 -126 -6331 -5462 9244 -4539 452 -9836 7131 -2774 8248 8234 -5997 8018 -5569 -2948 9661 7543 -3035 9110 -8875 1348 6920 -2607 8939 -5511 5822 8257 -964 7959 3575 2082 -5986 3851 3041 -7054 -7189 6768 8908 2482 -1136 2918 1823 9650 -9259 -2659 2 6004 1745 -4591 4325 -2371 -8914 -6967 -904 -3646 -9906 3819 -8833 -4198 -5640 7952 4793 8451 -8465 3566 -6847 -16 1610 -210 2772 -7690 -5961 -2525 -1421 -2789 469 3459
-1572 -6103 -1577 8366 7015 -2347 1206 4713 -7432 847 -1150 -9909 603 9254 -6937 -7063 5947 -279 9347 -7607 3221 9132 5388 -787 -5948 2292 -151 -9562 -6611 2066 3836 -7666 5510 9708 102 -930 7538 7548 1285 5928 -1368 -306 7710 4405 -8894 -8800 -22 7964 -5997 -4989 -2234 6231 4020 -6643 -5018 -2498 -5956 -577 -1401 2845 3346 2745 -9951 -8910 -3433 6899 8039 -2429 3173 104 6609 -8342 8424 3432 4402 -7083 -7849 -6292 -3679 2480 -4752 -8085 1573 -7773 7483 -7332 -3380 -6799 -6700 9375
2719 -7575 -3961 2010 8558 -4441 6107 -4140 -796 7694 352 1294 -1018 -7763 7929 -783 730 -1336 2460 -4339 -308 -6050 -2867 6991 8197 9721 2698 671 -9738 -4922 8469 -7440 7338 5334 -8873 -7894 7481 -5122 2382 1511 7398 -6869 9123 -478 -3662 7453 -8362 6538 -9814 -1403 -9639 9164 -1462 -7730 -2917 7212 -9320 5947 674 -1444 -4205 5556 9630 -7139 -8264 -1324 3184 4812 -6465 -969 257 -8245 484 -2019 383 -6169 8383 -3222 6283 -8486 -5623 -6212 -4379 3375 -9540 2960 -1097 -3403 -3008 1172
-7730 -1892 -3276 -2700 -3240 4457 427 7128 -80 -796 -3333 2847 4116 1653 -9078 3287 4179 3262 -7100 -2797 172 6340 4044 -3 823 -3196 3326 -797 4444 1068 -6476 -9267 4874 9566 -5367 5042 -3201 4529 7906 -7947 1896 3031 -7829 -8002 9192 -8199 -5820 5505 -6943 -4733 -3653 290 -4894 5125 9045 6168 9499 -8468 7988 -6679 -1920 399 556 -4952 -1194 5634 -1438 -9350 -7035 570 -94 2596 -1816 6780 546 -68 -9868 7964 9734 8817 -3187 -8246 2731 -7894 -624 -1784 3747 -1716 -6247 -8182
-2311 -2433 7796 -1365 2465 2099 4930 5952 -9906 -8777 5877 -487 8301 9043 -2177 9227 5690 -6292 -1376 -179 -3461 -5287 2112 9545 2637 6952 -2226 4110 -4885 5574 7132 2178 8693 -7960 -8264 -4157 -266 5429 7939 4457 1730 -2858 15 -4725 -225 -6104 -6162 5636 -6623 7539 -5332 -4924 -6024 -7828 -997 759 827 -7960 -2644 9045 5579 -9215 7993 6680 5920 -622 5900 -1511 1175 8813 -2924 1468 8094 -4745 6122 8422 8873 1747 -6107 3191 321 -3824 2505 5895 7295 5735 -6274 3167 -2837 9494
3975 -4383 -2565 -8797 2126 4297 -9160 7553 -4129 3619 6024 -6971 7277 8153 9959 -3975 -8948 -329 -4710 2021 -5196 -2693 -4606 6011 1742 -3172 -1835 -1920 2455 -3361 -8891 -6515 -4698 -4299 6196 -1330 908 1252 4427 6115 2758 3218 -9262 -3775 6471 368 -203 930 -2399 -46 3511 -7661 8533 -253 -9224 1348 -3811 8756 -6746 1216 -5973 -5390 -7294 365 4141 -2121 5974 -205 2097 153 2427 6212 7979 -4963 -4488 -6714 -9593 2050 -860 -684 6763 3557 -2971 -7483 -6535 -4975 -4766 -3467 7560 -7190
1054 -998 6875 -8613 -2733 1542 -784 9258 -2253 -5199 -7071 4456 -3639 -9666 -6833 9894 -3382 -4123 -2115 -750 2041 852 3174 -8767 -1637 3920 4305 2972 -8208 -9617 -3758 4938 2935 6098 -8825 -1542 -3512 -5854 -1188 6269 1769 9702 -3589 9538 -8768 -9151 -5511 7131 9544 -6258 -1429 -5940 -243 -3739 4690 8891 1666 -4090 -2260 7810 -142 -661 1251 -7617 5875 -9428 1871 -6305 9856 1027 -1064 -98 7640 -7956 -8564 8853 1060 9258 -3820 -7715 191 4223 239 -2405 8344 -2495 -9678 -3529 1604 -7659
-5502 -1139 7545 6615 -8042 6154 5284 7516 -6910 1415 -7300 -1175 -8044 5769 -3836 3352 -6987 -7780 -8453 -2660 7955 -6301 -618 -2739 402 2383 -5610 3890 -8426 6970 1914 8978 -4449 3758 -1008 8344 8512 6165 185 8811 6756 -1766 532 8489 -2304 -227 -9012 -8434 -3002 -7004 -9730 5643 4953 -8393 809 -5677 -157 660 4920 -3843 -7607 -3276 -8372 -480 -4204 84 -7507 -3095 -662 -8578 450 9840 5076 336 -6160 -7081 8709 4030 -1600 -3827 -4369 4671 7291 -9185 -1008 1415 1596 525 1360 -3939
-3 -1891 1972 6737 -5906 -3748 -719 -5380 -7635 4499 -573 6241 7871 6283 -9147 -2021 -568 1912 -202 -1356 257 -6538 -2464 -1467 -9921 2341 5927 8104 -196 8387 -9484 -2541 9273 8417 5425 4184 -3061 6749 -8027 -6830 8366 9807 4548 -8387 2321 4669 -5403 -8099 -365 -7093 8879 9997 1718 -2727 -5048 -2770 19 -5016 5902 -5883 -1904 -3984 -6383 -3168 6460 2957 -8254 -7138 -4764 8302 -7615 -5234 -294 -9880 -8668 9559 -5591 -3445 -1122 -7932 238 -2048 -453 -6895 -3567 -6634 9032 4804 -1905 1800
-7973 3024 -6704 3955 -7531 6142 -7211 1431 -1595 -5197 -2327 3604 -9051 9472 394 4736 -931 -1757 -321 -1907 2739 7263 -5723 6425 -7018 -2612 5308 -4420 9408 -7407 2443 8135 8333 1415 2660 252 7552 -5398 5255 -607 -8505 -4347 7910 4241 -5519 3113 -2027 -5238 5723 2294 -2768 -199 4763 -3756 -7045 -9649 -4288 8555 -62 -324 7552 -6805 -5954 -308 -9557 -9329 9757 -6747 -9148 1257 3470 -6406 7351 9724 -2826 5412 9356 -7804 -9400 8634 8275 -7633 -5571 385 9164 -3156 -2507 5830 -4358 -5285
-4563 -3274 -3993 5605 4836 6528 2301 -1421 -3289 -929 -9713 -7653 -3890 5595 1189 7310 -9234 8701 -3744 4345 -3104 8557 2972 -622 -521 8146 7684 -7590 -4029 -2698 -173 -9744 -9165 -7510 -106 2800 5108 3081 6374 -8731 3243 -3901 -9182 -7676 -6626 -4094 8388 -6707 -1214 6540 3789 4385 -118 2253 5044 2189 -261 -9 9526 -2802 5451 -6061 6595 9726 604 6425 6419 -5460 -4703 -945 735 7611 448 383 -4947 5261 -8175 -5903 -2003 9434 8158 3282 9907 -1490 -3799 -588 -8877 -718 -8276 4423
9199 6456 1461 -9181 -6570 9406 -1998 -9793 4309 2579 2406 -3639 -9655 1870 -6586 7016 -2481 -729 -1415 9711 -5938 5091 -1379 -1358 -4432 -1774 8357 3578 9702 7138 -2744 5146 5905 4296 -3132 7868 -4961 2112 -85 8240 1534 6764 -7850 -2140 2097 -6163 -5255 8518 870 -783 -5612 2285 4945 -2430 5804 -5120 -3318 -1573 -7151 2085 1903 -1528 2688 -628 6922 -8451 2383 2617 -1945 -6485 -752 1542 -9472 -1472 5354 -2734 7866 3226 -3673 5995 -8356 2974 -877 6777 5697 1052 2745 -7001 -6132 -2533
4389 3359 713 3120 7980 -7396 -3148 7432 3054 -2004 5152 -5852 -2431 -321 8650 9309 4551 -8095 388 483 9904 4166 6795 4009 -9243 -2723 5712 -2476 -1595 -8583 1594 5456 -3431 1031 -515 -1995 7645 -3898 -167 600 -7066 -990 -7528 7157 -6547 -7123 -445 -9269 4223 -2814 9470 -6207 1162 9672 -1657 -6973 -8052 -6044 -8896 3534 -6432 -5068 3737 -9221 -8486 -2349 9309 1847 4321 -3895 6105 -2001 -8258 -3686 8400 -5424 1531 -2571 5383 1191 -2308 -2331 -1304 -2285 -8281 7231 -7568 268 9338 739
-2769 -5747 -2186 -8040 -4048 -7396 2913 -945 -5943 5526 9802 8601 -3780 -997 -5782 5052 -6249 7598 6039 3674 2074 8531 -4821 -2935 -2930 -9757 5708 7949 9999 2517 444 -2728 -4001 8713 4632 -2697 9327 -4397 -920 1300 1186 -9496 1192 -1778 -6855 -3331 6246 6432 -401 -1469 4039 6590 -3814 9434 6930 65 541 7743 4276 -9313 -8038 -2120 6171 -1548 -7346 -8418 1467 -7857 5526 5489 -5868 -7045 3885 3835 3049 -9106 5379 6667 1570 2787 -2106 3983 -8652 -5561 9209 -4587 4652 5545 -6712 7284
-1199 -2428 -2694 2165 -3861 349 -6707 -2765 1233 1487 -4982 -7855 4731 -5428 -2040 -5009 8015 -9879 -246 3982 59 -8227 -5156 -5700 -6612 6746 -6021 -6598 5922 4815 -2099 -3035 -7311 4780 285 9357 -2780 8669 -2372 2203 6092 5171 -3646 9527 8103 82 2803 329 -9577 9779 1506 -2938 1936 -7715 -8029 8026 8273 7153 1161 4459 -6756 -6932 9279 500 -7059 -243 1821 -1247 5807 9659 -8246 1866 123 1341 -8318 -4922 191 1022 8639 -1795 -3143 -8101 -8358 6513 2737 9824 5591 4291 -3139 -175
-6853 779 -2322 -4567 -1675 7103 1276 -768 9158 -7307 -9439 -88 -1847 508 2719 -1582 7718 -2070 -4356 3576 -1162 6720 -505 7757 2547 9603 -2687 5051 -8016 5902 -1560 -2819 2777 6245 -8637 2312 9094 -8349 7176 2996 -7766 -2321 9322 -5874 7081 -7729 7959 -3861 8646 -5389 -7573 -528 -1143 -1566 1536 -8044 -3271 -718 4553 1973 171 3419 274 -1245 -1158 -6233 -3636 -71 -7731 -6125 -5593 -1645 -9503 -2994 -9186 6555 1468 -2279 8002 6994 -2591 -5679 434 -2742 -195 -6415 2491 -4640 7812 1988
-8559 -8317 -533 1019 5168 9693 -8907 -9735 -6103 2437 -4623 -1471 8206 589 9840 -2413 1910 -2515 8910 -3760 -1395 3414 3584 -4586 -9915 -235 -3551 7731 -1546 -6843 2601 -1924 5777 -2659 -2896 -2029 7442 1556 1016 -1056 -8438 9313 -8732 9043 1384 -1779 -633 -4514 -9527 -6056 9697 -3691 -5831 239 346 144 -3840 -1102 -5596 -8360 -2190 -7565 -2151 2654 8127 -5496 -8507 -5089 2985 -9377 -1629 -4723 -6657 5291 -4329 1578 -6805 1856 -122 -9617 9379 332 7732 -1672 9856 -7135 -2443 -2304 4722 -5359
-1561 -2000 -2597 -8868 -5660 9923 6682 -5403 -9462 -3527 5764 1012 -1275 -7808 -1465 -5811 -3142 -9267 -8071 -8306 164 -1659 732 2110 7767 3687 -5629 -8453 -5829 3562 384 6639 -8599 8730 9025 898 -410 8626 -6129 -7340 -5937 4288 1667 6237 8561 -6535 3341 7162 -9443 7614 -6861 6699 3462 3727 -9233 4542 6475 -4873 -4462 -9394 -2839 -1102 7802 -9420 -6404 7782 1346 8486 64 7275 7540 -5419 5565 2395 4662 -1213 4015 -6281 2990 4783 -9425 8507 9543 58 7408 9757 1379 -9932 1375 8445
1283 8773 3889 -2957 -7568 104 4898 -6469 1350 1776 4671 7998 8372 -1833 -1289 -4792 637 -178 -9014 -7732 9194 498 -5663 -2987 7798 -9488 7475 7301 4512 -8665 -6371 -2307 -4637 1790 4084 6310 -6659 -403 6544 4021 -4447 -65 7893 -9308 4160 -3460 2437 9271 -793 -6526 1316 9034 1587 9747 8813 -2941 -2457 -6939 2750 -5832 -3434 3044 -1751 6907 9451 -2797 9375 -3657 5666 9483 2959 520 -4124 -1800 -9780 563 2360 2495 -257 -2777 1017 33 7835 875 8952 1587 1452 -6641 3504 -1821
8705 -2901 -8256 -3453 -8651 -150 -4269 4226 3794 -4951 -1565 -9058 -7677 -9662 5789 741 1227 -5813 -1276 279 -1310 5868 -8046 4089 794 -8629 9225 -8689 -7002 8743 6235 3317 2732 5212 -2707 9428 -4592 5251 -4019 -7662 1597 8223 -7717 5527 -6780 1525 5699 -5336 5051 1650 -1132 7309 -1307 -9954 2230 -5704 9874 5754 1191 -2877 5273 7520 -635 8068 7535 -318 -5201 4122 -6245 4578 -14 8304 -4049 5121 8328 3370 8267 8111 2028 -2113 4914 9352 7465 9394 -5112 8363 307 8269 4529 7625
4481 -2359 2457 -4859 -1999 3560 -4971 457 -2236 9838 -1131 -9652 4413 -7736 5404 6445 6760 -8988 -9290 -3963 -8266 9521 866 8281 -4962 4261 -8437 -2501 -8164 1561 -4441 -7699 -647 656 -8360 1800 -3079 8131 511 -7647 -3923 6960 -384 -7303 -8528 8391 -9696 -6611 4453 -4091 -2314 -1081 -9820 1319 -3802 -2484 -7463 3255 7843 -162 9769 -3434 -7370 8582 -2089 8743 -6408 7463 1939 2036 -1547 1359 -9527 2256 -7062 -9053 -4519 -4619 5645 -884 -301 -7849 8954 4010 -2947 5955 -6539 8553 6889 4102
-1809 -3825 8243 -6434 -1922 6500 360 -2908 -9176 -2889 260 3612 8016 -1914 -9158 4415 2300 4502 -6467 -1622 49 9215 -2978 1974 2746 -1980 5822 2726 9971 5001 4311 8148 5199 -5746 -321 -3952 -8627 -1292 -627 -1359 7320 -2733 -4409 346 7309 3246 4850 204 3618 9632 -3763 8215 4398 -6868 8611 2864 -9770 -5073 1933 4543 -4148 9491 4417 -7584 -8189 -2870 -6355 2996 -1628 -4719 -6138 -385 648 -5267 8834 8877 2130 8445 6714 2775 7689 9581 7719 -2367 5491 -1028 -4176 -7769 8027 9753
-3920 702 -5501 4999 -8279 -9290 -5644 8524 -3081 4191 -5917 3851 2061 5424 889 2379 1599 -1160 4335 -8678 1247 1665 9263 332 3264 125 6512 4189 7497 7552 4668 -8866 -3575 6883 1311 -6421 -586 5459 -507 1348 -6387 80 -5638 -7682 -2717 -1071 9546 2342 -9921 -1064 2164 7034 -4095 -24 5014 4253 -1708 -2224 -2566 9073 8319 9461 2157 -3342 -3539 2382 -8008 -2269 2408 -202 -7642 4670 242 1287 -1320 -3283 -4968 4459 5579 -9811 7399 3311 -7474 215 -1756 4622 2462 -7328 2445 7483
6836 8175 4465 -4360 4878 8796 67 -7344 -106 1904 -8435 -5711 -9993 -2667 -533 7588 1570 2414 3136 -2950 -8797 290 -5713 -1771 -5736 -3007 7109 -1378 2741 4694 9554 -1099 8890 5912 -5679 5034 8064 8924 8567 6600 6804 -6605 -9739 6098 2425 -3130 -8460 -9608 6916 -4916 9621 -9214 2622 1203 5695 -1167 -8806 -4882 3883 2597 8909 -9566 -7964 4658 7448 -5851 2554 -9578 -8865 -3807 5296 -3062 5383 -5732 8238 -9091 -5113 3003 -7144 4354 1502 7012 -437 9542 9632 -823 7330 8136 4925 6158
