4095
26385 2 3
10142 4 5
14518 6 7
18842 8 9
10006 10 11
8399 12 13
25705 14 15
17260 16 17
21926 18 19
9729 20 21
9387 22 23
5032 24 25
7043 26 27
5319 28 29
23290 30 31
22161 32 33
26333 34 35
5906 36 37
19785 38 39
24008 40 41
28621 42 43
15020 44 45
31467 46 47
17508 48 49
16835 50 51
12531 52 53
4179 54 55
4750 56 57
30943 58 59
3227 60 61
30320 62 63
31620 64 65
14171 66 67
146 68 69
24671 70 71
5191 72 73
25846 74 75
9227 76 77
23683 78 79
14541 80 81
3184 82 83
5193 84 85
13338 86 87
6030 88 89
25988 90 91
5792 92 93
7912 94 95
13896 96 97
5268 98 99
3573 100 101
20537 102 103
25674 104 105
17906 106 107
28983 108 109
15257 110 111
30528 112 113
19618 114 115
9466 116 117
6089 118 119
14458 120 121
24919 122 123
8188 124 125
31543 126 127
4343 128 129
5471 130 131
26792 132 133
26569 134 135
4229 136 137
8182 138 139
9270 140 141
30323 142 143
14443 144 145
31896 146 147
17093 148 149
26811 150 151
8624 152 153
25128 154 155
11857 156 157
985 158 159
225 160 161
24312 162 163
21759 164 165
1943 166 167
27038 168 169
32200 170 171
20307 172 173
18683 174 175
17442 176 177
25790 178 179
18170 180 181
22313 182 183
14231 184 185
24616 186 187
12289 188 189
2942 190 191
13438 192 193
2088 194 195
3554 196 197
28287 198 199
28137 200 201
15928 202 203
2695 204 205
28717 206 207
3902 208 209
18494 210 211
30014 212 213
21164 214 215
5987 216 217
24019 218 219
5312 220 221
18899 222 223
20228 224 225
24214 226 227
26872 228 229
32485 230 231
21474 232 233
31520 234 235
32151 236 237
11989 238 239
32071 240 241
10597 242 243
14241 244 245
6860 246 247
23821 248 249
12837 250 251
21129 252 253
22334 254 255
9578 256 257
25402 258 259
11171 260 261
30466 262 263
8964 264 265
4346 266 267
6816 268 269
25790 270 271
10471 272 273
26134 274 275
28569 276 277
15127 278 279
7452 280 281
31004 282 283
11153 284 285
13885 286 287
6188 288 289
26615 290 291
12472 292 293
10639 294 295
3187 296 297
1537 298 299
1293 300 301
4157 302 303
17204 304 305
1751 306 307
14062 308 309
28487 310 311
8968 312 313
2734 314 315
21447 316 317
13647 318 319
15536 320 321
25191 322 323
10144 324 325
1436 326 327
23501 328 329
19176 330 331
14624 332 333
3210 334 335
16754 336 337
29554 338 339
1206 340 341
16984 342 343
26793 344 345
20514 346 347
21547 348 349
26101 350 351
21735 352 353
19278 354 355
14376 356 357
3079 358 359
28168 360 361
24833 362 363
2435 364 365
15590 366 367
22619 368 369
4090 370 371
7288 372 373
28422 374 375
17253 376 377
13472 378 379
17004 380 381
22139 382 383
23978 384 385
29173 386 387
10273 388 389
31270 390 391
32050 392 393
16678 394 395
26040 396 397
26197 398 399
8351 400 401
6424 402 403
17590 404 405
10666 406 407
18525 408 409
3128 410 411
15907 412 413
31794 414 415
8100 416 417
32707 418 419
20216 420 421
32361 422 423
13452 424 425
30759 426 427
13963 428 429
12147 430 431
10823 432 433
3240 434 435
25352 436 437
10171 438 439
9401 440 441
13929 442 443
21054 444 445
11554 446 447
5722 448 449
8246 450 451
3223 452 453
14386 454 455
25094 456 457
31826 458 459
24999 460 461
9009 462 463
3445 464 465
13207 466 467
2792 468 469
28301 470 471
4604 472 473
31173 474 475
26784 476 477
23117 478 479
30106 480 481
22837 482 483
14334 484 485
17557 486 487
28611 488 489
29714 490 491
8046 492 493
31065 494 495
17264 496 497
15967 498 499
11453 500 501
32252 502 503
2751 504 505
2549 506 507
16999 508 509
12709 510 511
1187 512 513
5507 514 515
32676 516 517
17953 518 519
20654 520 521
8160 522 523
11833 524 525
19842 526 527
19154 528 529
11385 530 531
13837 532 533
8400 534 535
1883 536 537
6238 538 539
13377 540 541
21479 542 543
10428 544 545
32506 546 547
32053 548 549
2695 550 551
6120 552 553
28995 554 555
27577 556 557
17922 558 559
9375 560 561
23987 562 563
19050 564 565
1088 566 567
15948 568 569
18023 570 571
348 572 573
9768 574 575
30227 576 577
20540 578 579
28804 580 581
32094 582 583
24450 584 585
25079 586 587
29011 588 589
16061 590 591
1421 592 593
10720 594 595
26814 596 597
424 598 599
28892 600 601
15238 602 603
9647 604 605
11836 606 607
28356 608 609
17132 610 611
30397 612 613
1056 614 615
10426 616 617
13465 618 619
26555 620 621
304 622 623
1710 624 625
15012 626 627
18075 628 629
26053 630 631
1084 632 633
9793 634 635
15618 636 637
32736 638 639
11980 640 641
23483 642 643
8990 644 645
30906 646 647
16561 648 649
22284 650 651
28469 652 653
31313 654 655
9574 656 657
20967 658 659
5137 660 661
29334 662 663
17064 664 665
29153 666 667
17776 668 669
28082 670 671
4593 672 673
20183 674 675
31476 676 677
13762 678 679
32106 680 681
7592 682 683
4912 684 685
25706 686 687
23504 688 689
10252 690 691
8938 692 693
8672 694 695
13240 696 697
142 698 699
20183 700 701
24441 702 703
32389 704 705
30883 706 707
4198 708 709
21920 710 711
31256 712 713
1085 714 715
8313 716 717
27053 718 719
22199 720 721
9934 722 723
24223 724 725
8596 726 727
1028 728 729
5722 730 731
21480 732 733
26467 734 735
2880 736 737
10035 738 739
20189 740 741
17623 742 743
2382 744 745
18026 746 747
121 748 749
26720 750 751
29979 752 753
24348 754 755
20645 756 757
23296 758 759
30623 760 761
19381 762 763
21228 764 765
6064 766 767
22638 768 769
22186 770 771
30786 772 773
1570 774 775
2815 776 777
20454 778 779
30119 780 781
23016 782 783
7432 784 785
8357 786 787
25960 788 789
27873 790 791
22769 792 793
20229 794 795
8545 796 797
27085 798 799
28731 800 801
17757 802 803
24083 804 805
4468 806 807
31099 808 809
16436 810 811
26250 812 813
2061 814 815
18629 816 817
845 818 819
2039 820 821
26439 822 823
5920 824 825
14935 826 827
5041 828 829
8090 830 831
23071 832 833
11960 834 835
1813 836 837
9251 838 839
12729 840 841
24986 842 843
4770 844 845
19552 846 847
20284 848 849
19679 850 851
29309 852 853
30219 854 855
24124 856 857
18227 858 859
17362 860 861
18389 862 863
397 864 865
2732 866 867
21027 868 869
6358 870 871
14062 872 873
10955 874 875
15851 876 877
12537 878 879
25199 880 881
11073 882 883
731 884 885
32174 886 887
10167 888 889
25836 890 891
25032 892 893
21599 894 895
29668 896 897
6427 898 899
20420 900 901
26525 902 903
5857 904 905
6272 906 907
27119 908 909
19537 910 911
19670 912 913
31 914 915
29348 916 917
9951 918 919
28048 920 921
568 922 923
27743 924 925
22662 926 927
11788 928 929
3232 930 931
31230 932 933
14702 934 935
24565 936 937
12180 938 939
15676 940 941
9662 942 943
17233 944 945
7148 946 947
13454 948 949
30589 950 951
13403 952 953
26112 954 955
943 956 957
21135 958 959
6305 960 961
27048 962 963
28537 964 965
3936 966 967
16647 968 969
16030 970 971
7435 972 973
27711 974 975
5712 976 977
28391 978 979
31629 980 981
9858 982 983
28627 984 985
11176 986 987
4928 988 989
20893 990 991
6003 992 993
2574 994 995
30102 996 997
24972 998 999
13784 1000 1001
1731 1002 1003
20912 1004 1005
13345 1006 1007
21070 1008 1009
13635 1010 1011
26994 1012 1013
8835 1014 1015
13137 1016 1017
12295 1018 1019
24072 1020 1021
22298 1022 1023
113 1024 1025
25012 1026 1027
8007 1028 1029
1790 1030 1031
13543 1032 1033
10761 1034 1035
28392 1036 1037
28440 1038 1039
29947 1040 1041
29756 1042 1043
17553 1044 1045
42 1046 1047
27760 1048 1049
24314 1050 1051
29007 1052 1053
23043 1054 1055
18866 1056 1057
7551 1058 1059
8272 1060 1061
23888 1062 1063
1981 1064 1065
6461 1066 1067
14179 1068 1069
21867 1070 1071
25367 1072 1073
8310 1074 1075
27671 1076 1077
53 1078 1079
10998 1080 1081
26610 1082 1083
22716 1084 1085
30806 1086 1087
10559 1088 1089
2270 1090 1091
6878 1092 1093
17540 1094 1095
18135 1096 1097
18140 1098 1099
21817 1100 1101
21710 1102 1103
27393 1104 1105
8705 1106 1107
17762 1108 1109
22511 1110 1111
23817 1112 1113
3154 1114 1115
2927 1116 1117
3293 1118 1119
14631 1120 1121
1539 1122 1123
24464 1124 1125
7301 1126 1127
15026 1128 1129
3380 1130 1131
28854 1132 1133
27837 1134 1135
24395 1136 1137
26781 1138 1139
20769 1140 1141
21840 1142 1143
18281 1144 1145
12306 1146 1147
28233 1148 1149
31034 1150 1151
32719 1152 1153
3582 1154 1155
18237 1156 1157
28042 1158 1159
21006 1160 1161
28023 1162 1163
7846 1164 1165
26847 1166 1167
17241 1168 1169
8695 1170 1171
10041 1172 1173
27692 1174 1175
26925 1176 1177
10654 1178 1179
3904 1180 1181
11728 1182 1183
22912 1184 1185
24942 1186 1187
21244 1188 1189
10459 1190 1191
8363 1192 1193
26584 1194 1195
23168 1196 1197
893 1198 1199
6798 1200 1201
13774 1202 1203
19911 1204 1205
6231 1206 1207
4982 1208 1209
11156 1210 1211
10591 1212 1213
24743 1214 1215
23917 1216 1217
8979 1218 1219
27089 1220 1221
25836 1222 1223
19751 1224 1225
25328 1226 1227
12826 1228 1229
29777 1230 1231
4719 1232 1233
8684 1234 1235
16016 1236 1237
21005 1238 1239
22482 1240 1241
12008 1242 1243
8237 1244 1245
12983 1246 1247
21968 1248 1249
32701 1250 1251
13810 1252 1253
2774 1254 1255
15349 1256 1257
4055 1258 1259
19397 1260 1261
22197 1262 1263
592 1264 1265
14428 1266 1267
28505 1268 1269
26206 1270 1271
25013 1272 1273
9090 1274 1275
22037 1276 1277
19285 1278 1279
716 1280 1281
10700 1282 1283
21766 1284 1285
25107 1286 1287
29832 1288 1289
8234 1290 1291
8314 1292 1293
32301 1294 1295
28180 1296 1297
19808 1298 1299
24547 1300 1301
16339 1302 1303
22897 1304 1305
20065 1306 1307
10382 1308 1309
18259 1310 1311
28733 1312 1313
20416 1314 1315
15055 1316 1317
26804 1318 1319
20633 1320 1321
846 1322 1323
15296 1324 1325
13465 1326 1327
31505 1328 1329
29789 1330 1331
21184 1332 1333
14336 1334 1335
5692 1336 1337
10036 1338 1339
16806 1340 1341
23116 1342 1343
14895 1344 1345
23865 1346 1347
13817 1348 1349
15145 1350 1351
617 1352 1353
10698 1354 1355
8510 1356 1357
27297 1358 1359
31302 1360 1361
30175 1362 1363
31597 1364 1365
26859 1366 1367
1915 1368 1369
6844 1370 1371
23849 1372 1373
20128 1374 1375
1105 1376 1377
32097 1378 1379
19904 1380 1381
26701 1382 1383
16657 1384 1385
16070 1386 1387
1563 1388 1389
10945 1390 1391
485 1392 1393
15255 1394 1395
21276 1396 1397
8250 1398 1399
24798 1400 1401
28343 1402 1403
17683 1404 1405
31283 1406 1407
20373 1408 1409
522 1410 1411
2186 1412 1413
21982 1414 1415
31496 1416 1417
7245 1418 1419
31654 1420 1421
29591 1422 1423
20272 1424 1425
3566 1426 1427
31665 1428 1429
19752 1430 1431
28838 1432 1433
24308 1434 1435
22708 1436 1437
11771 1438 1439
655 1440 1441
10313 1442 1443
31102 1444 1445
1495 1446 1447
4852 1448 1449
31371 1450 1451
5715 1452 1453
13357 1454 1455
4101 1456 1457
11395 1458 1459
8971 1460 1461
17295 1462 1463
17408 1464 1465
24120 1466 1467
11320 1468 1469
27264 1470 1471
4718 1472 1473
27587 1474 1475
31314 1476 1477
16208 1478 1479
29372 1480 1481
20609 1482 1483
14899 1484 1485
31676 1486 1487
28074 1488 1489
24524 1490 1491
8582 1492 1493
12755 1494 1495
15733 1496 1497
9074 1498 1499
26291 1500 1501
12254 1502 1503
7299 1504 1505
9734 1506 1507
16453 1508 1509
13179 1510 1511
3592 1512 1513
1229 1514 1515
19724 1516 1517
21691 1518 1519
14852 1520 1521
13590 1522 1523
12779 1524 1525
6161 1526 1527
27580 1528 1529
24745 1530 1531
16226 1532 1533
15333 1534 1535
8245 1536 1537
26518 1538 1539
1226 1540 1541
5396 1542 1543
10668 1544 1545
23425 1546 1547
8211 1548 1549
7545 1550 1551
27579 1552 1553
4640 1554 1555
25893 1556 1557
21457 1558 1559
23017 1560 1561
153 1562 1563
25050 1564 1565
6344 1566 1567
13799 1568 1569
19029 1570 1571
20070 1572 1573
17686 1574 1575
101 1576 1577
4841 1578 1579
29935 1580 1581
25923 1582 1583
9223 1584 1585
16938 1586 1587
19298 1588 1589
7619 1590 1591
1654 1592 1593
28900 1594 1595
15013 1596 1597
14536 1598 1599
27617 1600 1601
20342 1602 1603
29240 1604 1605
9299 1606 1607
7389 1608 1609
28717 1610 1611
22070 1612 1613
1458 1614 1615
4580 1616 1617
20084 1618 1619
17366 1620 1621
7446 1622 1623
12670 1624 1625
9429 1626 1627
32655 1628 1629
20900 1630 1631
22851 1632 1633
6490 1634 1635
15374 1636 1637
22957 1638 1639
1527 1640 1641
32530 1642 1643
21301 1644 1645
3592 1646 1647
13245 1648 1649
31870 1650 1651
19217 1652 1653
1828 1654 1655
15264 1656 1657
5202 1658 1659
24638 1660 1661
24287 1662 1663
18775 1664 1665
5015 1666 1667
17945 1668 1669
18584 1670 1671
6860 1672 1673
16448 1674 1675
6190 1676 1677
4985 1678 1679
29726 1680 1681
27667 1682 1683
21419 1684 1685
20003 1686 1687
32313 1688 1689
6621 1690 1691
32235 1692 1693
27151 1694 1695
29905 1696 1697
6611 1698 1699
18268 1700 1701
21511 1702 1703
2923 1704 1705
31655 1706 1707
30270 1708 1709
8324 1710 1711
7534 1712 1713
30265 1714 1715
30160 1716 1717
7048 1718 1719
23954 1720 1721
10466 1722 1723
9843 1724 1725
29052 1726 1727
11096 1728 1729
20 1730 1731
12280 1732 1733
21479 1734 1735
15610 1736 1737
2565 1738 1739
15238 1740 1741
25756 1742 1743
8411 1744 1745
17898 1746 1747
31155 1748 1749
14932 1750 1751
3695 1752 1753
30884 1754 1755
18551 1756 1757
8194 1758 1759
24727 1760 1761
12376 1762 1763
28965 1764 1765
8768 1766 1767
4278 1768 1769
27972 1770 1771
28819 1772 1773
24435 1774 1775
19212 1776 1777
6831 1778 1779
6612 1780 1781
27027 1782 1783
18102 1784 1785
27632 1786 1787
35 1788 1789
28945 1790 1791
8785 1792 1793
15189 1794 1795
22233 1796 1797
16461 1798 1799
25254 1800 1801
20113 1802 1803
12746 1804 1805
23201 1806 1807
2700 1808 1809
21374 1810 1811
1792 1812 1813
29145 1814 1815
2650 1816 1817
12425 1818 1819
17598 1820 1821
3505 1822 1823
2538 1824 1825
17135 1826 1827
28066 1828 1829
13910 1830 1831
1278 1832 1833
19821 1834 1835
12907 1836 1837
21576 1838 1839
23930 1840 1841
22604 1842 1843
5994 1844 1845
8477 1846 1847
30867 1848 1849
13776 1850 1851
25128 1852 1853
22642 1854 1855
17349 1856 1857
27285 1858 1859
14883 1860 1861
18795 1862 1863
3954 1864 1865
26623 1866 1867
14439 1868 1869
1699 1870 1871
25547 1872 1873
26162 1874 1875
19969 1876 1877
18477 1878 1879
13604 1880 1881
15062 1882 1883
10224 1884 1885
27532 1886 1887
25594 1888 1889
31417 1890 1891
2510 1892 1893
23355 1894 1895
10309 1896 1897
12567 1898 1899
26862 1900 1901
4167 1902 1903
21960 1904 1905
14611 1906 1907
20576 1908 1909
2508 1910 1911
1227 1912 1913
20236 1914 1915
24828 1916 1917
27263 1918 1919
11001 1920 1921
4075 1922 1923
25358 1924 1925
18170 1926 1927
19459 1928 1929
3914 1930 1931
15846 1932 1933
6925 1934 1935
22426 1936 1937
31139 1938 1939
10806 1940 1941
31103 1942 1943
12 1944 1945
2516 1946 1947
11091 1948 1949
7727 1950 1951
30209 1952 1953
31032 1954 1955
7728 1956 1957
28703 1958 1959
16794 1960 1961
20199 1962 1963
1730 1964 1965
7055 1966 1967
5044 1968 1969
11051 1970 1971
21580 1972 1973
16327 1974 1975
24572 1976 1977
4088 1978 1979
10630 1980 1981
9964 1982 1983
9754 1984 1985
15818 1986 1987
6500 1988 1989
13226 1990 1991
4265 1992 1993
10184 1994 1995
10518 1996 1997
9451 1998 1999
16333 2000 2001
6129 2002 2003
27500 2004 2005
27451 2006 2007
10141 2008 2009
23365 2010 2011
31443 2012 2013
30736 2014 2015
27395 2016 2017
22178 2018 2019
5030 2020 2021
9204 2022 2023
8529 2024 2025
12930 2026 2027
24987 2028 2029
32189 2030 2031
25615 2032 2033
32737 2034 2035
24420 2036 2037
25191 2038 2039
25061 2040 2041
1610 2042 2043
15183 2044 2045
12864 2046 2047
13063 2048 2049
20415 2050 2051
28411 2052 2053
18738 2054 2055
17584 2056 2057
14489 2058 2059
17013 2060 2061
21060 2062 2063
7373 2064 2065
15275 2066 2067
5469 2068 2069
17107 2070 2071
22570 2072 2073
23407 2074 2075
20383 2076 2077
28607 2078 2079
11514 2080 2081
489 2082 2083
26632 2084 2085
20666 2086 2087
24705 2088 2089
25386 2090 2091
28317 2092 2093
13388 2094 2095
26919 2096 2097
21267 2098 2099
16320 2100 2101
16469 2102 2103
15463 2104 2105
13793 2106 2107
31376 2108 2109
17117 2110 2111
14693 2112 2113
13000 2114 2115
25476 2116 2117
17877 2118 2119
11434 2120 2121
25563 2122 2123
20308 2124 2125
5123 2126 2127
25318 2128 2129
17591 2130 2131
16991 2132 2133
28498 2134 2135
24117 2136 2137
1595 2138 2139
7028 2140 2141
13973 2142 2143
5385 2144 2145
17157 2146 2147
1866 2148 2149
3477 2150 2151
2047 2152 2153
27311 2154 2155
7171 2156 2157
22530 2158 2159
16586 2160 2161
19631 2162 2163
18718 2164 2165
5927 2166 2167
6300 2168 2169
11458 2170 2171
29849 2172 2173
26160 2174 2175
22241 2176 2177
16366 2178 2179
25329 2180 2181
2208 2182 2183
11979 2184 2185
6538 2186 2187
22795 2188 2189
13509 2190 2191
12258 2192 2193
21693 2194 2195
11094 2196 2197
2512 2198 2199
23492 2200 2201
27530 2202 2203
32389 2204 2205
28786 2206 2207
6292 2208 2209
12527 2210 2211
14713 2212 2213
6693 2214 2215
14381 2216 2217
1048 2218 2219
7954 2220 2221
14633 2222 2223
2340 2224 2225
28400 2226 2227
10935 2228 2229
21295 2230 2231
28029 2232 2233
11754 2234 2235
21321 2236 2237
10443 2238 2239
13640 2240 2241
7986 2242 2243
28765 2244 2245
7262 2246 2247
32557 2248 2249
20170 2250 2251
13293 2252 2253
19044 2254 2255
14066 2256 2257
19623 2258 2259
19695 2260 2261
1363 2262 2263
8613 2264 2265
666 2266 2267
3402 2268 2269
1723 2270 2271
25197 2272 2273
17411 2274 2275
3202 2276 2277
27256 2278 2279
11715 2280 2281
23684 2282 2283
833 2284 2285
10968 2286 2287
18032 2288 2289
10872 2290 2291
10635 2292 2293
29527 2294 2295
3995 2296 2297
28942 2298 2299
14512 2300 2301
14161 2302 2303
26484 2304 2305
30435 2306 2307
8867 2308 2309
11146 2310 2311
22850 2312 2313
28956 2314 2315
6300 2316 2317
21143 2318 2319
28368 2320 2321
698 2322 2323
22312 2324 2325
18396 2326 2327
27043 2328 2329
16280 2330 2331
28870 2332 2333
4327 2334 2335
4641 2336 2337
28213 2338 2339
25403 2340 2341
26067 2342 2343
18125 2344 2345
23000 2346 2347
25293 2348 2349
20403 2350 2351
24028 2352 2353
2850 2354 2355
23623 2356 2357
31547 2358 2359
10238 2360 2361
16405 2362 2363
1267 2364 2365
19991 2366 2367
6867 2368 2369
29897 2370 2371
7104 2372 2373
26641 2374 2375
27918 2376 2377
17584 2378 2379
13149 2380 2381
12503 2382 2383
4651 2384 2385
25917 2386 2387
27252 2388 2389
26248 2390 2391
20027 2392 2393
10382 2394 2395
20877 2396 2397
484 2398 2399
1990 2400 2401
8493 2402 2403
9314 2404 2405
29218 2406 2407
13252 2408 2409
25149 2410 2411
31920 2412 2413
12368 2414 2415
18238 2416 2417
906 2418 2419
30345 2420 2421
7118 2422 2423
13406 2424 2425
14651 2426 2427
7741 2428 2429
4949 2430 2431
6227 2432 2433
14286 2434 2435
21411 2436 2437
13490 2438 2439
27296 2440 2441
20122 2442 2443
18277 2444 2445
10670 2446 2447
29001 2448 2449
15072 2450 2451
1511 2452 2453
27296 2454 2455
12902 2456 2457
12021 2458 2459
12628 2460 2461
12549 2462 2463
10677 2464 2465
13785 2466 2467
21954 2468 2469
27956 2470 2471
21860 2472 2473
5190 2474 2475
7886 2476 2477
13143 2478 2479
25253 2480 2481
289 2482 2483
31310 2484 2485
2997 2486 2487
10485 2488 2489
29613 2490 2491
15351 2492 2493
5033 2494 2495
31708 2496 2497
12437 2498 2499
29869 2500 2501
19692 2502 2503
5820 2504 2505
10615 2506 2507
10134 2508 2509
28878 2510 2511
30712 2512 2513
27792 2514 2515
18913 2516 2517
20084 2518 2519
11822 2520 2521
13917 2522 2523
27505 2524 2525
6599 2526 2527
18725 2528 2529
24828 2530 2531
29795 2532 2533
5506 2534 2535
24146 2536 2537
19854 2538 2539
24209 2540 2541
18175 2542 2543
26727 2544 2545
21909 2546 2547
9034 2548 2549
3523 2550 2551
5416 2552 2553
30971 2554 2555
26200 2556 2557
28325 2558 2559
30470 2560 2561
20328 2562 2563
7523 2564 2565
16040 2566 2567
16141 2568 2569
10506 2570 2571
8266 2572 2573
14199 2574 2575
30858 2576 2577
28290 2578 2579
28246 2580 2581
8239 2582 2583
10350 2584 2585
17776 2586 2587
15812 2588 2589
7357 2590 2591
18200 2592 2593
18061 2594 2595
9290 2596 2597
32618 2598 2599
29977 2600 2601
18709 2602 2603
6336 2604 2605
26034 2606 2607
28504 2608 2609
23105 2610 2611
12516 2612 2613
9023 2614 2615
6140 2616 2617
15319 2618 2619
20851 2620 2621
4364 2622 2623
5059 2624 2625
6595 2626 2627
15377 2628 2629
19891 2630 2631
13787 2632 2633
16439 2634 2635
27834 2636 2637
8872 2638 2639
3241 2640 2641
31015 2642 2643
8956 2644 2645
15581 2646 2647
11876 2648 2649
2018 2650 2651
16191 2652 2653
23700 2654 2655
1157 2656 2657
9275 2658 2659
6046 2660 2661
13152 2662 2663
19649 2664 2665
24346 2666 2667
4795 2668 2669
5532 2670 2671
14550 2672 2673
13852 2674 2675
29361 2676 2677
8729 2678 2679
1936 2680 2681
21617 2682 2683
6388 2684 2685
5610 2686 2687
20280 2688 2689
17420 2690 2691
24696 2692 2693
22632 2694 2695
22129 2696 2697
18613 2698 2699
19861 2700 2701
28963 2702 2703
11211 2704 2705
15966 2706 2707
19522 2708 2709
15257 2710 2711
30946 2712 2713
13165 2714 2715
8042 2716 2717
12584 2718 2719
24696 2720 2721
19067 2722 2723
6354 2724 2725
13079 2726 2727
22197 2728 2729
71 2730 2731
7997 2732 2733
4120 2734 2735
23953 2736 2737
10199 2738 2739
30169 2740 2741
21108 2742 2743
24075 2744 2745
27607 2746 2747
24546 2748 2749
11714 2750 2751
1697 2752 2753
16641 2754 2755
679 2756 2757
25633 2758 2759
20279 2760 2761
31754 2762 2763
15415 2764 2765
17480 2766 2767
14990 2768 2769
15447 2770 2771
25631 2772 2773
28781 2774 2775
21302 2776 2777
30721 2778 2779
28406 2780 2781
5794 2782 2783
16464 2784 2785
16653 2786 2787
1466 2788 2789
29656 2790 2791
31506 2792 2793
15023 2794 2795
13475 2796 2797
19195 2798 2799
27892 2800 2801
30245 2802 2803
18258 2804 2805
14016 2806 2807
16088 2808 2809
18516 2810 2811
3205 2812 2813
5769 2814 2815
3480 2816 2817
786 2818 2819
18345 2820 2821
15713 2822 2823
16096 2824 2825
14752 2826 2827
6636 2828 2829
17236 2830 2831
26386 2832 2833
7547 2834 2835
6702 2836 2837
2572 2838 2839
19359 2840 2841
23391 2842 2843
25867 2844 2845
12136 2846 2847
20703 2848 2849
9515 2850 2851
18456 2852 2853
19198 2854 2855
18908 2856 2857
2814 2858 2859
3338 2860 2861
30630 2862 2863
32517 2864 2865
5991 2866 2867
16565 2868 2869
23681 2870 2871
6508 2872 2873
31066 2874 2875
5541 2876 2877
23572 2878 2879
3850 2880 2881
16278 2882 2883
7523 2884 2885
17073 2886 2887
25587 2888 2889
6153 2890 2891
29213 2892 2893
23859 2894 2895
17879 2896 2897
7793 2898 2899
15444 2900 2901
24087 2902 2903
17552 2904 2905
8257 2906 2907
10886 2908 2909
25686 2910 2911
10468 2912 2913
6731 2914 2915
30843 2916 2917
15024 2918 2919
10057 2920 2921
5038 2922 2923
25722 2924 2925
29503 2926 2927
15505 2928 2929
9818 2930 2931
5028 2932 2933
3332 2934 2935
7358 2936 2937
9094 2938 2939
19714 2940 2941
10425 2942 2943
16128 2944 2945
9079 2946 2947
5808 2948 2949
31159 2950 2951
25456 2952 2953
30134 2954 2955
31478 2956 2957
17524 2958 2959
7419 2960 2961
24844 2962 2963
11827 2964 2965
27416 2966 2967
22514 2968 2969
5436 2970 2971
17858 2972 2973
27137 2974 2975
20333 2976 2977
25656 2978 2979
12129 2980 2981
4872 2982 2983
10202 2984 2985
30665 2986 2987
11417 2988 2989
19443 2990 2991
31413 2992 2993
21873 2994 2995
5985 2996 2997
13208 2998 2999
31988 3000 3001
30977 3002 3003
922 3004 3005
30816 3006 3007
12322 3008 3009
6369 3010 3011
12438 3012 3013
16463 3014 3015
9503 3016 3017
18333 3018 3019
661 3020 3021
10961 3022 3023
22972 3024 3025
6811 3026 3027
3716 3028 3029
16158 3030 3031
13120 3032 3033
8983 3034 3035
26588 3036 3037
18104 3038 3039
15625 3040 3041
8724 3042 3043
10146 3044 3045
27804 3046 3047
29102 3048 3049
10532 3050 3051
11047 3052 3053
17569 3054 3055
32471 3056 3057
18456 3058 3059
16125 3060 3061
25616 3062 3063
29472 3064 3065
32482 3066 3067
11105 3068 3069
15638 3070 3071
4059 3072 3073
27362 3074 3075
16467 3076 3077
23061 3078 3079
3603 3080 3081
31768 3082 3083
4566 3084 3085
26152 3086 3087
31597 3088 3089
17728 3090 3091
23267 3092 3093
452 3094 3095
29235 3096 3097
2064 3098 3099
14767 3100 3101
8217 3102 3103
30837 3104 3105
11886 3106 3107
7321 3108 3109
31626 3110 3111
21984 3112 3113
30336 3114 3115
32405 3116 3117
30049 3118 3119
29313 3120 3121
4977 3122 3123
24591 3124 3125
4854 3126 3127
9193 3128 3129
20747 3130 3131
20259 3132 3133
14439 3134 3135
32020 3136 3137
2792 3138 3139
25316 3140 3141
4583 3142 3143
15271 3144 3145
13877 3146 3147
2403 3148 3149
23035 3150 3151
20949 3152 3153
27626 3154 3155
18938 3156 3157
31033 3158 3159
19109 3160 3161
21561 3162 3163
28499 3164 3165
25442 3166 3167
1588 3168 3169
3400 3170 3171
19463 3172 3173
15758 3174 3175
29356 3176 3177
24196 3178 3179
2946 3180 3181
2469 3182 3183
7158 3184 3185
23791 3186 3187
13232 3188 3189
17438 3190 3191
5284 3192 3193
30285 3194 3195
3281 3196 3197
1348 3198 3199
5233 3200 3201
25529 3202 3203
16467 3204 3205
30916 3206 3207
581 3208 3209
7131 3210 3211
25575 3212 3213
13245 3214 3215
20735 3216 3217
28745 3218 3219
28392 3220 3221
19773 3222 3223
16843 3224 3225
10765 3226 3227
12358 3228 3229
25311 3230 3231
13870 3232 3233
14000 3234 3235
19682 3236 3237
9868 3238 3239
11592 3240 3241
15865 3242 3243
19659 3244 3245
21256 3246 3247
13145 3248 3249
5874 3250 3251
5536 3252 3253
21858 3254 3255
3815 3256 3257
10139 3258 3259
1575 3260 3261
11300 3262 3263
29788 3264 3265
21706 3266 3267
31884 3268 3269
27195 3270 3271
17438 3272 3273
30432 3274 3275
553 3276 3277
9389 3278 3279
20394 3280 3281
28054 3282 3283
12618 3284 3285
22990 3286 3287
21493 3288 3289
30393 3290 3291
1135 3292 3293
19080 3294 3295
22166 3296 3297
2782 3298 3299
14615 3300 3301
11763 3302 3303
25412 3304 3305
26721 3306 3307
18230 3308 3309
17699 3310 3311
8383 3312 3313
30388 3314 3315
8658 3316 3317
22249 3318 3319
6823 3320 3321
17205 3322 3323
1041 3324 3325
6209 3326 3327
15009 3328 3329
28622 3330 3331
2452 3332 3333
17933 3334 3335
9923 3336 3337
30487 3338 3339
21389 3340 3341
3198 3342 3343
15447 3344 3345
32182 3346 3347
25636 3348 3349
13888 3350 3351
7639 3352 3353
5775 3354 3355
10103 3356 3357
26350 3358 3359
16038 3360 3361
18352 3362 3363
11128 3364 3365
259 3366 3367
12735 3368 3369
13632 3370 3371
5161 3372 3373
2150 3374 3375
27165 3376 3377
1810 3378 3379
3596 3380 3381
20799 3382 3383
471 3384 3385
6382 3386 3387
20666 3388 3389
26758 3390 3391
25812 3392 3393
6575 3394 3395
22167 3396 3397
23387 3398 3399
31274 3400 3401
20335 3402 3403
24992 3404 3405
7016 3406 3407
67 3408 3409
8256 3410 3411
1807 3412 3413
18760 3414 3415
19679 3416 3417
4809 3418 3419
25807 3420 3421
30283 3422 3423
27770 3424 3425
23724 3426 3427
20840 3428 3429
16028 3430 3431
16139 3432 3433
32048 3434 3435
25565 3436 3437
13175 3438 3439
29676 3440 3441
1721 3442 3443
16116 3444 3445
26429 3446 3447
7004 3448 3449
12920 3450 3451
7582 3452 3453
1472 3454 3455
16594 3456 3457
14520 3458 3459
1932 3460 3461
5033 3462 3463
25167 3464 3465
868 3466 3467
14144 3468 3469
18833 3470 3471
527 3472 3473
17187 3474 3475
28599 3476 3477
12081 3478 3479
7178 3480 3481
6572 3482 3483
10867 3484 3485
25343 3486 3487
16811 3488 3489
6881 3490 3491
21271 3492 3493
5084 3494 3495
20323 3496 3497
5939 3498 3499
14948 3500 3501
26419 3502 3503
11223 3504 3505
15800 3506 3507
17177 3508 3509
25304 3510 3511
25851 3512 3513
18938 3514 3515
14526 3516 3517
6928 3518 3519
32692 3520 3521
26542 3522 3523
14255 3524 3525
30103 3526 3527
4749 3528 3529
14331 3530 3531
28052 3532 3533
24981 3534 3535
17859 3536 3537
31958 3538 3539
4208 3540 3541
18147 3542 3543
26107 3544 3545
788 3546 3547
7492 3548 3549
4667 3550 3551
26114 3552 3553
11977 3554 3555
14889 3556 3557
11299 3558 3559
24387 3560 3561
19491 3562 3563
13361 3564 3565
5646 3566 3567
5945 3568 3569
9081 3570 3571
28343 3572 3573
3282 3574 3575
3179 3576 3577
23399 3578 3579
5293 3580 3581
22590 3582 3583
23774 3584 3585
18884 3586 3587
11681 3588 3589
5850 3590 3591
9421 3592 3593
9546 3594 3595
21846 3596 3597
27371 3598 3599
7953 3600 3601
25419 3602 3603
13335 3604 3605
9265 3606 3607
17644 3608 3609
2815 3610 3611
773 3612 3613
31593 3614 3615
18849 3616 3617
6762 3618 3619
5152 3620 3621
28638 3622 3623
12200 3624 3625
7481 3626 3627
19984 3628 3629
30079 3630 3631
12193 3632 3633
28608 3634 3635
26896 3636 3637
9814 3638 3639
31077 3640 3641
11888 3642 3643
15741 3644 3645
29655 3646 3647
7121 3648 3649
8243 3650 3651
16937 3652 3653
13192 3654 3655
26429 3656 3657
13818 3658 3659
18361 3660 3661
30522 3662 3663
17777 3664 3665
18944 3666 3667
6340 3668 3669
29081 3670 3671
19551 3672 3673
27077 3674 3675
10540 3676 3677
15454 3678 3679
573 3680 3681
8884 3682 3683
9783 3684 3685
8010 3686 3687
579 3688 3689
31657 3690 3691
14023 3692 3693
11435 3694 3695
1265 3696 3697
30369 3698 3699
32212 3700 3701
23409 3702 3703
16100 3704 3705
18440 3706 3707
31620 3708 3709
27964 3710 3711
15827 3712 3713
3281 3714 3715
16114 3716 3717
23673 3718 3719
13239 3720 3721
17683 3722 3723
13245 3724 3725
30935 3726 3727
19601 3728 3729
19718 3730 3731
11472 3732 3733
29686 3734 3735
10606 3736 3737
10652 3738 3739
13316 3740 3741
19606 3742 3743
24258 3744 3745
2829 3746 3747
15689 3748 3749
25342 3750 3751
19072 3752 3753
24736 3754 3755
1154 3756 3757
15851 3758 3759
27073 3760 3761
8595 3762 3763
29229 3764 3765
29073 3766 3767
11574 3768 3769
28815 3770 3771
14568 3772 3773
5472 3774 3775
9076 3776 3777
23533 3778 3779
2964 3780 3781
14066 3782 3783
10396 3784 3785
16866 3786 3787
15948 3788 3789
32271 3790 3791
6430 3792 3793
13739 3794 3795
17054 3796 3797
31197 3798 3799
27536 3800 3801
10539 3802 3803
5520 3804 3805
14581 3806 3807
21462 3808 3809
26843 3810 3811
24740 3812 3813
22270 3814 3815
11845 3816 3817
28603 3818 3819
12878 3820 3821
3005 3822 3823
4514 3824 3825
20801 3826 3827
20012 3828 3829
29740 3830 3831
30633 3832 3833
28577 3834 3835
19659 3836 3837
10282 3838 3839
25434 3840 3841
8507 3842 3843
8803 3844 3845
22488 3846 3847
2280 3848 3849
23713 3850 3851
24978 3852 3853
21416 3854 3855
20432 3856 3857
20526 3858 3859
23155 3860 3861
18182 3862 3863
21238 3864 3865
19714 3866 3867
18074 3868 3869
29863 3870 3871
20043 3872 3873
28761 3874 3875
24696 3876 3877
30268 3878 3879
27109 3880 3881
31684 3882 3883
606 3884 3885
13196 3886 3887
6667 3888 3889
1903 3890 3891
6149 3892 3893
24243 3894 3895
11874 3896 3897
7007 3898 3899
2658 3900 3901
1221 3902 3903
23635 3904 3905
8514 3906 3907
24988 3908 3909
14670 3910 3911
4985 3912 3913
13124 3914 3915
5494 3916 3917
17554 3918 3919
21026 3920 3921
31748 3922 3923
3 3924 3925
10016 3926 3927
8553 3928 3929
444 3930 3931
12572 3932 3933
17552 3934 3935
6422 3936 3937
19154 3938 3939
25391 3940 3941
22322 3942 3943
13269 3944 3945
15885 3946 3947
14274 3948 3949
25042 3950 3951
29284 3952 3953
20523 3954 3955
1997 3956 3957
25750 3958 3959
7406 3960 3961
15165 3962 3963
440 3964 3965
22710 3966 3967
14722 3968 3969
6586 3970 3971
27302 3972 3973
488 3974 3975
25566 3976 3977
1552 3978 3979
23486 3980 3981
28901 3982 3983
21881 3984 3985
14508 3986 3987
18121 3988 3989
23987 3990 3991
2073 3992 3993
2662 3994 3995
29115 3996 3997
20333 3998 3999
16972 4000 4001
15370 4002 4003
20297 4004 4005
27901 4006 4007
15648 4008 4009
20311 4010 4011
1814 4012 4013
23212 4014 4015
23209 4016 4017
17569 4018 4019
25111 4020 4021
763 4022 4023
9850 4024 4025
14442 4026 4027
6502 4028 4029
17953 4030 4031
21228 4032 4033
3220 4034 4035
7658 4036 4037
30383 4038 4039
19782 4040 4041
2021 4042 4043
5446 4044 4045
8045 4046 4047
20132 4048 4049
2429 4050 4051
10746 4052 4053
30873 4054 4055
20570 4056 4057
5560 4058 4059
13163 4060 4061
24705 4062 4063
14164 4064 4065
8383 4066 4067
29831 4068 4069
24351 4070 4071
24061 4072 4073
15273 4074 4075
9301 4076 4077
27879 4078 4079
19952 4080 4081
18064 4082 4083
28791 4084 4085
7161 4086 4087
16933 4088 4089
21072 4090 4091
30845 4092 4093
28646 4094 4095
4591 0 0
5934 0 0
656 0 0
29761 0 0
11959 0 0
16251 0 0
13370 0 0
26124 0 0
10951 0 0
23101 0 0
24958 0 0
15441 0 0
30412 0 0
14855 0 0
7093 0 0
8472 0 0
6266 0 0
27651 0 0
21528 0 0
532 0 0
32503 0 0
32729 0 0
27892 0 0
2451 0 0
13519 0 0
19472 0 0
22494 0 0
9505 0 0
14262 0 0
21409 0 0
18038 0 0
4360 0 0
14523 0 0
21229 0 0
6766 0 0
17887 0 0
7470 0 0
25739 0 0
8522 0 0
7283 0 0
27091 0 0
1259 0 0
31687 0 0
4629 0 0
22045 0 0
12356 0 0
25452 0 0
3154 0 0
25631 0 0
6738 0 0
25776 0 0
21098 0 0
13053 0 0
24007 0 0
24216 0 0
9722 0 0
26260 0 0
30947 0 0
28630 0 0
18717 0 0
25314 0 0
16626 0 0
1334 0 0
20620 0 0
30664 0 0
23775 0 0
12212 0 0
21100 0 0
6379 0 0
10943 0 0
3789 0 0
361 0 0
15144 0 0
29561 0 0
14504 0 0
12946 0 0
12157 0 0
1430 0 0
6464 0 0
4074 0 0
26611 0 0
16292 0 0
3832 0 0
27123 0 0
31461 0 0
27330 0 0
17369 0 0
17291 0 0
2317 0 0
19914 0 0
1441 0 0
5936 0 0
31453 0 0
27909 0 0
17981 0 0
11503 0 0
28402 0 0
5230 0 0
28681 0 0
15567 0 0
3687 0 0
13171 0 0
31245 0 0
32764 0 0
26115 0 0
4592 0 0
32657 0 0
1405 0 0
20580 0 0
22740 0 0
13675 0 0
24320 0 0
21604 0 0
4489 0 0
29744 0 0
8388 0 0
26919 0 0
18259 0 0
14609 0 0
28119 0 0
21396 0 0
16853 0 0
20830 0 0
24593 0 0
14854 0 0
24272 0 0
12294 0 0
12054 0 0
29421 0 0
22688 0 0
12033 0 0
26685 0 0
32261 0 0
22860 0 0
8982 0 0
22162 0 0
1897 0 0
7887 0 0
14469 0 0
30783 0 0
7266 0 0
18633 0 0
24557 0 0
2317 0 0
2593 0 0
17843 0 0
16466 0 0
22951 0 0
12937 0 0
5174 0 0
6097 0 0
9551 0 0
21292 0 0
20237 0 0
613 0 0
25296 0 0
5628 0 0
5809 0 0
31744 0 0
18840 0 0
14962 0 0
14214 0 0
26807 0 0
13194 0 0
7011 0 0
18913 0 0
19664 0 0
26203 0 0
26946 0 0
29909 0 0
21768 0 0
26624 0 0
4235 0 0
1127 0 0
28240 0 0
1862 0 0
10142 0 0
15100 0 0
6558 0 0
21476 0 0
16430 0 0
5831 0 0
3537 0 0
15623 0 0
30211 0 0
16211 0 0
26880 0 0
12253 0 0
20785 0 0
26528 0 0
31000 0 0
10555 0 0
8934 0 0
18040 0 0
28834 0 0
14248 0 0
12796 0 0
10312 0 0
25052 0 0
30731 0 0
14248 0 0
29556 0 0
5450 0 0
27182 0 0
24099 0 0
23332 0 0
32331 0 0
75 0 0
11738 0 0
19801 0 0
13843 0 0
441 0 0
7918 0 0
3659 0 0
12628 0 0
6329 0 0
24979 0 0
18569 0 0
7679 0 0
27577 0 0
23115 0 0
23292 0 0
2872 0 0
29448 0 0
4508 0 0
22908 0 0
13993 0 0
7665 0 0
17610 0 0
24828 0 0
27705 0 0
8965 0 0
20253 0 0
31805 0 0
29478 0 0
32145 0 0
19285 0 0
26900 0 0
23994 0 0
16633 0 0
16256 0 0
29910 0 0
8982 0 0
23901 0 0
17860 0 0
32471 0 0
7137 0 0
8343 0 0
29171 0 0
7603 0 0
18011 0 0
7879 0 0
24593 0 0
530 0 0
23234 0 0
10258 0 0
5224 0 0
19093 0 0
13224 0 0
28094 0 0
8627 0 0
22005 0 0
32686 0 0
16589 0 0
18759 0 0
9578 0 0
32677 0 0
2403 0 0
15811 0 0
5225 0 0
21595 0 0
21016 0 0
31641 0 0
30335 0 0
1325 0 0
28313 0 0
24618 0 0
18457 0 0
8339 0 0
21086 0 0
31522 0 0
12911 0 0
23455 0 0
26358 0 0
990 0 0
3873 0 0
3413 0 0
3454 0 0
5646 0 0
23525 0 0
16824 0 0
17929 0 0
12594 0 0
7993 0 0
22187 0 0
4640 0 0
12534 0 0
4860 0 0
4907 0 0
32621 0 0
5117 0 0
7717 0 0
3943 0 0
17893 0 0
19978 0 0
10748 0 0
22892 0 0
26444 0 0
24353 0 0
12036 0 0
21346 0 0
826 0 0
17571 0 0
26886 0 0
5299 0 0
22056 0 0
3751 0 0
2019 0 0
18166 0 0
5717 0 0
28299 0 0
32444 0 0
1201 0 0
3328 0 0
1768 0 0
29768 0 0
16296 0 0
11262 0 0
9625 0 0
21219 0 0
18174 0 0
10984 0 0
17014 0 0
5695 0 0
5032 0 0
13851 0 0
1219 0 0
24290 0 0
21683 0 0
31918 0 0
3586 0 0
31269 0 0
12137 0 0
2397 0 0
28148 0 0
31993 0 0
29271 0 0
27669 0 0
1014 0 0
19104 0 0
2943 0 0
11495 0 0
11299 0 0
14890 0 0
29074 0 0
1549 0 0
20173 0 0
24069 0 0
26865 0 0
16833 0 0
6463 0 0
6508 0 0
23088 0 0
12245 0 0
10106 0 0
19271 0 0
6421 0 0
15258 0 0
24122 0 0
17723 0 0
18706 0 0
10189 0 0
12351 0 0
6923 0 0
31550 0 0
2097 0 0
4510 0 0
25813 0 0
25880 0 0
27844 0 0
11245 0 0
14578 0 0
21705 0 0
24514 0 0
555 0 0
10102 0 0
19468 0 0
11698 0 0
12489 0 0
10758 0 0
30775 0 0
28410 0 0
11950 0 0
23112 0 0
12529 0 0
7672 0 0
5553 0 0
13976 0 0
9085 0 0
32652 0 0
435 0 0
16693 0 0
17916 0 0
6716 0 0
32125 0 0
11838 0 0
18939 0 0
11544 0 0
26758 0 0
24588 0 0
22586 0 0
14108 0 0
21979 0 0
26947 0 0
1280 0 0
13245 0 0
29091 0 0
4047 0 0
23231 0 0
7406 0 0
16769 0 0
14709 0 0
22421 0 0
15945 0 0
16497 0 0
18335 0 0
5677 0 0
28049 0 0
23388 0 0
18675 0 0
17377 0 0
10130 0 0
15000 0 0
27754 0 0
32488 0 0
25215 0 0
940 0 0
27799 0 0
9707 0 0
8454 0 0
12499 0 0
30792 0 0
32612 0 0
18682 0 0
16129 0 0
17137 0 0
16600 0 0
31864 0 0
2641 0 0
27732 0 0
11684 0 0
32499 0 0
28583 0 0
29256 0 0
7640 0 0
12087 0 0
14835 0 0
1663 0 0
25897 0 0
18677 0 0
27553 0 0
19533 0 0
2286 0 0
25624 0 0
26984 0 0
30624 0 0
6504 0 0
28822 0 0
462 0 0
24473 0 0
24160 0 0
31122 0 0
19750 0 0
21337 0 0
4006 0 0
4931 0 0
29236 0 0
10357 0 0
28290 0 0
1898 0 0
8996 0 0
29855 0 0
15338 0 0
17342 0 0
30742 0 0
30037 0 0
6767 0 0
5053 0 0
3609 0 0
13924 0 0
29465 0 0
12239 0 0
15492 0 0
16499 0 0
31036 0 0
23061 0 0
15712 0 0
27896 0 0
27841 0 0
20130 0 0
7915 0 0
6286 0 0
20666 0 0
1344 0 0
5893 0 0
1949 0 0
10844 0 0
22777 0 0
14590 0 0
10285 0 0
17118 0 0
25668 0 0
15384 0 0
28747 0 0
27936 0 0
6204 0 0
26364 0 0
1411 0 0
250 0 0
11504 0 0
2670 0 0
10845 0 0
9088 0 0
23256 0 0
5857 0 0
22678 0 0
12674 0 0
14155 0 0
10996 0 0
8917 0 0
3967 0 0
1707 0 0
11462 0 0
19402 0 0
3426 0 0
19095 0 0
4586 0 0
5279 0 0
25822 0 0
6879 0 0
5676 0 0
3164 0 0
32570 0 0
6038 0 0
30643 0 0
21856 0 0
2647 0 0
5939 0 0
17452 0 0
979 0 0
21419 0 0
24007 0 0
15675 0 0
18613 0 0
13371 0 0
28642 0 0
32621 0 0
21501 0 0
18129 0 0
21358 0 0
4798 0 0
4202 0 0
1238 0 0
15032 0 0
14481 0 0
15579 0 0
1727 0 0
1771 0 0
24816 0 0
28488 0 0
5589 0 0
5513 0 0
32271 0 0
23283 0 0
27038 0 0
3012 0 0
27714 0 0
27649 0 0
28522 0 0
24541 0 0
1052 0 0
565 0 0
138 0 0
13310 0 0
27224 0 0
18222 0 0
27441 0 0
6648 0 0
19368 0 0
31441 0 0
32668 0 0
19974 0 0
5745 0 0
18018 0 0
22974 0 0
19252 0 0
25524 0 0
6966 0 0
8144 0 0
32240 0 0
25027 0 0
1205 0 0
4291 0 0
31641 0 0
22471 0 0
6259 0 0
20217 0 0
2016 0 0
31502 0 0
7666 0 0
32046 0 0
17632 0 0
2145 0 0
6003 0 0
31901 0 0
8326 0 0
30350 0 0
10405 0 0
1025 0 0
28970 0 0
9793 0 0
11323 0 0
28856 0 0
15896 0 0
15290 0 0
13795 0 0
17350 0 0
8315 0 0
3760 0 0
9984 0 0
2534 0 0
6050 0 0
25584 0 0
10790 0 0
29182 0 0
19066 0 0
9425 0 0
13101 0 0
6450 0 0
19982 0 0
5638 0 0
25167 0 0
4345 0 0
16883 0 0
30833 0 0
10390 0 0
20189 0 0
17839 0 0
6753 0 0
10679 0 0
10600 0 0
8252 0 0
2151 0 0
28318 0 0
7813 0 0
14907 0 0
25429 0 0
2264 0 0
19531 0 0
29942 0 0
31155 0 0
27587 0 0
23158 0 0
4464 0 0
31065 0 0
8380 0 0
5946 0 0
13540 0 0
14464 0 0
23194 0 0
10270 0 0
32715 0 0
8833 0 0
7611 0 0
415 0 0
6645 0 0
23448 0 0
24919 0 0
27988 0 0
26321 0 0
13509 0 0
8652 0 0
658 0 0
14122 0 0
10999 0 0
1899 0 0
1320 0 0
32036 0 0
19485 0 0
20741 0 0
11567 0 0
4208 0 0
29681 0 0
4879 0 0
17207 0 0
5259 0 0
28026 0 0
20124 0 0
17774 0 0
2884 0 0
3145 0 0
20481 0 0
20149 0 0
24168 0 0
18217 0 0
15955 0 0
2343 0 0
26133 0 0
20736 0 0
19555 0 0
1954 0 0
930 0 0
12488 0 0
24870 0 0
26072 0 0
32176 0 0
18086 0 0
4231 0 0
19975 0 0
30260 0 0
19438 0 0
28981 0 0
5242 0 0
24618 0 0
24061 0 0
27219 0 0
20990 0 0
12833 0 0
502 0 0
26928 0 0
24898 0 0
31447 0 0
2222 0 0
8686 0 0
23577 0 0
12844 0 0
31723 0 0
20337 0 0
27168 0 0
28130 0 0
4858 0 0
22512 0 0
3318 0 0
13201 0 0
32702 0 0
10684 0 0
30270 0 0
26312 0 0
20311 0 0
26850 0 0
5488 0 0
11520 0 0
18848 0 0
6784 0 0
12187 0 0
14462 0 0
16859 0 0
8871 0 0
8172 0 0
22832 0 0
22015 0 0
13976 0 0
18298 0 0
39 0 0
19997 0 0
29146 0 0
23675 0 0
917 0 0
12073 0 0
10777 0 0
8381 0 0
31785 0 0
20979 0 0
16085 0 0
30935 0 0
19735 0 0
20648 0 0
2085 0 0
521 0 0
9260 0 0
7688 0 0
19919 0 0
26792 0 0
27065 0 0
21011 0 0
10976 0 0
12121 0 0
23202 0 0
28564 0 0
31539 0 0
2257 0 0
2370 0 0
11080 0 0
7298 0 0
23960 0 0
30510 0 0
22033 0 0
1675 0 0
30499 0 0
17775 0 0
5086 0 0
20967 0 0
23542 0 0
23495 0 0
14186 0 0
8437 0 0
12626 0 0
18364 0 0
20340 0 0
1360 0 0
21154 0 0
18012 0 0
8706 0 0
12525 0 0
29249 0 0
23179 0 0
8421 0 0
14145 0 0
1969 0 0
21839 0 0
23762 0 0
19473 0 0
21970 0 0
23147 0 0
16715 0 0
4429 0 0
27689 0 0
14663 0 0
16259 0 0
18631 0 0
2514 0 0
10966 0 0
13444 0 0
12936 0 0
19406 0 0
29427 0 0
32371 0 0
23327 0 0
23461 0 0
2173 0 0
31417 0 0
31463 0 0
26126 0 0
20595 0 0
2406 0 0
27370 0 0
23305 0 0
22496 0 0
30519 0 0
6126 0 0
31585 0 0
21465 0 0
17107 0 0
17271 0 0
28099 0 0
16519 0 0
22492 0 0
14753 0 0
27590 0 0
24959 0 0
7809 0 0
5865 0 0
32019 0 0
259 0 0
22869 0 0
456 0 0
7578 0 0
26074 0 0
31274 0 0
13316 0 0
30511 0 0
18585 0 0
14095 0 0
8174 0 0
2183 0 0
26658 0 0
16983 0 0
6231 0 0
2232 0 0
24300 0 0
32702 0 0
22858 0 0
10557 0 0
15561 0 0
23656 0 0
25713 0 0
23092 0 0
17182 0 0
21074 0 0
3987 0 0
4983 0 0
21364 0 0
26746 0 0
24390 0 0
26255 0 0
13163 0 0
19948 0 0
4720 0 0
32091 0 0
3766 0 0
12126 0 0
14825 0 0
17518 0 0
3220 0 0
24147 0 0
29156 0 0
3360 0 0
751 0 0
22294 0 0
12589 0 0
7976 0 0
9694 0 0
30301 0 0
21702 0 0
20523 0 0
26539 0 0
6637 0 0
8186 0 0
1827 0 0
15169 0 0
10415 0 0
3644 0 0
23669 0 0
10378 0 0
7952 0 0
9846 0 0
5915 0 0
22988 0 0
3915 0 0
11056 0 0
30062 0 0
9616 0 0
27442 0 0
1984 0 0
7049 0 0
23396 0 0
18775 0 0
5416 0 0
14552 0 0
18759 0 0
22844 0 0
3554 0 0
6824 0 0
31999 0 0
19917 0 0
15793 0 0
12060 0 0
31175 0 0
32501 0 0
31622 0 0
27395 0 0
11026 0 0
10929 0 0
9072 0 0
10193 0 0
8 0 0
30876 0 0
15137 0 0
13803 0 0
21090 0 0
22902 0 0
27602 0 0
30654 0 0
12729 0 0
12274 0 0
5226 0 0
28134 0 0
22972 0 0
2307 0 0
25518 0 0
27437 0 0
20695 0 0
23144 0 0
17659 0 0
21907 0 0
6576 0 0
628 0 0
24196 0 0
15535 0 0
15835 0 0
23532 0 0
24956 0 0
29749 0 0
24620 0 0
24526 0 0
16406 0 0
3445 0 0
30574 0 0
30538 0 0
20664 0 0
20877 0 0
20353 0 0
17611 0 0
27842 0 0
31149 0 0
20135 0 0
7328 0 0
23855 0 0
31741 0 0
16909 0 0
10083 0 0
692 0 0
17312 0 0
26099 0 0
22405 0 0
15290 0 0
29959 0 0
32628 0 0
21778 0 0
27440 0 0
22148 0 0
29444 0 0
7210 0 0
4698 0 0
31180 0 0
24815 0 0
27479 0 0
19593 0 0
3005 0 0
18536 0 0
27587 0 0
30732 0 0
31165 0 0
1064 0 0
24169 0 0
744 0 0
24769 0 0
11049 0 0
10558 0 0
32143 0 0
25603 0 0
9190 0 0
17004 0 0
21300 0 0
423 0 0
31347 0 0
25230 0 0
21665 0 0
32000 0 0
3617 0 0
31579 0 0
26224 0 0
26260 0 0
12158 0 0
19312 0 0
734 0 0
5169 0 0
29562 0 0
6890 0 0
1711 0 0
4750 0 0
28960 0 0
21754 0 0
30787 0 0
24565 0 0
29942 0 0
9388 0 0
19269 0 0
13830 0 0
10809 0 0
18319 0 0
29881 0 0
13020 0 0
1411 0 0
2357 0 0
22999 0 0
18829 0 0
5950 0 0
10365 0 0
2334 0 0
19094 0 0
28592 0 0
15253 0 0
16117 0 0
19160 0 0
21505 0 0
6562 0 0
3576 0 0
20072 0 0
11134 0 0
21945 0 0
1852 0 0
32521 0 0
8061 0 0
28366 0 0
2885 0 0
2718 0 0
9107 0 0
16735 0 0
31098 0 0
3916 0 0
26182 0 0
3059 0 0
13758 0 0
22399 0 0
1135 0 0
22342 0 0
17780 0 0
30406 0 0
28295 0 0
8252 0 0
15718 0 0
7285 0 0
28428 0 0
2364 0 0
26385 0 0
17157 0 0
2737 0 0
11593 0 0
17096 0 0
4493 0 0
29768 0 0
30096 0 0
20381 0 0
25739 0 0
5584 0 0
16731 0 0
11849 0 0
8606 0 0
6850 0 0
16467 0 0
12083 0 0
11158 0 0
15606 0 0
20920 0 0
18366 0 0
19685 0 0
9023 0 0
5470 0 0
23175 0 0
1683 0 0
9988 0 0
32190 0 0
8275 0 0
25519 0 0
14341 0 0
14058 0 0
5794 0 0
13341 0 0
24837 0 0
12675 0 0
19736 0 0
9958 0 0
30580 0 0
5253 0 0
20727 0 0
2426 0 0
19670 0 0
23370 0 0
6549 0 0
9077 0 0
26199 0 0
30571 0 0
27376 0 0
17731 0 0
11044 0 0
30000 0 0
7528 0 0
12634 0 0
4999 0 0
13623 0 0
15941 0 0
15749 0 0
31539 0 0
4099 0 0
14363 0 0
14726 0 0
201 0 0
22024 0 0
18895 0 0
6170 0 0
11483 0 0
28752 0 0
11324 0 0
27740 0 0
18255 0 0
10030 0 0
15756 0 0
3114 0 0
2980 0 0
8124 0 0
6008 0 0
6667 0 0
21717 0 0
2990 0 0
25412 0 0
18064 0 0
28275 0 0
17911 0 0
20106 0 0
8644 0 0
23826 0 0
24988 0 0
18838 0 0
27212 0 0
23947 0 0
1052 0 0
5771 0 0
11110 0 0
32057 0 0
3925 0 0
31148 0 0
25774 0 0
7043 0 0
6763 0 0
20016 0 0
23934 0 0
7301 0 0
21174 0 0
30582 0 0
12082 0 0
14024 0 0
19337 0 0
15376 0 0
19424 0 0
15864 0 0
30794 0 0
31744 0 0
10075 0 0
16071 0 0
14819 0 0
19979 0 0
5158 0 0
16807 0 0
21156 0 0
14820 0 0
9766 0 0
27222 0 0
26271 0 0
6955 0 0
27625 0 0
8029 0 0
8490 0 0
29648 0 0
5517 0 0
24192 0 0
3148 0 0
24056 0 0
2282 0 0
29743 0 0
1927 0 0
269 0 0
21033 0 0
8431 0 0
19026 0 0
5842 0 0
18616 0 0
4961 0 0
30121 0 0
27782 0 0
27006 0 0
6491 0 0
22195 0 0
13143 0 0
14771 0 0
23592 0 0
5881 0 0
13467 0 0
16952 0 0
17322 0 0
429 0 0
21424 0 0
14153 0 0
22151 0 0
8720 0 0
30144 0 0
14077 0 0
18213 0 0
4202 0 0
23753 0 0
5058 0 0
16575 0 0
31395 0 0
24701 0 0
11558 0 0
3123 0 0
14026 0 0
2530 0 0
14820 0 0
935 0 0
6430 0 0
22794 0 0
11736 0 0
6890 0 0
26754 0 0
9782 0 0
25188 0 0
17855 0 0
30542 0 0
14659 0 0
5943 0 0
15347 0 0
31668 0 0
21788 0 0
12280 0 0
27479 0 0
29846 0 0
7271 0 0
12344 0 0
13142 0 0
12353 0 0
7549 0 0
2823 0 0
11825 0 0
32046 0 0
3362 0 0
17624 0 0
14078 0 0
26781 0 0
377 0 0
6048 0 0
20170 0 0
29915 0 0
28672 0 0
15862 0 0
6421 0 0
21465 0 0
14329 0 0
24082 0 0
5389 0 0
2140 0 0
18666 0 0
13485 0 0
15822 0 0
11896 0 0
26141 0 0
28432 0 0
5872 0 0
25645 0 0
8120 0 0
32128 0 0
25970 0 0
15004 0 0
8514 0 0
23210 0 0
25269 0 0
16344 0 0
11830 0 0
27261 0 0
26395 0 0
83 0 0
28710 0 0
7372 0 0
2295 0 0
28021 0 0
6341 0 0
22290 0 0
17525 0 0
26982 0 0
5783 0 0
28793 0 0
28050 0 0
30884 0 0
32629 0 0
12460 0 0
24105 0 0
27824 0 0
27550 0 0
8060 0 0
19801 0 0
7300 0 0
27225 0 0
19140 0 0
10048 0 0
14449 0 0
8491 0 0
24382 0 0
4836 0 0
1725 0 0
5519 0 0
16701 0 0
6631 0 0
12725 0 0
22301 0 0
3969 0 0
12488 0 0
2851 0 0
13997 0 0
29511 0 0
20067 0 0
3379 0 0
24955 0 0
1661 0 0
2432 0 0
32666 0 0
22237 0 0
24848 0 0
24404 0 0
28221 0 0
22133 0 0
6241 0 0
32514 0 0
3454 0 0
21658 0 0
20784 0 0
10688 0 0
30856 0 0
30180 0 0
24537 0 0
13629 0 0
20101 0 0
29384 0 0
31987 0 0
5136 0 0
1528 0 0
6366 0 0
29193 0 0
26958 0 0
8901 0 0
17653 0 0
30503 0 0
13472 0 0
4953 0 0
10824 0 0
30057 0 0
15665 0 0
16966 0 0
25690 0 0
29926 0 0
22828 0 0
29703 0 0
9449 0 0
12003 0 0
22910 0 0
15282 0 0
26393 0 0
7863 0 0
23961 0 0
19251 0 0
27318 0 0
3558 0 0
28103 0 0
17464 0 0
17457 0 0
7221 0 0
16922 0 0
21260 0 0
9298 0 0
5234 0 0
26841 0 0
21793 0 0
17405 0 0
3651 0 0
25760 0 0
15842 0 0
5694 0 0
21535 0 0
16500 0 0
650 0 0
6688 0 0
4010 0 0
26017 0 0
31210 0 0
3495 0 0
14648 0 0
4189 0 0
3637 0 0
16649 0 0
24407 0 0
28134 0 0
14812 0 0
20641 0 0
4496 0 0
23162 0 0
2732 0 0
31565 0 0
27445 0 0
21228 0 0
2178 0 0
15745 0 0
4205 0 0
15149 0 0
22353 0 0
27795 0 0
22567 0 0
27149 0 0
26742 0 0
16748 0 0
22815 0 0
14047 0 0
137 0 0
32169 0 0
7970 0 0
26053 0 0
13178 0 0
11156 0 0
12695 0 0
17586 0 0
8752 0 0
5089 0 0
20238 0 0
7054 0 0
25656 0 0
24171 0 0
8503 0 0
19511 0 0
12205 0 0
22599 0 0
13261 0 0
29045 0 0
5732 0 0
30076 0 0
403 0 0
18367 0 0
30129 0 0
5793 0 0
29854 0 0
15012 0 0
23326 0 0
32647 0 0
2489 0 0
29674 0 0
11957 0 0
15503 0 0
10482 0 0
2829 0 0
952 0 0
8496 0 0
15183 0 0
15597 0 0
20476 0 0
28224 0 0
22195 0 0
31623 0 0
22602 0 0
15369 0 0
19989 0 0
14437 0 0
19654 0 0
24652 0 0
28350 0 0
30132 0 0
21871 0 0
2649 0 0
29204 0 0
32177 0 0
19184 0 0
6651 0 0
27037 0 0
10915 0 0
19074 0 0
13759 0 0
4546 0 0
29260 0 0
3161 0 0
27818 0 0
21350 0 0
21263 0 0
23458 0 0
9594 0 0
17945 0 0
13502 0 0
15760 0 0
3586 0 0
28735 0 0
16616 0 0
28592 0 0
29018 0 0
9370 0 0
22336 0 0
19512 0 0
29482 0 0
5105 0 0
25726 0 0
25306 0 0
3080 0 0
23990 0 0
4591 0 0
2322 0 0
13285 0 0
2702 0 0
1268 0 0
23848 0 0
29235 0 0
22762 0 0
28237 0 0
26343 0 0
17519 0 0
3370 0 0
8991 0 0
12714 0 0
27085 0 0
24399 0 0
16282 0 0
30185 0 0
25516 0 0
17888 0 0
9499 0 0
27769 0 0
25331 0 0
11502 0 0
5970 0 0
5398 0 0
6851 0 0
14463 0 0
29053 0 0
21267 0 0
19662 0 0
14081 0 0
9695 0 0
1445 0 0
14523 0 0
12365 0 0
4718 0 0
4599 0 0
31499 0 0
30554 0 0
19124 0 0
12722 0 0
29556 0 0
21875 0 0
1692 0 0
13132 0 0
19728 0 0
11149 0 0
27277 0 0
22338 0 0
15175 0 0
6125 0 0
139 0 0
3640 0 0
7966 0 0
8148 0 0
17547 0 0
3110 0 0
6557 0 0
13009 0 0
403 0 0
26023 0 0
22574 0 0
369 0 0
11906 0 0
26658 0 0
25816 0 0
20373 0 0
20031 0 0
15791 0 0
25422 0 0
20987 0 0
32364 0 0
24023 0 0
25709 0 0
4141 0 0
29285 0 0
27272 0 0
8828 0 0
13549 0 0
12517 0 0
21590 0 0
12891 0 0
1538 0 0
7604 0 0
10991 0 0
12693 0 0
11620 0 0
28197 0 0
32759 0 0
10842 0 0
10089 0 0
29494 0 0
21486 0 0
6146 0 0
11486 0 0
1271 0 0
30954 0 0
31504 0 0
14246 0 0
23757 0 0
10350 0 0
22832 0 0
14943 0 0
12312 0 0
7768 0 0
32589 0 0
6209 0 0
21987 0 0
1912 0 0
28639 0 0
4248 0 0
1479 0 0
13940 0 0
2043 0 0
23412 0 0
14377 0 0
11983 0 0
3885 0 0
18720 0 0
16257 0 0
12276 0 0
25924 0 0
13037 0 0
19035 0 0
1890 0 0
13367 0 0
11221 0 0
17975 0 0
27684 0 0
21531 0 0
31782 0 0
32705 0 0
15923 0 0
30870 0 0
9282 0 0
14196 0 0
18715 0 0
16051 0 0
11755 0 0
15174 0 0
24729 0 0
10882 0 0
19769 0 0
11237 0 0
24161 0 0
21197 0 0
2125 0 0
5485 0 0
27560 0 0
7718 0 0
8079 0 0
8709 0 0
7682 0 0
7475 0 0
29343 0 0
27446 0 0
32684 0 0
4361 0 0
25286 0 0
8266 0 0
598 0 0
18604 0 0
468 0 0
31184 0 0
29616 0 0
11014 0 0
14996 0 0
16873 0 0
15941 0 0
25791 0 0
25589 0 0
4020 0 0
28251 0 0
5081 0 0
31825 0 0
9228 0 0
31238 0 0
13991 0 0
24853 0 0
20448 0 0
29877 0 0
22490 0 0
19056 0 0
10773 0 0
29429 0 0
12888 0 0
17585 0 0
21841 0 0
11560 0 0
21047 0 0
30382 0 0
19606 0 0
8732 0 0
20392 0 0
14063 0 0
16923 0 0
692 0 0
22443 0 0
3919 0 0
28849 0 0
2486 0 0
29556 0 0
1364 0 0
16498 0 0
3338 0 0
6723 0 0
22411 0 0
4193 0 0
25290 0 0
20416 0 0
30339 0 0
16544 0 0
16274 0 0
5433 0 0
24401 0 0
20183 0 0
437 0 0
32134 0 0
3671 0 0
8722 0 0
24540 0 0
29368 0 0
1848 0 0
20366 0 0
1770 0 0
9555 0 0
4299 0 0
7730 0 0
21439 0 0
26194 0 0
28664 0 0
26673 0 0
32487 0 0
19764 0 0
24013 0 0
12452 0 0
6766 0 0
12704 0 0
28649 0 0
10377 0 0
20955 0 0
22105 0 0
5937 0 0
1366 0 0
19290 0 0
6446 0 0
19635 0 0
20093 0 0
5456 0 0
24403 0 0
25599 0 0
30041 0 0
12324 0 0
10344 0 0
13749 0 0
29276 0 0
3244 0 0
13592 0 0
17269 0 0
5175 0 0
19481 0 0
14471 0 0
16713 0 0
27666 0 0
24290 0 0
29059 0 0
4546 0 0
32759 0 0
391 0 0
2093 0 0
20583 0 0
17950 0 0
10869 0 0
10165 0 0
30973 0 0
27791 0 0
4515 0 0
30118 0 0
3388 0 0
2497 0 0
18563 0 0
9125 0 0
18370 0 0
15121 0 0
24336 0 0
18275 0 0
11576 0 0
1799 0 0
23263 0 0
17830 0 0
3336 0 0
5783 0 0
3339 0 0
23705 0 0
15940 0 0
9868 0 0
5537 0 0
26320 0 0
30997 0 0
9354 0 0
30562 0 0
23865 0 0
20700 0 0
32302 0 0
20463 0 0
528 0 0
25679 0 0
21351 0 0
18442 0 0
19280 0 0
15290 0 0
15098 0 0
29551 0 0
23262 0 0
21649 0 0
10485 0 0
12889 0 0
2858 0 0
129 0 0
14640 0 0
25936 0 0
7473 0 0
333 0 0
8756 0 0
16534 0 0
23931 0 0
27079 0 0
8202 0 0
5388 0 0
3429 0 0
22002 0 0
27610 0 0
5760 0 0
99 0 0
3055 0 0
24393 0 0
14726 0 0
28798 0 0
26201 0 0
31587 0 0
11652 0 0
19175 0 0
10678 0 0
11455 0 0
9531 0 0
10489 0 0
4521 0 0
30127 0 0
21113 0 0
30389 0 0
20488 0 0
13763 0 0
25316 0 0
5854 0 0
26425 0 0
9524 0 0
30120 0 0
32659 0 0
30682 0 0
18341 0 0
26222 0 0
5754 0 0
850 0 0
1516 0 0
6602 0 0
7737 0 0
17901 0 0
22749 0 0
31843 0 0
16710 0 0
26489 0 0
9858 0 0
10106 0 0
6586 0 0
31371 0 0
32490 0 0
32353 0 0
1281 0 0
27996 0 0
28213 0 0
8804 0 0
19785 0 0
21564 0 0
10504 0 0
26921 0 0
31544 0 0
13257 0 0
88 0 0
3340 0 0
19923 0 0
15343 0 0
5876 0 0
13613 0 0
253 0 0
9693 0 0
6332 0 0
31599 0 0
216 0 0
6834 0 0
3849 0 0
27450 0 0
9180 0 0
9535 0 0
4562 0 0
12817 0 0
11011 0 0
31321 0 0
32606 0 0
22593 0 0
18664 0 0
27444 0 0
15833 0 0
21025 0 0
27559 0 0
11007 0 0
9006 0 0
17541 0 0
30059 0 0
22715 0 0
20944 0 0
5384 0 0
7738 0 0
4638 0 0
3737 0 0
32315 0 0
32080 0 0
22425 0 0
17752 0 0
19412 0 0
13004 0 0
28825 0 0
1244 0 0
9 0 0
22316 0 0
7761 0 0
9133 0 0
5532 0 0
25283 0 0
30439 0 0
21880 0 0
25589 0 0
7629 0 0
29521 0 0
10597 0 0
30444 0 0
18621 0 0
2815 0 0
10713 0 0
32058 0 0
23511 0 0
6846 0 0
20943 0 0
28655 0 0
12251 0 0
13290 0 0
16052 0 0
14360 0 0
29767 0 0
8034 0 0
32133 0 0
378 0 0
25387 0 0
13500 0 0
6615 0 0
10970 0 0
22823 0 0
32537 0 0
22050 0 0
12978 0 0
22443 0 0
4821 0 0
2718 0 0
8695 0 0
14709 0 0
7468 0 0
8703 0 0
1849 0 0
9050 0 0
31142 0 0
22444 0 0
