127
25667 2 3
26299 4 5
4833 6 7
17035 8 9
22648 10 11
31115 12 13
16941 14 15
9894 16 17
20037 18 19
27446 20 21
11840 22 23
4639 24 25
15573 26 27
21724 28 29
24221 30 31
28703 32 33
7711 34 35
12859 36 37
22190 38 39
23805 40 41
24393 42 43
4966 44 45
11323 46 47
29658 48 49
5021 50 51
5097 52 53
24767 54 55
13966 56 57
12287 58 59
18588 60 61
900 62 63
23811 64 65
17673 66 67
28253 68 69
27644 70 71
8723 72 73
778 74 75
1842 76 77
9040 78 79
15890 80 81
15350 82 83
3548 84 85
24084 86 87
7376 88 89
16944 90 91
5537 92 93
2082 94 95
22704 96 97
2306 98 99
28745 100 101
6270 102 103
16512 104 105
9161 106 107
23655 108 109
12052 110 111
3430 112 113
18007 114 115
27753 116 117
8909 118 119
6422 120 121
13030 122 123
32591 124 125
17410 126 127
31322 0 0
30333 0 0
4664 0 0
15141 0 0
6868 0 0
25547 0 0
32662 0 0
32757 0 0
9741 0 0
27529 0 0
12316 0 0
3035 0 0
288 0 0
30106 0 0
8942 0 0
19264 0 0
6729 0 0
24370 0 0
15006 0 0
31101 0 0
19629 0 0
12623 0 0
19954 0 0
18756 0 0
13931 0 0
26308 0 0
32439 0 0
24626 0 0
21538 0 0
16118 0 0
22929 0 0
16541 0 0
9930 0 0
13977 0 0
31673 0 0
22386 0 0
26924 0 0
19072 0 0
5829 0 0
26777 0 0
23986 0 0
13290 0 0
18636 0 0
22355 0 0
15574 0 0
4031 0 0
27350 0 0
1150 0 0
31107 0 0
30191 0 0
11337 0 0
15457 0 0
10383 0 0
14945 0 0
32209 0 0
9758 0 0
24946 0 0
27506 0 0
16413 0 0
29168 0 0
18762 0 0
1655 0 0
6359 0 0
27624 0 0
