255
128 2 3
64 4 5
192 6 7
32 8 9
96 10 11
160 12 13
224 14 15
16 16 17
48 18 19
80 20 21
112 22 23
144 24 25
176 26 27
208 28 29
240 30 31
8 32 33
24 34 35
40 36 37
56 38 39
72 40 41
88 42 43
104 44 45
120 46 47
136 48 49
152 50 51
168 52 53
184 54 55
200 56 57
216 58 59
232 60 61
248 62 63
4 64 65
12 66 67
20 68 69
28 70 71
36 72 73
44 74 75
52 76 77
60 78 79
68 80 81
76 82 83
84 84 85
92 86 87
100 88 89
108 90 91
116 92 93
124 94 95
132 96 97
140 98 99
148 100 101
156 102 103
164 104 105
172 106 107
180 108 109
188 110 111
196 112 113
204 114 115
212 116 117
220 118 119
228 120 121
236 122 123
244 124 125
252 126 127
2 128 129
6 130 131
10 132 133
14 134 135
18 136 137
22 138 139
26 140 141
30 142 143
34 144 145
38 146 147
42 148 149
46 150 151
50 152 153
54 154 155
58 156 157
62 158 159
66 160 161
70 162 163
74 164 165
78 166 167
82 168 169
86 170 171
90 172 173
94 174 175
98 176 177
102 178 179
106 180 181
110 182 183
114 184 185
118 186 187
122 188 189
126 190 191
130 192 193
134 194 195
138 196 197
142 198 199
146 200 201
150 202 203
154 204 205
158 206 207
162 208 209
166 210 211
170 212 213
174 214 215
178 216 217
182 218 219
186 220 221
190 222 223
194 224 225
198 226 227
202 228 229
206 230 231
210 232 233
214 234 235
218 236 237
222 238 239
226 240 241
230 242 243
234 244 245
238 246 247
242 248 249
246 250 251
250 252 253
254 254 255
1 0 0
3 0 0
5 0 0
7 0 0
9 0 0
11 0 0
13 0 0
15 0 0
17 0 0
19 0 0
21 0 0
23 0 0
25 0 0
27 0 0
29 0 0
31 0 0
33 0 0
35 0 0
37 0 0
39 0 0
41 0 0
43 0 0
45 0 0
47 0 0
49 0 0
51 0 0
53 0 0
55 0 0
57 0 0
59 0 0
61 0 0
63 0 0
65 0 0
67 0 0
69 0 0
71 0 0
73 0 0
75 0 0
77 0 0
79 0 0
81 0 0
83 0 0
85 0 0
87 0 0
89 0 0
91 0 0
93 0 0
95 0 0
97 0 0
99 0 0
101 0 0
103 0 0
105 0 0
107 0 0
109 0 0
111 0 0
113 0 0
115 0 0
117 0 0
119 0 0
121 0 0
123 0 0
125 0 0
127 0 0
129 0 0
131 0 0
133 0 0
135 0 0
137 0 0
139 0 0
141 0 0
143 0 0
145 0 0
147 0 0
149 0 0
151 0 0
153 0 0
155 0 0
157 0 0
159 0 0
161 0 0
163 0 0
165 0 0
167 0 0
169 0 0
171 0 0
173 0 0
175 0 0
177 0 0
179 0 0
181 0 0
183 0 0
185 0 0
187 0 0
189 0 0
191 0 0
193 0 0
195 0 0
197 0 0
199 0 0
201 0 0
203 0 0
205 0 0
207 0 0
209 0 0
211 0 0
213 0 0
215 0 0
217 0 0
219 0 0
221 0 0
223 0 0
225 0 0
227 0 0
229 0 0
231 0 0
233 0 0
235 0 0
237 0 0
239 0 0
241 0 0
243 0 0
245 0 0
247 0 0
249 0 0
251 0 0
253 0 0
255 0 0
