511
6483 2 3
27595 4 5
27432 6 7
4041 8 9
9832 10 11
17505 12 13
32356 14 15
3602 16 17
15281 18 19
30932 20 21
7129 22 23
27593 24 25
2625 26 27
6072 28 29
17398 30 31
24350 32 33
14309 34 35
19589 36 37
1416 38 39
4169 40 41
20416 42 43
2161 44 45
29334 46 47
22725 48 49
26302 50 51
25627 52 53
18662 54 55
29350 56 57
3584 58 59
22279 60 61
20072 62 63
10291 64 65
27938 66 67
7616 68 69
3195 70 71
20798 72 73
19156 74 75
21881 76 77
26869 78 79
2154 80 81
21718 82 83
28286 84 85
20053 86 87
5535 88 89
8313 90 91
25874 92 93
3102 94 95
13031 96 97
19711 98 99
17371 100 101
4757 102 103
5629 104 105
8116 106 107
13829 108 109
6477 110 111
18823 112 113
10112 114 115
29734 116 117
2223 118 119
22701 120 121
19855 122 123
12818 124 125
15145 126 127
30836 128 129
19668 130 131
6900 132 133
22483 134 135
18935 136 137
30303 138 139
20485 140 141
7448 142 143
28009 144 145
24179 146 147
11511 148 149
26362 150 151
31998 152 153
27892 154 155
17861 156 157
10585 158 159
25721 160 161
10555 162 163
3753 164 165
22549 166 167
16105 168 169
31316 170 171
912 172 173
19558 174 175
20450 176 177
17253 178 179
4474 180 181
7391 182 183
24372 184 185
8177 186 187
8480 188 189
1543 190 191
8492 192 193
8360 194 195
25760 196 197
2695 198 199
22466 200 201
21119 202 203
32170 204 205
5109 206 207
31928 208 209
3737 210 211
5030 212 213
21520 214 215
30900 216 217
1200 218 219
5108 220 221
12993 222 223
14485 224 225
29337 226 227
12717 228 229
4565 230 231
6654 232 233
2483 234 235
22142 236 237
3221 238 239
12193 240 241
25705 242 243
24855 244 245
1752 246 247
610 248 249
20040 250 251
19353 252 253
8759 254 255
9374 256 257
24021 258 259
24484 260 261
53 262 263
3788 264 265
3728 266 267
17807 268 269
6617 270 271
17451 272 273
16519 274 275
6224 276 277
32609 278 279
3093 280 281
1587 282 283
25200 284 285
20580 286 287
27157 288 289
18538 290 291
18190 292 293
6191 294 295
16202 296 297
20055 298 299
4886 300 301
29869 302 303
10322 304 305
5699 306 307
24389 308 309
2600 310 311
14688 312 313
15255 314 315
24182 316 317
31426 318 319
17189 320 321
2368 322 323
3434 324 325
9512 326 327
16139 328 329
25996 330 331
17437 332 333
193 334 335
24488 336 337
25734 338 339
20671 340 341
4313 342 343
10808 344 345
4313 346 347
23646 348 349
4144 350 351
11173 352 353
21659 354 355
20024 356 357
4745 358 359
28022 360 361
18787 362 363
10202 364 365
4414 366 367
20159 368 369
7487 370 371
17773 372 373
2668 374 375
29213 376 377
4099 378 379
1924 380 381
13061 382 383
142 384 385
13064 386 387
22413 388 389
29170 390 391
18896 392 393
12550 394 395
21624 396 397
26576 398 399
4678 400 401
25484 402 403
23152 404 405
31060 406 407
20315 408 409
12043 410 411
7882 412 413
3487 414 415
25423 416 417
14962 418 419
13261 420 421
1264 422 423
20326 424 425
6411 426 427
29790 428 429
21763 430 431
17713 432 433
8365 434 435
26058 436 437
12760 438 439
21113 440 441
22850 442 443
27384 444 445
31111 446 447
20556 448 449
9357 450 451
23271 452 453
12896 454 455
18696 456 457
24423 458 459
6559 460 461
29855 462 463
16972 464 465
22532 466 467
911 468 469
22848 470 471
23754 472 473
20175 474 475
17870 476 477
15205 478 479
12734 480 481
5556 482 483
6962 484 485
300 486 487
13142 488 489
30877 490 491
18443 492 493
10040 494 495
1017 496 497
30695 498 499
26488 500 501
19497 502 503
19314 504 505
22044 506 507
11192 508 509
12181 510 511
11020 0 0
4596 0 0
27348 0 0
23199 0 0
8281 0 0
4734 0 0
1999 0 0
26418 0 0
18127 0 0
467 0 0
14893 0 0
24648 0 0
2421 0 0
14310 0 0
22813 0 0
9514 0 0
20600 0 0
5249 0 0
31556 0 0
22798 0 0
11008 0 0
5844 0 0
14989 0 0
32702 0 0
14343 0 0
30523 0 0
29314 0 0
9503 0 0
13458 0 0
6618 0 0
19796 0 0
14798 0 0
20472 0 0
23622 0 0
12292 0 0
6038 0 0
29657 0 0
7958 0 0
19815 0 0
22888 0 0
2634 0 0
24272 0 0
20328 0 0
22646 0 0
18875 0 0
28433 0 0
20142 0 0
23844 0 0
18651 0 0
10021 0 0
3557 0 0
28476 0 0
5075 0 0
10712 0 0
2510 0 0
21003 0 0
13401 0 0
9789 0 0
16423 0 0
5002 0 0
10285 0 0
27088 0 0
28617 0 0
23757 0 0
19976 0 0
31329 0 0
28692 0 0
21425 0 0
16549 0 0
7441 0 0
30145 0 0
18060 0 0
12423 0 0
16279 0 0
16687 0 0
12529 0 0
19866 0 0
12949 0 0
23195 0 0
3297 0 0
16282 0 0
12455 0 0
18114 0 0
11701 0 0
5786 0 0
12263 0 0
24355 0 0
31185 0 0
1832 0 0
20945 0 0
27756 0 0
28321 0 0
27982 0 0
481 0 0
23196 0 0
20222 0 0
10466 0 0
12044 0 0
26292 0 0
26439 0 0
26154 0 0
29510 0 0
20649 0 0
13186 0 0
2168 0 0
14018 0 0
9905 0 0
17958 0 0
3625 0 0
26477 0 0
9314 0 0
25824 0 0
11833 0 0
28070 0 0
28297 0 0
7518 0 0
32270 0 0
1763 0 0
17192 0 0
13985 0 0
7627 0 0
4802 0 0
30527 0 0
2625 0 0
11023 0 0
29972 0 0
14181 0 0
31003 0 0
17222 0 0
31286 0 0
7900 0 0
19187 0 0
30974 0 0
14270 0 0
235 0 0
30833 0 0
4667 0 0
7285 0 0
140 0 0
13694 0 0
28019 0 0
2125 0 0
21694 0 0
22658 0 0
22593 0 0
23851 0 0
1018 0 0
28464 0 0
2800 0 0
18087 0 0
1926 0 0
9010 0 0
9576 0 0
30227 0 0
22758 0 0
7164 0 0
17086 0 0
29565 0 0
29577 0 0
14474 0 0
28520 0 0
6902 0 0
123 0 0
24596 0 0
10195 0 0
32525 0 0
8260 0 0
6202 0 0
29011 0 0
30771 0 0
25547 0 0
21153 0 0
14924 0 0
30188 0 0
4940 0 0
20851 0 0
18958 0 0
17578 0 0
13007 0 0
11477 0 0
6439 0 0
2303 0 0
19357 0 0
2324 0 0
14887 0 0
19801 0 0
14460 0 0
22428 0 0
19405 0 0
6540 0 0
28704 0 0
12835 0 0
23216 0 0
1626 0 0
8526 0 0
13357 0 0
23869 0 0
29361 0 0
13022 0 0
29617 0 0
11585 0 0
24041 0 0
24129 0 0
24229 0 0
8932 0 0
22296 0 0
12053 0 0
16962 0 0
21457 0 0
14369 0 0
2963 0 0
2607 0 0
11635 0 0
10067 0 0
4675 0 0
12938 0 0
6511 0 0
22741 0 0
21459 0 0
17825 0 0
1626 0 0
31934 0 0
31783 0 0
23850 0 0
1637 0 0
26534 0 0
1993 0 0
10176 0 0
10548 0 0
15881 0 0
14413 0 0
16641 0 0
11462 0 0
27611 0 0
20424 0 0
32678 0 0
28296 0 0
12673 0 0
9313 0 0
875 0 0
14932 0 0
28112 0 0
13169 0 0
23831 0 0
28685 0 0
19090 0 0
2589 0 0
25990 0 0
18651 0 0
26740 0 0
11258 0 0
335 0 0
7605 0 0
25264 0 0
28503 0 0
3829 0 0
