1023
512 2 3
256 4 5
768 6 7
128 8 9
384 10 11
640 12 13
896 14 15
64 16 17
192 18 19
320 20 21
448 22 23
576 24 25
704 26 27
832 28 29
960 30 31
32 32 33
96 34 35
160 36 37
224 38 39
288 40 41
352 42 43
416 44 45
480 46 47
544 48 49
608 50 51
672 52 53
736 54 55
800 56 57
864 58 59
928 60 61
992 62 63
16 64 65
48 66 67
80 68 69
112 70 71
144 72 73
176 74 75
208 76 77
240 78 79
272 80 81
304 82 83
336 84 85
368 86 87
400 88 89
432 90 91
464 92 93
496 94 95
528 96 97
560 98 99
592 100 101
624 102 103
656 104 105
688 106 107
720 108 109
752 110 111
784 112 113
816 114 115
848 116 117
880 118 119
912 120 121
944 122 123
976 124 125
1008 126 127
8 128 129
24 130 131
40 132 133
56 134 135
72 136 137
88 138 139
104 140 141
120 142 143
136 144 145
152 146 147
168 148 149
184 150 151
200 152 153
216 154 155
232 156 157
248 158 159
264 160 161
280 162 163
296 164 165
312 166 167
328 168 169
344 170 171
360 172 173
376 174 175
392 176 177
408 178 179
424 180 181
440 182 183
456 184 185
472 186 187
488 188 189
504 190 191
520 192 193
536 194 195
552 196 197
568 198 199
584 200 201
600 202 203
616 204 205
632 206 207
648 208 209
664 210 211
680 212 213
696 214 215
712 216 217
728 218 219
744 220 221
760 222 223
776 224 225
792 226 227
808 228 229
824 230 231
840 232 233
856 234 235
872 236 237
888 238 239
904 240 241
920 242 243
936 244 245
952 246 247
968 248 249
984 250 251
1000 252 253
1016 254 255
4 256 257
12 258 259
20 260 261
28 262 263
36 264 265
44 266 267
52 268 269
60 270 271
68 272 273
76 274 275
84 276 277
92 278 279
100 280 281
108 282 283
116 284 285
124 286 287
132 288 289
140 290 291
148 292 293
156 294 295
164 296 297
172 298 299
180 300 301
188 302 303
196 304 305
204 306 307
212 308 309
220 310 311
228 312 313
236 314 315
244 316 317
252 318 319
260 320 321
268 322 323
276 324 325
284 326 327
292 328 329
300 330 331
308 332 333
316 334 335
324 336 337
332 338 339
340 340 341
348 342 343
356 344 345
364 346 347
372 348 349
380 350 351
388 352 353
396 354 355
404 356 357
412 358 359
420 360 361
428 362 363
436 364 365
444 366 367
452 368 369
460 370 371
468 372 373
476 374 375
484 376 377
492 378 379
500 380 381
508 382 383
516 384 385
524 386 387
532 388 389
540 390 391
548 392 393
556 394 395
564 396 397
572 398 399
580 400 401
588 402 403
596 404 405
604 406 407
612 408 409
620 410 411
628 412 413
636 414 415
644 416 417
652 418 419
660 420 421
668 422 423
676 424 425
684 426 427
692 428 429
700 430 431
708 432 433
716 434 435
724 436 437
732 438 439
740 440 441
748 442 443
756 444 445
764 446 447
772 448 449
780 450 451
788 452 453
796 454 455
804 456 457
812 458 459
820 460 461
828 462 463
836 464 465
844 466 467
852 468 469
860 470 471
868 472 473
876 474 475
884 476 477
892 478 479
900 480 481
908 482 483
916 484 485
924 486 487
932 488 489
940 490 491
948 492 493
956 494 495
964 496 497
972 498 499
980 500 501
988 502 503
996 504 505
1004 506 507
1012 508 509
1020 510 511
2 512 513
6 514 515
10 516 517
14 518 519
18 520 521
22 522 523
26 524 525
30 526 527
34 528 529
38 530 531
42 532 533
46 534 535
50 536 537
54 538 539
58 540 541
62 542 543
66 544 545
70 546 547
74 548 549
78 550 551
82 552 553
86 554 555
90 556 557
94 558 559
98 560 561
102 562 563
106 564 565
110 566 567
114 568 569
118 570 571
122 572 573
126 574 575
130 576 577
134 578 579
138 580 581
142 582 583
146 584 585
150 586 587
154 588 589
158 590 591
162 592 593
166 594 595
170 596 597
174 598 599
178 600 601
182 602 603
186 604 605
190 606 607
194 608 609
198 610 611
202 612 613
206 614 615
210 616 617
214 618 619
218 620 621
222 622 623
226 624 625
230 626 627
234 628 629
238 630 631
242 632 633
246 634 635
250 636 637
254 638 639
258 640 641
262 642 643
266 644 645
270 646 647
274 648 649
278 650 651
282 652 653
286 654 655
290 656 657
294 658 659
298 660 661
302 662 663
306 664 665
310 666 667
314 668 669
318 670 671
322 672 673
326 674 675
330 676 677
334 678 679
338 680 681
342 682 683
346 684 685
350 686 687
354 688 689
358 690 691
362 692 693
366 694 695
370 696 697
374 698 699
378 700 701
382 702 703
386 704 705
390 706 707
394 708 709
398 710 711
402 712 713
406 714 715
410 716 717
414 718 719
418 720 721
422 722 723
426 724 725
430 726 727
434 728 729
438 730 731
442 732 733
446 734 735
450 736 737
454 738 739
458 740 741
462 742 743
466 744 745
470 746 747
474 748 749
478 750 751
482 752 753
486 754 755
490 756 757
494 758 759
498 760 761
502 762 763
506 764 765
510 766 767
514 768 769
518 770 771
522 772 773
526 774 775
530 776 777
534 778 779
538 780 781
542 782 783
546 784 785
550 786 787
554 788 789
558 790 791
562 792 793
566 794 795
570 796 797
574 798 799
578 800 801
582 802 803
586 804 805
590 806 807
594 808 809
598 810 811
602 812 813
606 814 815
610 816 817
614 818 819
618 820 821
622 822 823
626 824 825
630 826 827
634 828 829
638 830 831
642 832 833
646 834 835
650 836 837
654 838 839
658 840 841
662 842 843
666 844 845
670 846 847
674 848 849
678 850 851
682 852 853
686 854 855
690 856 857
694 858 859
698 860 861
702 862 863
706 864 865
710 866 867
714 868 869
718 870 871
722 872 873
726 874 875
730 876 877
734 878 879
738 880 881
742 882 883
746 884 885
750 886 887
754 888 889
758 890 891
762 892 893
766 894 895
770 896 897
774 898 899
778 900 901
782 902 903
786 904 905
790 906 907
794 908 909
798 910 911
802 912 913
806 914 915
810 916 917
814 918 919
818 920 921
822 922 923
826 924 925
830 926 927
834 928 929
838 930 931
842 932 933
846 934 935
850 936 937
854 938 939
858 940 941
862 942 943
866 944 945
870 946 947
874 948 949
878 950 951
882 952 953
886 954 955
890 956 957
894 958 959
898 960 961
902 962 963
906 964 965
910 966 967
914 968 969
918 970 971
922 972 973
926 974 975
930 976 977
934 978 979
938 980 981
942 982 983
946 984 985
950 986 987
954 988 989
958 990 991
962 992 993
966 994 995
970 996 997
974 998 999
978 1000 1001
982 1002 1003
986 1004 1005
990 1006 1007
994 1008 1009
998 1010 1011
1002 1012 1013
1006 1014 1015
1010 1016 1017
1014 1018 1019
1018 1020 1021
1022 1022 1023
1 0 0
3 0 0
5 0 0
7 0 0
9 0 0
11 0 0
13 0 0
15 0 0
17 0 0
19 0 0
21 0 0
23 0 0
25 0 0
27 0 0
29 0 0
31 0 0
33 0 0
35 0 0
37 0 0
39 0 0
41 0 0
43 0 0
45 0 0
47 0 0
49 0 0
51 0 0
53 0 0
55 0 0
57 0 0
59 0 0
61 0 0
63 0 0
65 0 0
67 0 0
69 0 0
71 0 0
73 0 0
75 0 0
77 0 0
79 0 0
81 0 0
83 0 0
85 0 0
87 0 0
89 0 0
91 0 0
93 0 0
95 0 0
97 0 0
99 0 0
101 0 0
103 0 0
105 0 0
107 0 0
109 0 0
111 0 0
113 0 0
115 0 0
117 0 0
119 0 0
121 0 0
123 0 0
125 0 0
127 0 0
129 0 0
131 0 0
133 0 0
135 0 0
137 0 0
139 0 0
141 0 0
143 0 0
145 0 0
147 0 0
149 0 0
151 0 0
153 0 0
155 0 0
157 0 0
159 0 0
161 0 0
163 0 0
165 0 0
167 0 0
169 0 0
171 0 0
173 0 0
175 0 0
177 0 0
179 0 0
181 0 0
183 0 0
185 0 0
187 0 0
189 0 0
191 0 0
193 0 0
195 0 0
197 0 0
199 0 0
201 0 0
203 0 0
205 0 0
207 0 0
209 0 0
211 0 0
213 0 0
215 0 0
217 0 0
219 0 0
221 0 0
223 0 0
225 0 0
227 0 0
229 0 0
231 0 0
233 0 0
235 0 0
237 0 0
239 0 0
241 0 0
243 0 0
245 0 0
247 0 0
249 0 0
251 0 0
253 0 0
255 0 0
257 0 0
259 0 0
261 0 0
263 0 0
265 0 0
267 0 0
269 0 0
271 0 0
273 0 0
275 0 0
277 0 0
279 0 0
281 0 0
283 0 0
285 0 0
287 0 0
289 0 0
291 0 0
293 0 0
295 0 0
297 0 0
299 0 0
301 0 0
303 0 0
305 0 0
307 0 0
309 0 0
311 0 0
313 0 0
315 0 0
317 0 0
319 0 0
321 0 0
323 0 0
325 0 0
327 0 0
329 0 0
331 0 0
333 0 0
335 0 0
337 0 0
339 0 0
341 0 0
343 0 0
345 0 0
347 0 0
349 0 0
351 0 0
353 0 0
355 0 0
357 0 0
359 0 0
361 0 0
363 0 0
365 0 0
367 0 0
369 0 0
371 0 0
373 0 0
375 0 0
377 0 0
379 0 0
381 0 0
383 0 0
385 0 0
387 0 0
389 0 0
391 0 0
393 0 0
395 0 0
397 0 0
399 0 0
401 0 0
403 0 0
405 0 0
407 0 0
409 0 0
411 0 0
413 0 0
415 0 0
417 0 0
419 0 0
421 0 0
423 0 0
425 0 0
427 0 0
429 0 0
431 0 0
433 0 0
435 0 0
437 0 0
439 0 0
441 0 0
443 0 0
445 0 0
447 0 0
449 0 0
451 0 0
453 0 0
455 0 0
457 0 0
459 0 0
461 0 0
463 0 0
465 0 0
467 0 0
469 0 0
471 0 0
473 0 0
475 0 0
477 0 0
479 0 0
481 0 0
483 0 0
485 0 0
487 0 0
489 0 0
491 0 0
493 0 0
495 0 0
497 0 0
499 0 0
501 0 0
503 0 0
505 0 0
507 0 0
509 0 0
511 0 0
513 0 0
515 0 0
517 0 0
519 0 0
521 0 0
523 0 0
525 0 0
527 0 0
529 0 0
531 0 0
533 0 0
535 0 0
537 0 0
539 0 0
541 0 0
543 0 0
545 0 0
547 0 0
549 0 0
551 0 0
553 0 0
555 0 0
557 0 0
559 0 0
561 0 0
563 0 0
565 0 0
567 0 0
569 0 0
571 0 0
573 0 0
575 0 0
577 0 0
579 0 0
581 0 0
583 0 0
585 0 0
587 0 0
589 0 0
591 0 0
593 0 0
595 0 0
597 0 0
599 0 0
601 0 0
603 0 0
605 0 0
607 0 0
609 0 0
611 0 0
613 0 0
615 0 0
617 0 0
619 0 0
621 0 0
623 0 0
625 0 0
627 0 0
629 0 0
631 0 0
633 0 0
635 0 0
637 0 0
639 0 0
641 0 0
643 0 0
645 0 0
647 0 0
649 0 0
651 0 0
653 0 0
655 0 0
657 0 0
659 0 0
661 0 0
663 0 0
665 0 0
667 0 0
669 0 0
671 0 0
673 0 0
675 0 0
677 0 0
679 0 0
681 0 0
683 0 0
685 0 0
687 0 0
689 0 0
691 0 0
693 0 0
695 0 0
697 0 0
699 0 0
701 0 0
703 0 0
705 0 0
707 0 0
709 0 0
711 0 0
713 0 0
715 0 0
717 0 0
719 0 0
721 0 0
723 0 0
725 0 0
727 0 0
729 0 0
731 0 0
733 0 0
735 0 0
737 0 0
739 0 0
741 0 0
743 0 0
745 0 0
747 0 0
749 0 0
751 0 0
753 0 0
755 0 0
757 0 0
759 0 0
761 0 0
763 0 0
765 0 0
767 0 0
769 0 0
771 0 0
773 0 0
775 0 0
777 0 0
779 0 0
781 0 0
783 0 0
785 0 0
787 0 0
789 0 0
791 0 0
793 0 0
795 0 0
797 0 0
799 0 0
801 0 0
803 0 0
805 0 0
807 0 0
809 0 0
811 0 0
813 0 0
815 0 0
817 0 0
819 0 0
821 0 0
823 0 0
825 0 0
827 0 0
829 0 0
831 0 0
833 0 0
835 0 0
837 0 0
839 0 0
841 0 0
843 0 0
845 0 0
847 0 0
849 0 0
851 0 0
853 0 0
855 0 0
857 0 0
859 0 0
861 0 0
863 0 0
865 0 0
867 0 0
869 0 0
871 0 0
873 0 0
875 0 0
877 0 0
879 0 0
881 0 0
883 0 0
885 0 0
887 0 0
889 0 0
891 0 0
893 0 0
895 0 0
897 0 0
899 0 0
901 0 0
903 0 0
905 0 0
907 0 0
909 0 0
911 0 0
913 0 0
915 0 0
917 0 0
919 0 0
921 0 0
923 0 0
925 0 0
927 0 0
929 0 0
931 0 0
933 0 0
935 0 0
937 0 0
939 0 0
941 0 0
943 0 0
945 0 0
947 0 0
949 0 0
951 0 0
953 0 0
955 0 0
957 0 0
959 0 0
961 0 0
963 0 0
965 0 0
967 0 0
969 0 0
971 0 0
973 0 0
975 0 0
977 0 0
979 0 0
981 0 0
983 0 0
985 0 0
987 0 0
989 0 0
991 0 0
993 0 0
995 0 0
997 0 0
999 0 0
1001 0 0
1003 0 0
1005 0 0
1007 0 0
1009 0 0
1011 0 0
1013 0 0
1015 0 0
1017 0 0
1019 0 0
1021 0 0
1023 0 0
