2047
29292 2 3
5997 4 5
16671 6 7
17549 8 9
7585 10 11
8805 12 13
2352 14 15
29556 16 17
24937 18 19
16216 20 21
6193 22 23
32372 24 25
3134 26 27
9658 28 29
19814 30 31
25561 32 33
15748 34 35
28869 36 37
18238 38 39
31450 40 41
11192 42 43
28252 44 45
9815 46 47
30032 48 49
4071 50 51
32671 52 53
3591 54 55
479 56 57
23893 58 59
16090 60 61
1677 62 63
31627 64 65
1769 66 67
19923 68 69
7262 70 71
58 72 73
1528 74 75
26423 76 77
15075 78 79
1615 80 81
958 82 83
1454 84 85
19489 86 87
25011 88 89
20136 90 91
26949 92 93
11777 94 95
3989 96 97
406 98 99
24808 100 101
21979 102 103
1457 104 105
18805 106 107
12189 108 109
7811 110 111
25302 112 113
9850 114 115
22630 116 117
20538 118 119
5427 120 121
27251 122 123
21575 124 125
9412 126 127
6467 128 129
2363 130 131
15262 132 133
2943 134 135
3359 136 137
19375 138 139
22233 140 141
2220 142 143
14700 144 145
26113 146 147
26679 148 149
5602 150 151
27918 152 153
9567 154 155
24515 156 157
19135 158 159
2609 160 161
4460 162 163
5945 164 165
15969 166 167
15869 168 169
9487 170 171
19435 172 173
3264 174 175
1560 176 177
9072 178 179
4680 180 181
27753 182 183
26857 184 185
22214 186 187
31348 188 189
28680 190 191
9320 192 193
15199 194 195
7768 196 197
8106 198 199
13559 200 201
20666 202 203
24199 204 205
7679 206 207
12998 208 209
29151 210 211
8616 212 213
20667 214 215
15787 216 217
14243 218 219
28245 220 221
26803 222 223
32683 224 225
11069 226 227
17022 228 229
13698 230 231
20274 232 233
175 234 235
21476 236 237
11647 238 239
23743 240 241
21085 242 243
22675 244 245
25858 246 247
6724 248 249
4715 250 251
15765 252 253
10819 254 255
29541 256 257
2670 258 259
9010 260 261
1539 262 263
8519 264 265
25087 266 267
12637 268 269
7949 270 271
32257 272 273
23342 274 275
30093 276 277
18230 278 279
5454 280 281
24050 282 283
5402 284 285
25313 286 287
13971 288 289
24774 290 291
10008 292 293
26153 294 295
7864 296 297
14721 298 299
31907 300 301
25345 302 303
10866 304 305
6602 306 307
22336 308 309
15147 310 311
11521 312 313
31923 314 315
2505 316 317
9876 318 319
11064 320 321
19426 322 323
474 324 325
11672 326 327
26806 328 329
28583 330 331
11643 332 333
11027 334 335
681 336 337
14364 338 339
1670 340 341
3503 342 343
6365 344 345
11599 346 347
3497 348 349
19854 350 351
15834 352 353
73 354 355
10380 356 357
12890 358 359
9198 360 361
17095 362 363
20899 364 365
5651 366 367
20640 368 369
9261 370 371
17282 372 373
31351 374 375
12503 376 377
18318 378 379
19926 380 381
24353 382 383
23165 384 385
14788 386 387
11785 388 389
23186 390 391
29022 392 393
20493 394 395
3656 396 397
12933 398 399
9156 400 401
5340 402 403
4141 404 405
17922 406 407
29105 408 409
12244 410 411
23990 412 413
23487 414 415
3545 416 417
11197 418 419
23015 420 421
23154 422 423
5750 424 425
3855 426 427
30836 428 429
2136 430 431
31490 432 433
23639 434 435
7349 436 437
29126 438 439
9467 440 441
1570 442 443
3388 444 445
2257 446 447
18990 448 449
23941 450 451
5154 452 453
29731 454 455
7240 456 457
16857 458 459
11267 460 461
19864 462 463
12993 464 465
4883 466 467
30581 468 469
24459 470 471
21555 472 473
27273 474 475
11149 476 477
23967 478 479
1604 480 481
26 482 483
23390 484 485
6646 486 487
13336 488 489
13573 490 491
20829 492 493
19203 494 495
25981 496 497
821 498 499
17615 500 501
18133 502 503
5767 504 505
32018 506 507
14318 508 509
1988 510 511
26129 512 513
8683 514 515
26428 516 517
6287 518 519
22171 520 521
7591 522 523
303 524 525
17864 526 527
13985 528 529
28318 530 531
28570 532 533
26969 534 535
22409 536 537
32060 538 539
12843 540 541
18035 542 543
24766 544 545
20355 546 547
8075 548 549
14606 550 551
16565 552 553
6652 554 555
17841 556 557
5662 558 559
16303 560 561
4213 562 563
24155 564 565
14902 566 567
6923 568 569
23971 570 571
6698 572 573
6234 574 575
26264 576 577
30212 578 579
8380 580 581
25898 582 583
12941 584 585
7200 586 587
14295 588 589
3309 590 591
29421 592 593
29087 594 595
6064 596 597
32745 598 599
24307 600 601
4084 602 603
14708 604 605
7958 606 607
17659 608 609
12022 610 611
30807 612 613
18352 614 615
18397 616 617
4449 618 619
25162 620 621
23146 622 623
475 624 625
19557 626 627
28350 628 629
1278 630 631
13337 632 633
30568 634 635
23826 636 637
943 638 639
9166 640 641
15589 642 643
28510 644 645
25391 646 647
6972 648 649
30195 650 651
23439 652 653
1908 654 655
8166 656 657
30974 658 659
26948 660 661
32182 662 663
7534 664 665
16828 666 667
11408 668 669
21313 670 671
27465 672 673
22830 674 675
1381 676 677
20169 678 679
32528 680 681
2742 682 683
14867 684 685
18598 686 687
32075 688 689
8928 690 691
11837 692 693
21794 694 695
23243 696 697
30648 698 699
9990 700 701
3340 702 703
1840 704 705
13392 706 707
20193 708 709
13578 710 711
27008 712 713
14196 714 715
31163 716 717
6813 718 719
27032 720 721
241 722 723
7296 724 725
12750 726 727
11784 728 729
7514 730 731
10986 732 733
5874 734 735
26052 736 737
23183 738 739
12578 740 741
170 742 743
27007 744 745
17641 746 747
19447 748 749
27666 750 751
10861 752 753
15821 754 755
9135 756 757
6922 758 759
25678 760 761
5716 762 763
1181 764 765
2529 766 767
15431 768 769
27171 770 771
30109 772 773
3684 774 775
14486 776 777
6085 778 779
14507 780 781
10268 782 783
19413 784 785
13289 786 787
8217 788 789
15084 790 791
3343 792 793
20968 794 795
23779 796 797
11874 798 799
5602 800 801
21962 802 803
12076 804 805
19097 806 807
23588 808 809
22012 810 811
24512 812 813
13290 814 815
24791 816 817
15987 818 819
31063 820 821
21047 822 823
32588 824 825
23589 826 827
27196 828 829
24962 830 831
13597 832 833
29264 834 835
23692 836 837
17421 838 839
8055 840 841
3822 842 843
24604 844 845
29733 846 847
20489 848 849
23224 850 851
6734 852 853
14119 854 855
24125 856 857
14091 858 859
4580 860 861
20476 862 863
3239 864 865
24176 866 867
29515 868 869
12581 870 871
2702 872 873
24637 874 875
19410 876 877
2663 878 879
32425 880 881
29617 882 883
8636 884 885
26819 886 887
18915 888 889
1775 890 891
25333 892 893
24271 894 895
10002 896 897
16742 898 899
1847 900 901
20061 902 903
3529 904 905
13049 906 907
6747 908 909
25679 910 911
21911 912 913
19178 914 915
2883 916 917
9273 918 919
11749 920 921
29130 922 923
6407 924 925
31071 926 927
28782 928 929
31151 930 931
23661 932 933
16840 934 935
26787 936 937
10700 938 939
11622 940 941
19567 942 943
24917 944 945
29065 946 947
18792 948 949
13694 950 951
30931 952 953
20123 954 955
10816 956 957
18684 958 959
10599 960 961
27809 962 963
25089 964 965
25395 966 967
31250 968 969
30862 970 971
20889 972 973
20778 974 975
16334 976 977
1071 978 979
4712 980 981
19539 982 983
2645 984 985
32072 986 987
23277 988 989
20736 990 991
27700 992 993
24016 994 995
7058 996 997
8891 998 999
12536 1000 1001
11829 1002 1003
22885 1004 1005
14878 1006 1007
15407 1008 1009
621 1010 1011
15621 1012 1013
12927 1014 1015
2290 1016 1017
26814 1018 1019
7441 1020 1021
7056 1022 1023
31240 1024 1025
20601 1026 1027
8213 1028 1029
5601 1030 1031
28027 1032 1033
18786 1034 1035
23847 1036 1037
21221 1038 1039
27489 1040 1041
25542 1042 1043
6704 1044 1045
750 1046 1047
11422 1048 1049
13584 1050 1051
22913 1052 1053
28712 1054 1055
28289 1056 1057
18540 1058 1059
27870 1060 1061
21132 1062 1063
29763 1064 1065
14423 1066 1067
14015 1068 1069
21543 1070 1071
26463 1072 1073
1588 1074 1075
21221 1076 1077
20888 1078 1079
21430 1080 1081
27067 1082 1083
32226 1084 1085
9853 1086 1087
4944 1088 1089
32726 1090 1091
31001 1092 1093
18584 1094 1095
17913 1096 1097
21948 1098 1099
26173 1100 1101
6705 1102 1103
16036 1104 1105
30814 1106 1107
23936 1108 1109
1355 1110 1111
14625 1112 1113
4186 1114 1115
21634 1116 1117
21416 1118 1119
16634 1120 1121
148 1122 1123
27109 1124 1125
21080 1126 1127
31361 1128 1129
3676 1130 1131
3561 1132 1133
1282 1134 1135
3831 1136 1137
20259 1138 1139
30003 1140 1141
26504 1142 1143
5589 1144 1145
19037 1146 1147
12508 1148 1149
6493 1150 1151
15117 1152 1153
7815 1154 1155
29288 1156 1157
16085 1158 1159
29815 1160 1161
18115 1162 1163
23073 1164 1165
18132 1166 1167
15790 1168 1169
28 1170 1171
5071 1172 1173
1071 1174 1175
32168 1176 1177
15629 1178 1179
4693 1180 1181
10116 1182 1183
8405 1184 1185
7516 1186 1187
27681 1188 1189
5686 1190 1191
29309 1192 1193
29873 1194 1195
31762 1196 1197
4806 1198 1199
23481 1200 1201
26630 1202 1203
23556 1204 1205
29996 1206 1207
248 1208 1209
5131 1210 1211
24722 1212 1213
1052 1214 1215
32498 1216 1217
7462 1218 1219
1146 1220 1221
3925 1222 1223
4098 1224 1225
14600 1226 1227
20448 1228 1229
28315 1230 1231
31418 1232 1233
13851 1234 1235
16925 1236 1237
24520 1238 1239
1655 1240 1241
22361 1242 1243
8714 1244 1245
19569 1246 1247
15615 1248 1249
12570 1250 1251
28962 1252 1253
12549 1254 1255
14333 1256 1257
19737 1258 1259
12393 1260 1261
28164 1262 1263
10004 1264 1265
28664 1266 1267
19281 1268 1269
18373 1270 1271
28396 1272 1273
14640 1274 1275
32611 1276 1277
8419 1278 1279
16893 1280 1281
30300 1282 1283
13161 1284 1285
27358 1286 1287
10422 1288 1289
30910 1290 1291
15495 1292 1293
1364 1294 1295
26821 1296 1297
21577 1298 1299
27594 1300 1301
754 1302 1303
13428 1304 1305
5967 1306 1307
17223 1308 1309
5204 1310 1311
18700 1312 1313
21787 1314 1315
3447 1316 1317
26222 1318 1319
12723 1320 1321
14776 1322 1323
23856 1324 1325
4324 1326 1327
15677 1328 1329
21991 1330 1331
7727 1332 1333
10697 1334 1335
5545 1336 1337
30238 1338 1339
22501 1340 1341
2111 1342 1343
20267 1344 1345
18634 1346 1347
24901 1348 1349
13877 1350 1351
16590 1352 1353
8023 1354 1355
2327 1356 1357
28182 1358 1359
5651 1360 1361
9860 1362 1363
8610 1364 1365
18434 1366 1367
24865 1368 1369
9257 1370 1371
28458 1372 1373
32756 1374 1375
7586 1376 1377
8360 1378 1379
29492 1380 1381
6766 1382 1383
21892 1384 1385
29352 1386 1387
6608 1388 1389
17432 1390 1391
27649 1392 1393
189 1394 1395
9523 1396 1397
28633 1398 1399
25697 1400 1401
22578 1402 1403
13487 1404 1405
8483 1406 1407
31497 1408 1409
31540 1410 1411
13210 1412 1413
26979 1414 1415
1620 1416 1417
31276 1418 1419
11159 1420 1421
159 1422 1423
27967 1424 1425
18503 1426 1427
12074 1428 1429
19019 1430 1431
16683 1432 1433
25452 1434 1435
2862 1436 1437
20615 1438 1439
14387 1440 1441
3517 1442 1443
18882 1444 1445
31758 1446 1447
9916 1448 1449
13579 1450 1451
14007 1452 1453
2995 1454 1455
15565 1456 1457
6172 1458 1459
10168 1460 1461
5973 1462 1463
2144 1464 1465
26517 1466 1467
15791 1468 1469
8146 1470 1471
236 1472 1473
31226 1474 1475
8394 1476 1477
3065 1478 1479
21078 1480 1481
4611 1482 1483
29975 1484 1485
6149 1486 1487
27432 1488 1489
28522 1490 1491
7231 1492 1493
6479 1494 1495
24208 1496 1497
25759 1498 1499
8486 1500 1501
29614 1502 1503
22431 1504 1505
14197 1506 1507
17296 1508 1509
24455 1510 1511
11376 1512 1513
24998 1514 1515
10635 1516 1517
8153 1518 1519
6450 1520 1521
14199 1522 1523
10573 1524 1525
6473 1526 1527
4287 1528 1529
18643 1530 1531
9981 1532 1533
4381 1534 1535
9658 1536 1537
26578 1538 1539
18166 1540 1541
31020 1542 1543
17984 1544 1545
21617 1546 1547
9168 1548 1549
12097 1550 1551
19199 1552 1553
18271 1554 1555
318 1556 1557
7267 1558 1559
4360 1560 1561
26431 1562 1563
4693 1564 1565
31311 1566 1567
5000 1568 1569
30038 1570 1571
31647 1572 1573
16584 1574 1575
9501 1576 1577
15665 1578 1579
19095 1580 1581
3964 1582 1583
22593 1584 1585
14868 1586 1587
3251 1588 1589
28768 1590 1591
20663 1592 1593
27936 1594 1595
7720 1596 1597
8976 1598 1599
17832 1600 1601
7375 1602 1603
21080 1604 1605
31202 1606 1607
9058 1608 1609
8546 1610 1611
8880 1612 1613
23400 1614 1615
12481 1616 1617
19396 1618 1619
18136 1620 1621
25043 1622 1623
9248 1624 1625
23717 1626 1627
3335 1628 1629
21895 1630 1631
18661 1632 1633
8753 1634 1635
7042 1636 1637
11420 1638 1639
7229 1640 1641
4769 1642 1643
1594 1644 1645
3276 1646 1647
24710 1648 1649
29221 1650 1651
23955 1652 1653
5006 1654 1655
29033 1656 1657
19779 1658 1659
18965 1660 1661
11807 1662 1663
14218 1664 1665
7372 1666 1667
28801 1668 1669
7604 1670 1671
19771 1672 1673
22363 1674 1675
23445 1676 1677
16741 1678 1679
3393 1680 1681
19882 1682 1683
32707 1684 1685
144 1686 1687
4623 1688 1689
21724 1690 1691
28223 1692 1693
18846 1694 1695
27338 1696 1697
14697 1698 1699
1908 1700 1701
31920 1702 1703
9561 1704 1705
8184 1706 1707
6741 1708 1709
12779 1710 1711
24118 1712 1713
32119 1714 1715
20556 1716 1717
21901 1718 1719
14875 1720 1721
28074 1722 1723
30041 1724 1725
16290 1726 1727
14893 1728 1729
10681 1730 1731
18479 1732 1733
32468 1734 1735
27621 1736 1737
15722 1738 1739
24399 1740 1741
1023 1742 1743
8707 1744 1745
10687 1746 1747
18413 1748 1749
31690 1750 1751
19877 1752 1753
27189 1754 1755
20722 1756 1757
16360 1758 1759
26867 1760 1761
13063 1762 1763
9099 1764 1765
31203 1766 1767
9458 1768 1769
9405 1770 1771
7975 1772 1773
31495 1774 1775
7450 1776 1777
25791 1778 1779
24642 1780 1781
17954 1782 1783
893 1784 1785
4750 1786 1787
19611 1788 1789
21641 1790 1791
15568 1792 1793
6135 1794 1795
22194 1796 1797
20178 1798 1799
7469 1800 1801
31913 1802 1803
25385 1804 1805
9462 1806 1807
31552 1808 1809
3730 1810 1811
14118 1812 1813
19552 1814 1815
7511 1816 1817
10498 1818 1819
28053 1820 1821
31088 1822 1823
9492 1824 1825
15477 1826 1827
5220 1828 1829
26798 1830 1831
1662 1832 1833
19420 1834 1835
25841 1836 1837
3917 1838 1839
65 1840 1841
25619 1842 1843
13028 1844 1845
23152 1846 1847
12295 1848 1849
18490 1850 1851
25236 1852 1853
16840 1854 1855
32203 1856 1857
19662 1858 1859
18423 1860 1861
6640 1862 1863
22659 1864 1865
32651 1866 1867
17209 1868 1869
29250 1870 1871
3271 1872 1873
12504 1874 1875
530 1876 1877
205 1878 1879
14398 1880 1881
12935 1882 1883
18493 1884 1885
7746 1886 1887
16371 1888 1889
13758 1890 1891
726 1892 1893
12759 1894 1895
16193 1896 1897
17103 1898 1899
24668 1900 1901
989 1902 1903
669 1904 1905
25449 1906 1907
1443 1908 1909
22861 1910 1911
11393 1912 1913
30953 1914 1915
30792 1916 1917
32469 1918 1919
16474 1920 1921
5158 1922 1923
17889 1924 1925
3818 1926 1927
2503 1928 1929
6840 1930 1931
28641 1932 1933
21109 1934 1935
18686 1936 1937
28128 1938 1939
26424 1940 1941
832 1942 1943
6478 1944 1945
21265 1946 1947
5821 1948 1949
12927 1950 1951
21001 1952 1953
5974 1954 1955
32080 1956 1957
17282 1958 1959
13037 1960 1961
7162 1962 1963
28047 1964 1965
30231 1966 1967
3394 1968 1969
14272 1970 1971
13773 1972 1973
26897 1974 1975
6125 1976 1977
9078 1978 1979
27478 1980 1981
18721 1982 1983
7961 1984 1985
18448 1986 1987
15137 1988 1989
21284 1990 1991
24643 1992 1993
119 1994 1995
25264 1996 1997
8072 1998 1999
14957 2000 2001
13452 2002 2003
12448 2004 2005
16224 2006 2007
15038 2008 2009
32629 2010 2011
6923 2012 2013
23024 2014 2015
10677 2016 2017
14790 2018 2019
18085 2020 2021
20542 2022 2023
30424 2024 2025
24254 2026 2027
12493 2028 2029
9102 2030 2031
14984 2032 2033
25808 2034 2035
13787 2036 2037
25020 2038 2039
16798 2040 2041
16321 2042 2043
18509 2044 2045
19761 2046 2047
27813 0 0
29174 0 0
6077 0 0
20215 0 0
23992 0 0
25824 0 0
23392 0 0
15759 0 0
4084 0 0
10075 0 0
15498 0 0
24970 0 0
32604 0 0
503 0 0
22663 0 0
5706 0 0
18240 0 0
12164 0 0
7619 0 0
20913 0 0
31818 0 0
9232 0 0
25205 0 0
4975 0 0
21098 0 0
11247 0 0
13648 0 0
2971 0 0
11075 0 0
21545 0 0
17546 0 0
18678 0 0
15944 0 0
2865 0 0
23245 0 0
25508 0 0
9601 0 0
28323 0 0
24472 0 0
27152 0 0
29901 0 0
17103 0 0
3527 0 0
11600 0 0
5565 0 0
28 0 0
25347 0 0
2088 0 0
5049 0 0
4681 0 0
11342 0 0
608 0 0
1758 0 0
29954 0 0
14146 0 0
690 0 0
25620 0 0
748 0 0
4536 0 0
20783 0 0
15185 0 0
7038 0 0
25629 0 0
11224 0 0
14955 0 0
23318 0 0
25411 0 0
21025 0 0
22549 0 0
9496 0 0
9515 0 0
17964 0 0
16142 0 0
31196 0 0
25072 0 0
20426 0 0
24429 0 0
32404 0 0
20626 0 0
29812 0 0
14736 0 0
29141 0 0
5994 0 0
8256 0 0
30838 0 0
20482 0 0
21015 0 0
1131 0 0
2011 0 0
32637 0 0
19690 0 0
1650 0 0
10893 0 0
10353 0 0
13452 0 0
14008 0 0
26303 0 0
14256 0 0
11124 0 0
12317 0 0
24028 0 0
29200 0 0
21318 0 0
16858 0 0
15264 0 0
11903 0 0
29643 0 0
26909 0 0
28489 0 0
24948 0 0
13653 0 0
30674 0 0
19369 0 0
3878 0 0
19008 0 0
22619 0 0
21945 0 0
9781 0 0
12392 0 0
32685 0 0
12722 0 0
5938 0 0
6410 0 0
31461 0 0
9961 0 0
3959 0 0
1515 0 0
25269 0 0
16215 0 0
24555 0 0
18330 0 0
3039 0 0
28082 0 0
1954 0 0
20710 0 0
24484 0 0
25951 0 0
6541 0 0
1679 0 0
17110 0 0
788 0 0
23977 0 0
29956 0 0
28689 0 0
1723 0 0
21363 0 0
25184 0 0
24778 0 0
1885 0 0
21974 0 0
11333 0 0
22867 0 0
20825 0 0
9676 0 0
28650 0 0
2598 0 0
4686 0 0
30080 0 0
12249 0 0
26667 0 0
8826 0 0
6816 0 0
27726 0 0
28666 0 0
19964 0 0
1340 0 0
6021 0 0
11662 0 0
20415 0 0
17902 0 0
17124 0 0
23941 0 0
28423 0 0
27531 0 0
12268 0 0
9318 0 0
1012 0 0
21136 0 0
24114 0 0
26809 0 0
12290 0 0
21293 0 0
29152 0 0
1054 0 0
7491 0 0
13712 0 0
30114 0 0
16439 0 0
29704 0 0
6995 0 0
25269 0 0
7479 0 0
28486 0 0
21196 0 0
26633 0 0
12158 0 0
18392 0 0
13037 0 0
10647 0 0
29458 0 0
27830 0 0
29292 0 0
7278 0 0
20799 0 0
13882 0 0
540 0 0
4575 0 0
8762 0 0
19897 0 0
25828 0 0
26816 0 0
24230 0 0
658 0 0
229 0 0
10940 0 0
29560 0 0
20675 0 0
792 0 0
31754 0 0
16398 0 0
26946 0 0
21188 0 0
8638 0 0
27663 0 0
20528 0 0
13234 0 0
905 0 0
9464 0 0
14161 0 0
30524 0 0
17469 0 0
330 0 0
22925 0 0
10910 0 0
16336 0 0
18337 0 0
7636 0 0
30714 0 0
31591 0 0
19949 0 0
16337 0 0
2623 0 0
9970 0 0
25608 0 0
7085 0 0
9152 0 0
28652 0 0
8194 0 0
7572 0 0
6249 0 0
29174 0 0
18819 0 0
1941 0 0
20289 0 0
5565 0 0
3805 0 0
16074 0 0
13509 0 0
19695 0 0
9573 0 0
31172 0 0
17968 0 0
26031 0 0
26268 0 0
30774 0 0
8779 0 0
23552 0 0
4182 0 0
5764 0 0
874 0 0
14902 0 0
28255 0 0
26122 0 0
25547 0 0
9789 0 0
25605 0 0
7950 0 0
16343 0 0
2481 0 0
1012 0 0
5912 0 0
9762 0 0
24408 0 0
4415 0 0
11759 0 0
26434 0 0
29486 0 0
4319 0 0
11367 0 0
17692 0 0
28532 0 0
30556 0 0
5021 0 0
18283 0 0
29331 0 0
2376 0 0
17982 0 0
22018 0 0
9220 0 0
31111 0 0
19490 0 0
8925 0 0
6486 0 0
19677 0 0
22668 0 0
31068 0 0
32196 0 0
7783 0 0
29426 0 0
15871 0 0
17612 0 0
18703 0 0
9508 0 0
7185 0 0
24237 0 0
26443 0 0
8850 0 0
25128 0 0
23650 0 0
28149 0 0
17713 0 0
19793 0 0
25472 0 0
20972 0 0
28442 0 0
5177 0 0
25770 0 0
702 0 0
8823 0 0
2237 0 0
32179 0 0
16595 0 0
12042 0 0
31310 0 0
11058 0 0
7926 0 0
2258 0 0
7213 0 0
25783 0 0
21286 0 0
4472 0 0
7128 0 0
5841 0 0
20718 0 0
10938 0 0
1881 0 0
22750 0 0
28614 0 0
2661 0 0
26063 0 0
20807 0 0
20278 0 0
1386 0 0
7833 0 0
13330 0 0
26048 0 0
12433 0 0
23840 0 0
1735 0 0
19810 0 0
31982 0 0
7328 0 0
11369 0 0
31244 0 0
9252 0 0
11647 0 0
9535 0 0
7208 0 0
22015 0 0
26841 0 0
16100 0 0
19812 0 0
19851 0 0
24474 0 0
29891 0 0
27200 0 0
4919 0 0
17780 0 0
12931 0 0
32544 0 0
899 0 0
22525 0 0
5538 0 0
7492 0 0
2785 0 0
18529 0 0
18805 0 0
28791 0 0
13549 0 0
21578 0 0
30971 0 0
9277 0 0
21497 0 0
13826 0 0
19790 0 0
6582 0 0
20418 0 0
26489 0 0
3449 0 0
12924 0 0
10208 0 0
6477 0 0
15370 0 0
32607 0 0
13722 0 0
12611 0 0
28761 0 0
11056 0 0
13716 0 0
19932 0 0
2741 0 0
4954 0 0
10396 0 0
15460 0 0
10904 0 0
2599 0 0
32584 0 0
7240 0 0
17006 0 0
8670 0 0
25249 0 0
3523 0 0
12105 0 0
29621 0 0
15678 0 0
10178 0 0
25058 0 0
27577 0 0
23729 0 0
24081 0 0
2678 0 0
24676 0 0
3093 0 0
13608 0 0
11243 0 0
29929 0 0
5055 0 0
11191 0 0
8922 0 0
6748 0 0
16446 0 0
31577 0 0
14629 0 0
29916 0 0
15469 0 0
22912 0 0
30693 0 0
9091 0 0
8551 0 0
9487 0 0
28162 0 0
16955 0 0
30180 0 0
16097 0 0
27065 0 0
2513 0 0
16878 0 0
14140 0 0
31947 0 0
2445 0 0
13489 0 0
24750 0 0
3333 0 0
13865 0 0
8896 0 0
16367 0 0
4882 0 0
31810 0 0
2187 0 0
6705 0 0
6321 0 0
6538 0 0
9646 0 0
22276 0 0
30189 0 0
30422 0 0
3455 0 0
2028 0 0
4860 0 0
29253 0 0
29082 0 0
12455 0 0
22106 0 0
8752 0 0
26281 0 0
26021 0 0
15947 0 0
27124 0 0
1774 0 0
29859 0 0
12074 0 0
9253 0 0
1643 0 0
28888 0 0
13232 0 0
4747 0 0
14801 0 0
24961 0 0
20855 0 0
26363 0 0
31561 0 0
23245 0 0
28274 0 0
1550 0 0
2699 0 0
18110 0 0
17465 0 0
7172 0 0
2112 0 0
13476 0 0
8247 0 0
26890 0 0
11293 0 0
17206 0 0
16948 0 0
2206 0 0
3396 0 0
16697 0 0
23694 0 0
15529 0 0
11969 0 0
28978 0 0
4015 0 0
16626 0 0
17906 0 0
25928 0 0
28118 0 0
24390 0 0
12420 0 0
20710 0 0
15813 0 0
27415 0 0
3580 0 0
1331 0 0
8387 0 0
13444 0 0
17827 0 0
28074 0 0
7152 0 0
30271 0 0
19885 0 0
337 0 0
17604 0 0
12677 0 0
542 0 0
17537 0 0
21388 0 0
7355 0 0
3181 0 0
13093 0 0
10987 0 0
10761 0 0
17482 0 0
29447 0 0
10753 0 0
22104 0 0
13525 0 0
30221 0 0
21781 0 0
4872 0 0
27080 0 0
16080 0 0
21411 0 0
13713 0 0
27216 0 0
12079 0 0
17040 0 0
31531 0 0
12259 0 0
26653 0 0
2095 0 0
24365 0 0
26835 0 0
25680 0 0
18455 0 0
5725 0 0
7905 0 0
10440 0 0
21562 0 0
22885 0 0
1836 0 0
10797 0 0
10508 0 0
10080 0 0
31493 0 0
7740 0 0
20474 0 0
24773 0 0
23335 0 0
11072 0 0
707 0 0
22955 0 0
17168 0 0
28315 0 0
16225 0 0
1009 0 0
11455 0 0
18762 0 0
742 0 0
21 0 0
26018 0 0
27368 0 0
9714 0 0
17650 0 0
12759 0 0
3169 0 0
5303 0 0
22640 0 0
8681 0 0
3652 0 0
24033 0 0
32029 0 0
26253 0 0
20083 0 0
15814 0 0
32718 0 0
20652 0 0
18864 0 0
30470 0 0
15005 0 0
21487 0 0
24326 0 0
21323 0 0
6540 0 0
29271 0 0
17945 0 0
28470 0 0
20183 0 0
4978 0 0
24779 0 0
13262 0 0
20135 0 0
2088 0 0
12935 0 0
15993 0 0
14790 0 0
11001 0 0
19105 0 0
24567 0 0
2669 0 0
8838 0 0
14844 0 0
8563 0 0
21028 0 0
14723 0 0
13490 0 0
31601 0 0
24227 0 0
20363 0 0
29301 0 0
7721 0 0
3565 0 0
18610 0 0
495 0 0
15022 0 0
31812 0 0
8738 0 0
15279 0 0
1608 0 0
12654 0 0
24245 0 0
1338 0 0
22290 0 0
31339 0 0
22225 0 0
20078 0 0
31981 0 0
2330 0 0
20594 0 0
29130 0 0
4987 0 0
29445 0 0
21963 0 0
28135 0 0
32209 0 0
21630 0 0
26737 0 0
24474 0 0
27372 0 0
10293 0 0
31056 0 0
27606 0 0
7075 0 0
28382 0 0
30432 0 0
24684 0 0
12279 0 0
18283 0 0
12737 0 0
18028 0 0
20577 0 0
10737 0 0
22795 0 0
16060 0 0
8793 0 0
3432 0 0
5907 0 0
21184 0 0
8719 0 0
26790 0 0
3351 0 0
8329 0 0
22974 0 0
23072 0 0
3053 0 0
17063 0 0
25903 0 0
27005 0 0
1695 0 0
6139 0 0
13998 0 0
21083 0 0
29993 0 0
15826 0 0
23838 0 0
24828 0 0
8978 0 0
11891 0 0
26943 0 0
24834 0 0
20502 0 0
25141 0 0
8346 0 0
15891 0 0
11400 0 0
22816 0 0
13162 0 0
8935 0 0
11382 0 0
26260 0 0
26705 0 0
13874 0 0
32195 0 0
22566 0 0
6038 0 0
18588 0 0
13189 0 0
10542 0 0
21547 0 0
30502 0 0
25023 0 0
17226 0 0
30048 0 0
21051 0 0
25967 0 0
8456 0 0
11531 0 0
29962 0 0
10556 0 0
7531 0 0
8044 0 0
30591 0 0
12319 0 0
6272 0 0
29383 0 0
10133 0 0
23569 0 0
18300 0 0
12078 0 0
3585 0 0
10490 0 0
10103 0 0
17233 0 0
10722 0 0
18990 0 0
30338 0 0
23258 0 0
19047 0 0
4422 0 0
16895 0 0
18008 0 0
12361 0 0
23699 0 0
23188 0 0
4042 0 0
31357 0 0
16345 0 0
4380 0 0
14964 0 0
25710 0 0
20073 0 0
27504 0 0
32703 0 0
28102 0 0
32074 0 0
19149 0 0
2244 0 0
10844 0 0
24065 0 0
26363 0 0
28773 0 0
18470 0 0
5869 0 0
14398 0 0
7103 0 0
27352 0 0
13043 0 0
14522 0 0
1563 0 0
25834 0 0
5651 0 0
28580 0 0
27616 0 0
29876 0 0
14615 0 0
22348 0 0
32179 0 0
31635 0 0
18902 0 0
28262 0 0
19770 0 0
19022 0 0
12686 0 0
28888 0 0
31717 0 0
1892 0 0
10389 0 0
6932 0 0
16081 0 0
2003 0 0
18631 0 0
14589 0 0
18630 0 0
19172 0 0
25428 0 0
29681 0 0
26610 0 0
26177 0 0
6459 0 0
20643 0 0
27633 0 0
27037 0 0
17461 0 0
8290 0 0
22307 0 0
20997 0 0
8890 0 0
16717 0 0
28703 0 0
5566 0 0
18245 0 0
20386 0 0
32765 0 0
19601 0 0
1497 0 0
27283 0 0
18058 0 0
8421 0 0
4287 0 0
27999 0 0
24979 0 0
2138 0 0
2461 0 0
12118 0 0
7540 0 0
18828 0 0
3760 0 0
27098 0 0
10481 0 0
30614 0 0
28596 0 0
19161 0 0
10538 0 0
7670 0 0
16760 0 0
5752 0 0
15433 0 0
32255 0 0
2401 0 0
3034 0 0
10393 0 0
30548 0 0
12933 0 0
30137 0 0
3690 0 0
28211 0 0
32627 0 0
7498 0 0
15248 0 0
3879 0 0
30875 0 0
25598 0 0
25436 0 0
24599 0 0
1731 0 0
18154 0 0
4434 0 0
9385 0 0
16704 0 0
29866 0 0
30308 0 0
28223 0 0
22667 0 0
10048 0 0
13930 0 0
30811 0 0
7195 0 0
506 0 0
17589 0 0
9858 0 0
11447 0 0
40 0 0
9364 0 0
17975 0 0
30066 0 0
26412 0 0
12570 0 0
14676 0 0
29986 0 0
17651 0 0
8187 0 0
20083 0 0
4755 0 0
11381 0 0
25502 0 0
24277 0 0
3565 0 0
3872 0 0
30885 0 0
14428 0 0
10883 0 0
24925 0 0
31260 0 0
5045 0 0
13855 0 0
2520 0 0
24773 0 0
25134 0 0
2737 0 0
9310 0 0
7590 0 0
20356 0 0
10935 0 0
32145 0 0
1825 0 0
18718 0 0
4998 0 0
9905 0 0
1717 0 0
8692 0 0
10946 0 0
19103 0 0
24115 0 0
839 0 0
17199 0 0
19645 0 0
675 0 0
21862 0 0
2480 0 0
11238 0 0
3542 0 0
29608 0 0
20134 0 0
1401 0 0
18382 0 0
20169 0 0
17939 0 0
21138 0 0
31426 0 0
10663 0 0
28862 0 0
16002 0 0
25095 0 0
684 0 0
9507 0 0
13993 0 0
2944 0 0
30259 0 0
17668 0 0
10677 0 0
29857 0 0
23041 0 0
1623 0 0
6915 0 0
17929 0 0
841 0 0
27759 0 0
700 0 0
5093 0 0
24241 0 0
5227 0 0
11798 0 0
10324 0 0
12274 0 0
12170 0 0
6862 0 0
5084 0 0
11909 0 0
27085 0 0
29400 0 0
14193 0 0
23105 0 0
13784 0 0
704 0 0
9834 0 0
10891 0 0
27734 0 0
25190 0 0
17998 0 0
22086 0 0
22597 0 0
21376 0 0
29669 0 0
18108 0 0
26068 0 0
6366 0 0
2438 0 0
12600 0 0
16339 0 0
2556 0 0
4632 0 0
21478 0 0
7239 0 0
28074 0 0
10827 0 0
2554 0 0
13642 0 0
19002 0 0
30104 0 0
13946 0 0
29833 0 0
17708 0 0
6533 0 0
20686 0 0
