33
-879 -837 444 133 771 185 -140 -781 18 718 951 -90 336 457 -218 317 -787 780 712 862 -984 -281 -410 -196 426 -758 383 911 952 328 -819 898 
321 -666 -168 642 -927 365 409 654 622 -429 -445 21 -679 -880 627 -75 872 503 393 205 -683 -705 -37 771 634 -504 610 165 744 -645 934 -980 
-112 832 -748 313 621 98 978 192 -776 291 -131 124 -654 686 814 773 991 723 -380 762 387 874 -696 -593 639 -626 -41 706 196 599 -120 648 
744 781 -211 376 911 -893 -437 -684 -99 877 -157 -753 -441 510 489 827 886 138 -949 11 -402 -547 -226 203 -310 -945 -76 -137 739 76 -338 566 
-213 461 -81 557 -353 -760 -873 921 -709 259 176 762 -723 486 866 152 -803 945 875 932 -535 985 965 641 -16 783 -616 -562 305 460 52 -901 
13 -319 -383 -87 3 209 873 195 228 10 337 -504 -681 -250 658 -164 -484 842 -435 3 93 -948 749 449 626 -963 60 585 325 -637 226 -320 
-137 -304 644 -693 420 249 -526 -297 772 200 -290 833 996 936 -78 780 175 25 403 201 -882 -694 -918 -667 -509 808 310 -308 732 -991 320 -987 
-81 861 -888 603 -658 391 -420 -517 -962 404 187 -101 -851 -179 -839 415 -619 -193 -55 -6 208 -984 309 -837 536 -139 -766 -336 -955 407 -300 -569 
837 -938 641 -547 -274 -644 -643 -647 -917 693 676 164 927 114 -153 986 61 -541 166 396 -879 77 260 0 74 -278 327 771 -928 269 -627 -232 
900 -982 -929 -753 -326 518 -781 978 -255 639 -910 -373 -405 375 734 908 -245 -768 -11 -850 201 -734 -608 696 992 49 -396 -218 -82 463 -265 -643 
265 941 -276 950 370 -23 -924 300 97 -314 538 -584 -968 97 794 -98 414 -71 366 346 -981 -214 -693 967 661 -772 871 780 -349 -373 676 -966 
-425 262 -708 -365 463 668 659 -905 60 -291 -710 148 -796 916 -46 -971 -313 -147 507 363 526 -277 -351 -353 949 -271 -153 -60 160 -883 823 -868 
-375 892 -751 728 -161 463 75 583 265 643 77 -920 -572 965 704 444 187 -193 -208 -879 641 -182 920 -897 -226 868 143 -163 -446 -380 -169 516 
608 -278 -429 -267 521 -919 758 627 -330 -941 -790 -254 -477 -880 480 -932 779 -906 745 373 -634 690 239 -138 359 385 -241 -690 -640 -747 -677 574 
-119 -368 269 -710 99 44 -797 -825 -375 -257 498 2 -193 795 -586 -352 -333 -485 -894 823 -312 60 -645 117 -719 144 -347 -747 -674 -369 -810 210 
-403 609 -295 -287 -952 348 -780 -471 18 164 -353 518 -902 -345 -736 120 594 625 930 -708 -980 -51 977 377 175 968 -862 -937 978 -131 531 -88 
452 -949 34 724 -637 -842 794 -354 379 -735 -4 -656 -284 665 -144 151 805 525 -627 -6 446 925 571 -957 96 178 -686 362 484 -418 303 -376 
-761 -833 -510 252 -211 -35 428 767 77 541 601 770 -522 390 520 862 -711 882 263 -196 17 440 -266 -399 351 597 -220 -627 624 -114 88 739 
325 211 -249 -599 -230 937 769 498 -231 -654 797 712 298 -654 80 -169 -556 892 -611 256 498 -856 400 -743 309 548 364 835 -330 604 350 -343 
-638 528 -276 -992 -750 -57 -406 -841 -460 -648 739 -836 -792 92 -534 -487 -85 254 -948 665 197 -933 -811 532 839 852 519 -589 -34 774 50 -854 
-693 733 -116 -161 -329 -405 426 586 -884 -593 -80 997 687 839 97 -733 540 163 49 -401 920 -930 837 805 -311 -832 584 -994 666 -7 654 439 
-985 -272 -796 334 -23 492 -416 23 121 -63 -970 546 165 -530 481 -322 667 319 -189 943 973 608 315 104 593 311 -960 -652 -659 189 122 763 
508 -93 840 240 -388 -327 466 -944 290 -130 -58 -339 -906 -299 -899 -171 -710 917 143 -270 165 227 584 470 -55 -609 -548 -667 944 704 918 -992 
-756 644 -274 107 482 -419 163 -640 -12 -366 -496 -728 -93 -781 -64 697 -412 -656 -188 -859 800 -545 480 444 566 551 748 -643 -953 -437 -5 792 
-724 -870 623 664 -860 779 -594 -902 -404 -844 -933 567 -407 111 -189 -813 -18 -732 98 -690 -686 823 343 66 494 457 -460 684 618 773 -846 329 
-904 -220 -912 138 581 915 348 21 -86 -134 520 -209 30 924 987 938 272 -843 -148 241 -129 821 -11 879 710 -150 -85 -391 -370 597 404 270 
-293 641 -668 -260 -199 839 513 787 178 311 -908 -508 644 -355 670 -986 -418 -186 115 -490 937 -798 820 922 -582 953 523 870 140 -293 -141 780 
382 581 -914 256 -772 60 -676 -493 298 946 -246 -818 -429 38 -952 374 200 -458 273 -916 -415 515 609 -738 980 688 174 -724 361 -747 -21 525 
168 985 -178 857 857 586 -925 928 565 -110 186 -992 69 108 45 -18 -863 -857 -398 -497 -370 -230 715 -366 272 -676 -940 56 -965 342 506 -671 
-144 -302 -484 -289 -510 930 849 -385 -599 378 877 -383 744 -199 -663 334 -150 -80 766 -713 110 703 -978 -348 327 -741 219 -470 381 -964 -559 -885 
304 -479 357 -282 -287 99 -534 -653 519 821 -970 845 -135 -448 -18 237 306 -323 151 -541 -440 195 734 -726 516 -204 914 69 -544 -997 -643 -332 
142 964 -823 65 246 604 -570 -24 943 -10 616 732 -426 -487 -822 -145 -75 285 -829 460 667 465 -821 -39 706 -888 423 -456 883 326 722 679 
-652 -703 407 -365 943 -454 -44 -290 992 19 464 896 -297 -453 -290 -972 -700 163 -576 449 -598 773 -577 -329 -268 -115 648 -736 -331 -337 257 91 
