17
-563 808 -479 895 746 -858 -513 -14 -364 -165 -445 4 377 -571 607 -663 
-352 -607 -802 -301 -726 925 -142 -235 -209 -843 999 -392 -297 -23 92 56 
918 272 691 726 205 468 949 -108 -385 608 361 225 -802 989 345 -657 
63 -504 -949 -905 303 -70 -683 -877 582 177 -475 -503 405 -568 -755 -475 
-367 35 -662 104 -921 -345 -374 -316 -271 -297 -567 761 397 -890 994 50 
194 626 197 -123 743 -941 336 733 707 747 -144 -61 852 115 -14 454 
686 -73 201 -290 -232 -532 160 -963 924 335 995 -998 -625 -437 -48 290 
769 201 604 466 -634 -828 720 375 737 905 188 -698 351 80 612 691 
149 -867 -614 43 -976 569 -173 -869 744 -326 76 -820 -448 -298 -501 323 
313 959 -725 943 -65 -524 956 875 -322 505 -290 -551 114 -379 -793 -382 
-532 395 -707 -623 491 496 -785 357 630 374 -743 -611 329 639 -847 -596 
853 -126 617 -65 -624 -319 661 806 -611 900 -630 253 855 427 -302 225 
110 -134 788 789 615 -856 -863 249 -984 -81 426 258 -232 125 -80 -58 
-914 -432 -837 -842 -397 4 954 241 -255 -945 890 -940 -786 142 -383 417 
-659 -64 662 802 -685 689 -777 868 -706 551 58 145 619 922 -694 155 
521 -106 -441 -782 -974 -870 456 -750 -404 -992 252 247 620 -939 -779 -656 
455 664 636 422 540 536 -396 -36 196 -389 -70 -155 -454 -697 684 -835 
