27
-199 -876 -987 895 -442 708 285 407 -710 -896 397 -308 -570 -733 -736 -139 -272 911 -517 907 517 -438 90 -75 -355 -697 
-394 -675 198 -615 -543 -545 974 -969 530 -692 -388 -809 60 784 321 -9 -507 -758 349 -942 997 562 386 284 -612 18 
-455 936 -727 808 -582 -79 462 -589 -816 343 -267 232 371 -116 -628 183 -902 -965 -901 -953 -890 -185 -264 -732 170 480 
806 -124 -573 762 -727 15 -691 72 676 -556 779 -638 -204 281 769 -46 -348 343 416 -545 -337 -876 570 -465 -426 -486 
-565 -778 850 -864 746 765 908 -521 -107 823 -169 657 -63 -385 -807 -142 346 978 -53 637 21 -391 781 826 634 -983 
-214 -782 480 -102 -755 456 998 -641 -946 -289 290 712 -546 952 765 445 -745 204 909 -918 -489 889 182 203 941 41 
-34 544 -61 -127 50 660 -315 410 221 -166 -507 -435 339 -128 -733 643 514 737 -465 -112 -821 108 -761 416 67 211 
-591 618 690 -915 -298 378 -772 170 181 -195 -190 303 -198 -771 -881 448 -801 -494 -238 92 893 59 -632 756 909 -199 
-51 790 -24 -553 875 -305 -481 -651 768 219 -57 32 -697 -436 635 476 79 -143 917 373 -46 -239 -256 208 846 887 
-609 173 -355 -185 -623 911 730 -969 -840 374 170 -741 -30 812 818 718 649 889 773 7 -418 -919 -242 906 -32 -228 
806 331 -991 646 812 366 561 -119 -899 940 849 445 634 624 16 -139 291 561 607 422 739 -516 6 333 462 50 
-24 -969 706 822 597 844 -748 -14 -626 383 -288 -883 -931 -533 974 437 -332 -498 -39 -233 859 -608 -76 -305 -80 304 
932 -216 560 250 727 231 -446 574 -995 -619 -169 -231 959 -79 279 -490 -924 -292 -401 548 794 592 318 267 718 774 
-175 41 862 14 818 779 -298 -921 242 -23 -30 715 180 182 134 525 -806 899 -29 -818 570 -539 -870 945 -153 -800 
-72 -822 -548 450 949 728 272 197 -487 -229 -691 671 237 235 484 -537 -336 169 219 739 -650 -270 64 859 44 -20 
-618 -604 777 696 -868 -423 21 42 269 -244 -506 -71 955 337 289 992 -68 -300 -649 262 217 178 106 -758 57 -694 
567 81 -999 -618 -593 -978 42 -255 794 900 -727 52 353 -668 223 346 665 282 -531 -219 106 -843 -819 -491 935 -605 
873 -830 304 -150 689 -993 411 -687 -169 189 763 483 961 -565 573 -408 413 823 -283 -616 656 954 200 340 808 -105 
276 824 -311 -564 995 368 384 -877 393 -509 608 83 207 317 629 79 142 824 -994 107 264 -576 -107 369 -521 302 
310 -764 -389 -724 -91 753 -637 475 -415 343 -229 154 -182 205 -335 501 -809 -912 481 -699 936 -299 -819 795 260 -952 
517 -256 491 -825 -282 643 431 -974 -5 -411 187 -423 527 -837 499 148 538 -66 -197 -199 -593 294 786 -928 258 -61 
148 -359 381 -684 380 -674 482 802 -746 -827 278 54 -762 282 324 -881 -403 -875 783 451 -433 -804 322 -709 -862 743 
-130 -552 -533 77 -64 133 -820 -268 916 -284 -470 344 811 67 -554 509 723 -451 -548 -884 -122 112 546 369 744 -359 
585 632 -482 -185 109 -221 -410 442 544 806 923 143 -10 -537 -12 885 -152 535 652 -405 -97 -506 -328 -250 -533 -478 
-674 582 -922 664 247 102 -826 453 -418 99 368 520 -394 -630 -813 63 -362 818 273 -174 -757 -279 544 -318 -658 -670 
56 -952 307 368 961 260 756 -271 -337 21 -630 -719 -523 -591 -30 553 -572 -22 -546 282 835 -296 405 -389 -668 -690 
-738 -756 -264 267 -977 -214 -612 482 373 -220 575 -929 -642 655 99 -199 -732 754 -547 -868 -719 -151 -152 614 -829 -63 
