33
-603 -451 578 -583 -749 -95 -44 108 -433 453 261 893 -449 232 -739 -723 -621 -682 -108 -715 15 -458 889 -245 -266 -606 386 998 -40 680 -706 141 
-612 976 907 -628 575 -898 -262 625 670 -448 -660 58 -746 835 -117 291 842 215 430 -928 389 -557 -941 -736 -550 -627 -430 695 668 -104 139 -180 
856 -817 916 -254 701 109 -481 98 -93 -325 -824 563 -187 427 -721 -842 -482 727 383 -273 -31 -757 -224 265 767 -254 -751 -347 967 272 592 -347 
829 -423 -632 -688 184 238 -288 -819 -321 -657 903 -763 952 642 263 792 287 -914 -243 229 -245 -817 577 375 787 -309 -752 -558 368 -68 -27 308 
525 740 -579 660 581 294 -772 -579 475 515 -549 -510 723 615 956 -56 -498 973 784 -774 -839 998 337 107 978 -113 330 -430 -804 878 907 -229 
-439 216 783 -398 948 -788 519 668 172 472 911 159 -682 982 -514 -50 862 603 282 -387 119 -57 343 -1 -211 -490 -889 568 -706 585 195 -776 
-564 798 -770 -629 843 -729 618 -878 -532 600 -640 -562 510 875 149 -691 -622 -999 -513 -45 -892 256 -933 -99 -854 762 326 75 6 574 -354 114 
394 -934 -564 584 321 626 657 -499 175 470 -887 73 389 -932 -573 -394 -521 860 752 -228 -465 -355 -943 -942 776 750 -44 -554 -135 -731 347 911 
-924 -570 691 990 940 491 -724 323 219 157 -300 -545 -1 285 -0 -76 806 383 775 -915 -644 -612 -713 570 -347 778 -941 108 25 -440 637 332 
-648 153 177 -76 -756 831 -406 640 -284 231 32 333 -527 -571 -143 -152 -218 -265 -855 582 -735 -789 -80 524 -435 -667 420 342 -108 586 -186 42 
560 -632 547 571 325 -658 792 242 488 765 732 -290 -649 923 -215 -539 -3 -703 -771 -211 547 -143 -382 -847 410 -739 -379 -360 315 553 -458 209 
-155 -454 -826 702 -705 481 -470 -420 451 332 -551 768 549 977 -928 -652 905 394 -795 277 384 -436 457 -78 141 818 -220 763 -77 227 416 498 
425 564 -540 -199 451 -309 526 -964 -292 -3 -140 623 908 867 -495 408 168 -536 -705 -761 -54 -928 -642 -258 997 -225 843 -657 328 -991 -522 74 
-866 412 714 290 622 653 -550 166 -630 -351 -647 -206 -908 227 -630 222 535 -826 -774 -141 864 -377 776 929 -847 -782 649 643 498 -732 -739 605 
-471 944 -873 -703 772 522 629 -817 584 448 725 372 230 194 -545 -11 -252 462 -780 395 619 -43 -197 132 -60 812 536 827 -518 -834 530 -256 
-736 -607 -43 667 959 -426 -351 -208 -774 -866 523 -475 56 -401 -953 190 -62 -140 -996 -1 -628 687 -742 408 506 136 -907 812 821 -180 -858 -693 
652 -349 750 910 740 375 803 129 -318 -678 -692 367 -69 -984 67 676 209 -57 -199 -939 695 568 -749 -797 -553 79 -662 700 338 -157 186 -82 
-716 617 18 662 -171 -878 574 871 835 456 382 -402 -449 -577 -600 -884 438 912 664 687 129 -446 56 -841 -71 460 200 96 -501 -649 -476 89 
-921 -358 373 -650 -809 -946 -752 227 -446 272 243 434 -877 314 764 -732 993 902 166 222 -735 581 -2 581 429 604 -422 -103 -241 -41 193 880 
-762 -20 -841 -103 -710 -87 925 -486 -768 699 -427 -817 537 831 -273 -633 -618 -722 981 25 -820 732 -423 557 496 331 729 324 990 -217 -298 -121 
-232 549 -947 750 432 313 180 -440 922 -808 582 -403 109 -263 -340 506 556 572 883 -73 192 -159 -659 812 641 965 -21 -864 -680 563 254 979 
825 394 715 819 30 -132 -105 380 526 -172 -861 547 -775 243 -677 765 -553 148 149 -845 -156 -622 -546 -885 -733 328 698 325 -743 962 25 -119 
536 500 -673 38 -61 -554 -788 -97 -699 -863 912 -101 216 908 -497 327 852 -647 554 319 -519 -381 422 -818 -141 -741 -661 811 109 -801 -73 707 
-859 -316 -844 -637 583 89 -818 -881 60 -454 -887 -420 615 -891 -513 607 197 767 373 -974 588 195 126 -152 736 -27 310 926 -211 962 -361 -409 
787 -789 755 -343 151 -748 -281 525 729 -16 435 357 -653 -328 939 522 -833 705 382 788 -169 325 -996 -927 -885 -509 546 772 -980 833 -352 391 
816 366 430 -385 -822 -39 -766 318 -325 -123 -708 265 511 -853 -486 -488 503 -158 -856 -240 569 -530 869 -686 -457 8 769 955 848 -296 9 -319 
-939 -995 396 -492 -153 972 -361 52 967 -846 -356 -997 -872 600 368 421 452 -323 -569 309 -596 69 83 -468 823 848 879 -577 746 737 795 -360 
651 -122 -677 -892 -201 57 -654 18 -274 -757 529 909 916 206 -298 -736 -424 899 -799 -472 -554 703 -476 -815 851 -849 277 241 107 41 672 179 
-945 695 -799 313 -522 305 -732 -6 365 929 877 852 326 -804 -489 351 -664 -81 -320 709 -252 -692 -386 -768 910 335 -863 -52 862 592 -104 -943 
315 161 788 -985 173 224 184 309 -860 935 551 -181 283 29 653 -680 -914 -568 -408 498 995 -794 -651 868 -869 128 -37 612 441 -275 -54 -316 
757 467 -168 -636 -710 825 97 -717 876 -845 -201 748 469 17 -4 639 -420 556 -837 818 591 -270 609 156 -98 -549 -701 25 778 475 983 466 
763 -61 -965 -494 -191 616 59 520 -35 233 -977 909 65 -401 -254 -646 -926 -743 -884 146 -345 880 97 173 466 -422 253 896 304 -77 857 59 
329 -890 705 287 -171 609 -158 511 -454 172 -531 -515 -753 -317 616 -615 -675 -325 -323 462 -65 883 -454 960 -342 -69 596 326 950 -465 136 259 
