33
948 401 413 -245 707 313 -982 979 753 -232 -12 -920 715 -399 803 964 -412 2 430 -244 -57 40 518 58 -594 -311 -128 920 -148 525 -784 -734 
614 -542 614 95 -357 -737 619 -717 -51 -486 -71 -979 -632 -782 28 607 -381 969 981 -470 129 609 626 508 593 -471 751 782 -830 -640 -264 -650 
821 -759 -334 67 176 -391 -657 14 968 -508 858 -44 687 101 -4 961 326 -923 251 -619 585 351 -615 851 207 -371 864 514 -427 696 -539 671 
565 1 -97 -889 -722 -286 184 663 -621 368 -23 -970 559 -490 -944 -942 491 63 15 670 234 -526 825 128 805 -334 -369 221 871 -78 -72 966 
-338 713 931 -789 -51 930 -787 953 631 639 -718 -108 432 -585 560 -966 620 85 549 101 382 892 -93 -880 -256 -182 -666 505 594 -670 -825 198 
-135 845 -359 -496 -719 334 554 677 -117 394 592 -314 -987 -521 -66 949 -958 -187 628 -891 835 -711 757 -148 -931 237 -655 -471 -527 -857 -262 -535 
450 -842 -407 238 -783 -7 -74 125 697 205 795 -941 406 931 -174 -306 -249 66 527 518 -900 741 655 473 697 322 -736 721 -101 524 -345 643 
-277 -651 601 744 -801 -960 434 -87 492 144 -979 841 370 -950 98 -955 736 919 22 960 384 243 124 -896 -924 758 -809 -360 -249 55 -537 -687 
-111 722 966 242 828 -701 222 856 -119 782 293 370 60 215 550 311 -165 -444 -389 -697 593 976 3 -958 -481 -368 -276 -991 403 -336 802 333 
945 -0 28 461 421 241 -526 -222 698 194 388 379 159 -858 743 -290 -778 -837 -402 -706 -334 -200 630 701 738 -474 -37 718 493 -751 601 748 
274 -933 -811 630 637 -89 934 476 -849 950 -414 223 -848 -516 -389 307 321 796 -337 -466 -914 675 841 -664 563 898 -492 143 951 -185 899 -597 
91 467 -841 477 -32 256 534 410 690 -123 -22 755 -809 -322 -703 -280 37 -518 969 -956 139 661 976 -890 325 -963 541 371 -710 22 157 47 
-892 52 144 230 -663 -250 -913 313 -841 -286 -362 329 223 -911 397 -624 -670 -701 574 654 -316 917 872 919 -894 -491 -584 -4 -200 148 339 764 
-669 633 -246 618 88 -82 -160 978 421 510 85 799 -772 -419 -683 -255 466 542 -927 -539 -251 702 -867 792 -639 805 523 -147 353 947 -908 -913 
-918 -658 -170 -869 -361 262 863 694 -48 -368 340 516 -638 480 -275 -588 166 -738 -304 -89 252 -778 -799 -50 429 726 -757 403 -602 303 826 -161 
-632 -74 443 -713 -41 -799 -109 -254 -842 -932 779 -337 502 229 385 -541 17 -486 -480 -283 -125 -404 6 734 -632 576 -188 -876 877 603 557 673 
-306 328 90 377 183 -203 -486 949 423 775 551 -612 546 301 727 529 762 484 730 599 176 339 -325 386 -119 179 214 -168 -610 730 -62 -116 
933 -368 637 -590 344 484 -82 -568 -909 968 307 -198 452 -829 512 -469 645 928 830 -16 -212 -843 -95 -46 259 856 -738 385 734 69 -806 -655 
-8 -641 -109 -580 582 151 -485 404 919 84 198 446 -401 -450 455 -775 -410 -517 55 13 540 -676 153 255 919 429 -158 128 -679 505 751 -958 
-525 95 -31 77 -452 -214 -783 247 -572 -196 873 210 -74 298 -768 -365 -302 447 -181 -567 -966 97 838 -55 471 221 376 501 376 -423 -360 -188 
-977 176 429 -308 -11 184 564 388 489 -875 484 -844 655 -7 164 653 -65 416 -482 -157 797 867 987 986 -782 55 792 -109 259 -708 -596 -14 
361 831 -828 2 816 70 915 619 -787 -193 -680 -201 -823 -713 -856 -557 942 -620 735 -762 840 245 -938 -89 -222 -251 306 -55 -259 744 922 600 
-168 -509 -254 -388 -924 -381 426 229 87 -724 -612 -636 -761 50 556 492 678 758 215 -861 -402 -992 -529 905 660 -634 319 941 806 -415 -300 613 
394 -156 231 194 890 127 -182 -12 506 -538 930 0 151 153 -478 374 -517 26 696 -431 -288 -366 98 -476 -466 -524 -731 -872 -833 -108 -194 219 
532 220 786 -648 773 819 -773 256 -665 -209 -786 649 173 657 334 -620 204 -122 -455 952 -806 127 -483 -342 -508 744 942 -452 -772 706 -566 -83 
-577 -647 443 480 128 -465 286 -754 682 -810 -828 435 511 -696 -337 -144 -981 -243 -267 402 762 -536 -22 545 155 617 853 782 -553 -595 879 -372 
-24 -886 -228 917 -12 -576 310 796 -176 -911 208 -711 -344 -905 201 -364 -594 86 -407 259 463 -352 552 -624 277 -965 864 469 610 -659 -97 752 
-865 883 -667 -689 981 -162 931 174 268 585 -576 -333 -356 419 138 196 -287 -848 651 -502 715 835 -412 623 242 109 -876 613 -872 282 681 -388 
595 85 -785 -23 93 -732 -738 -178 575 405 82 652 727 -873 861 54 803 -228 274 -609 826 -744 439 -80 -921 873 289 -820 -773 351 596 948 
209 441 -106 -649 905 -295 820 600 217 -443 -377 522 -140 -402 583 -856 -388 421 -51 560 602 340 -971 39 -681 -578 -4 -193 243 -248 -303 -596 
200 -397 -658 794 471 -363 -762 730 -813 271 -611 298 -775 640 17 17 -784 -126 -258 -832 348 -382 -846 -38 393 -46 420 335 -714 860 766 999 
562 -900 964 187 350 -944 655 -359 -483 961 -434 -832 315 722 -375 454 -237 -539 -671 -404 874 -129 -403 120 -425 -601 438 -350 -118 571 -448 -323 
791 397 -51 57 -598 -548 85 -779 844 -86 998 478 -942 283 371 -582 -489 358 563 754 483 -342 -478 826 -646 -64 -459 -841 887 -265 312 234 
